,Table Name,State Code,District Code,Area Name,Age Group,Total Persons,Total Males,Total Females,Rural Persons,Rural Males,Rural Females,Urban Persons,Urban Males,Urban Females
0,C4114,0,0,India,All ages,1210854977,623270258,587584719,833748852,427781058,405967794,377106125,195489200,181616925
1,C4114,0,0,India,0-4,112806778,58632074,54174704,82986660,43036377,39950283,29820118,15595697,14224421
2,C4114,0,0,India,5-9,126928126,66300466,60627660,93807612,48825259,44982353,33120514,17475207,15645307
3,C4114,0,0,India,10-14,132709212,69418835,63290377,96804494,50488158,46316336,35904718,18930677,16974041
4,C4114,0,0,India,15-19,120526449,63982396,56544053,83902472,44570557,39331915,36623977,19411839,17212138
5,C4114,0,0,India,20-24,111424222,57584693,53839529,73835046,38138662,35696384,37589176,19446031,18143145
6,C4114,0,0,India,25-29,101413965,51344208,50069757,66068270,33375989,32692281,35345695,17968219,17377476
7,C4114,0,0,India,30-34,88594951,44660674,43934277,57911779,28934192,28977587,30683172,15726482,14956690
8,C4114,0,0,India,35-39,85140684,42919381,42221303,56062707,28125561,27937146,29077977,14793820,14284157
9,C4114,0,0,India,40-44,72438112,37545386,34892726,47581008,24565235,23015773,24857104,12980151,11876953
10,C4114,0,0,India,45-49,62318327,32138114,30180213,40688228,20864270,19823958,21630099,11273844,10356255
11,C4114,0,0,India,50-54,49069254,25843266,23225988,32031788,16789547,15242241,17037466,9053719,7983747
12,C4114,0,0,India,55-59,39146055,19456012,19690043,25861514,12536529,13324985,13284541,6919483,6365058
13,C4114,0,0,India,60-64,37663707,18701749,18961958,26291245,12931592,13359653,11372462,5770157,5602305
14,C4114,0,0,India,65-69,26454983,12944326,13510657,18916270,9208311,9707959,7538713,3736015,3802698
15,C4114,0,0,India,70-74,19208842,9651499,9557343,13807600,6978179,6829421,5401242,2673320,2727922
16,C4114,0,0,India,75-79,9232503,4490603,4741900,6383717,3113424,3270293,2848786,1377179,1471607
17,C4114,0,0,India,80+,11289005,5283695,6005310,7894990,3765796,4129194,3394015,1517899,1876116
18,C4114,0,0,India,Age not stated,4489802,2372881,2116921,2913452,1533420,1380032,1576350,839461,736889
19,C4114,1,0,State - JAMMU & KASHMIR (01),All ages,12541302,6640662,5900640,9108060,4774477,4333583,3433242,1866185,1567057
20,C4114,1,0,State - JAMMU & KASHMIR (01),0-4,1414884,763501,651383,1115289,600891,514398,299595,162610,136985
21,C4114,1,0,State - JAMMU & KASHMIR (01),5-9,1411973,746818,665155,1109056,584994,524062,302917,161824,141093
22,C4114,1,0,State - JAMMU & KASHMIR (01),10-14,1413853,744855,668998,1097236,575511,521725,316617,169344,147273
23,C4114,1,0,State - JAMMU & KASHMIR (01),15-19,1237462,640362,597100,926108,477098,449010,311354,163264,148090
24,C4114,1,0,State - JAMMU & KASHMIR (01),20-24,1160913,603578,557335,827361,423292,404069,333552,180286,153266
25,C4114,1,0,State - JAMMU & KASHMIR (01),25-29,1086122,584559,501563,738568,385544,353024,347554,199015,148539
26,C4114,1,0,State - JAMMU & KASHMIR (01),30-34,926903,495746,431157,636137,333062,303075,290766,162684,128082
27,C4114,1,0,State - JAMMU & KASHMIR (01),35-39,837945,441265,396680,568825,294268,274557,269120,146997,122123
28,C4114,1,0,State - JAMMU & KASHMIR (01),40-44,714085,387739,326346,483222,256988,226234,230863,130751,100112
29,C4114,1,0,State - JAMMU & KASHMIR (01),45-49,590790,311560,279230,395959,205036,190923,194831,106524,88307
30,C4114,1,0,State - JAMMU & KASHMIR (01),50-54,468566,255599,212967,319992,173804,146188,148574,81795,66779
31,C4114,1,0,State - JAMMU & KASHMIR (01),55-59,340031,172753,167278,227495,114641,112854,112536,58112,54424
32,C4114,1,0,State - JAMMU & KASHMIR (01),60-64,322726,173427,149299,226005,121240,104765,96721,52187,44534
33,C4114,1,0,State - JAMMU & KASHMIR (01),65-69,203965,102743,101222,140720,70780,69940,63245,31963,31282
34,C4114,1,0,State - JAMMU & KASHMIR (01),70-74,184019,97472,86547,132084,70777,61307,51935,26695,25240
35,C4114,1,0,State - JAMMU & KASHMIR (01),75-79,85076,43094,41982,58918,29980,28938,26158,13114,13044
36,C4114,1,0,State - JAMMU & KASHMIR (01),80+,126870,65844,61026,94242,49712,44530,32628,16132,16496
37,C4114,1,0,State - JAMMU & KASHMIR (01),Age not stated,15119,9747,5372,10843,6859,3984,4276,2888,1388
38,C4114,2,0,State - HIMACHAL PRADESH (02),All ages,6864602,3481873,3382729,6176050,3110345,3065705,688552,371528,317024
39,C4114,2,0,State - HIMACHAL PRADESH (02),0-4,544984,285011,259973,500931,261743,239188,44053,23268,20785
40,C4114,2,0,State - HIMACHAL PRADESH (02),5-9,591177,311457,279720,537559,282441,255118,53618,29016,24602
41,C4114,2,0,State - HIMACHAL PRADESH (02),10-14,639224,338240,300984,580265,305500,274765,58959,32740,26219
42,C4114,2,0,State - HIMACHAL PRADESH (02),15-19,640461,336729,303732,575991,300554,275437,64470,36175,28295
43,C4114,2,0,State - HIMACHAL PRADESH (02),20-24,643866,323720,320146,573439,285167,288272,70427,38553,31874
44,C4114,2,0,State - HIMACHAL PRADESH (02),25-29,589160,290125,299035,523605,255016,268589,65555,35109,30446
45,C4114,2,0,State - HIMACHAL PRADESH (02),30-34,546357,271253,275104,485375,239272,246103,60982,31981,29001
46,C4114,2,0,State - HIMACHAL PRADESH (02),35-39,517966,258230,259736,459275,227906,231369,58691,30324,28367
47,C4114,2,0,State - HIMACHAL PRADESH (02),40-44,445560,222269,223291,394635,195137,199498,50925,27132,23793
48,C4114,2,0,State - HIMACHAL PRADESH (02),45-49,395128,197642,197486,350793,173489,177304,44335,24153,20182
49,C4114,2,0,State - HIMACHAL PRADESH (02),50-54,330687,165724,164963,295411,145792,149619,35276,19932,15344
50,C4114,2,0,State - HIMACHAL PRADESH (02),55-59,266860,135245,131615,240093,119998,120095,26767,15247,11520
51,C4114,2,0,State - HIMACHAL PRADESH (02),60-64,231372,115464,115908,212263,105331,106932,19109,10133,8976
52,C4114,2,0,State - HIMACHAL PRADESH (02),65-69,158607,78387,80220,146096,71950,74146,12511,6437,6074
53,C4114,2,0,State - HIMACHAL PRADESH (02),70-74,130587,62119,68468,120932,57250,63682,9655,4869,4786
54,C4114,2,0,State - HIMACHAL PRADESH (02),75-79,75706,36440,39266,69958,33561,36397,5748,2879,2869
55,C4114,2,0,State - HIMACHAL PRADESH (02),80+,106737,48465,58272,100043,45339,54704,6694,3126,3568
56,C4114,2,0,State - HIMACHAL PRADESH (02),Age not stated,10163,5353,4810,9386,4899,4487,777,454,323
57,C4114,3,0,State - PUNJAB (03),All ages,27743338,14639465,13103873,17344192,9093476,8250716,10399146,5545989,4853157
58,C4114,3,0,State - PUNJAB (03),0-4,2133529,1149956,983573,1351369,729984,621385,782160,419972,362188
59,C4114,3,0,State - PUNJAB (03),5-9,2368019,1301682,1066337,1507022,827905,679117,860997,473777,387220
60,C4114,3,0,State - PUNJAB (03),10-14,2583402,1445530,1137872,1668828,931366,737462,914574,514164,400410
61,C4114,3,0,State - PUNJAB (03),15-19,2817683,1570180,1247503,1814427,1003831,810596,1003256,566349,436907
62,C4114,3,0,State - PUNJAB (03),20-24,2776636,1465531,1311105,1706833,888739,818094,1069803,576792,493011
63,C4114,3,0,State - PUNJAB (03),25-29,2463861,1270405,1193456,1455456,738196,717260,1008405,532209,476196
64,C4114,3,0,State - PUNJAB (03),30-34,2116539,1082533,1034006,1263506,636268,627238,853033,446265,406768
65,C4114,3,0,State - PUNJAB (03),35-39,1989071,1010862,978209,1202842,604249,598593,786229,406613,379616
66,C4114,3,0,State - PUNJAB (03),40-44,1788469,909208,879261,1102644,555906,546738,685825,353302,332523
67,C4114,3,0,State - PUNJAB (03),45-49,1587771,818135,769636,964942,495583,469359,622829,322552,300277
68,C4114,3,0,State - PUNJAB (03),50-54,1254464,663664,590800,749857,397863,351994,504607,265801,238806
69,C4114,3,0,State - PUNJAB (03),55-59,956555,485845,470710,569146,283796,285350,387409,202049,185360
70,C4114,3,0,State - PUNJAB (03),60-64,996590,482483,514107,654729,309825,344904,341861,172658,169203
71,C4114,3,0,State - PUNJAB (03),65-69,719588,372806,346782,496111,257824,238287,223477,114982,108495
72,C4114,3,0,State - PUNJAB (03),70-74,513472,272120,241352,356117,191121,164996,157355,80999,76356
73,C4114,3,0,State - PUNJAB (03),75-79,256666,130203,126463,175972,89364,86608,80694,40839,39855
74,C4114,3,0,State - PUNJAB (03),80+,379501,186050,193451,274781,135823,138958,104720,50227,54493
75,C4114,3,0,State - PUNJAB (03),Age not stated,41522,22272,19250,29610,15833,13777,11912,6439,5473
76,C4114,4,0,State - CHANDIGARH (04),All ages,1055450,580663,474787,28991,17150,11841,1026459,563513,462946
77,C4114,4,0,State - CHANDIGARH (04),0-4,81854,43347,38507,3021,1611,1410,78833,41736,37097
78,C4114,4,0,State - CHANDIGARH (04),5-9,91194,49255,41939,2921,1572,1349,88273,47683,40590
79,C4114,4,0,State - CHANDIGARH (04),10-14,93464,52140,41324,2537,1421,1116,90927,50719,40208
80,C4114,4,0,State - CHANDIGARH (04),15-19,104418,60521,43897,2765,1787,978,101653,58734,42919
81,C4114,4,0,State - CHANDIGARH (04),20-24,121244,68467,52777,3593,2255,1338,117651,66212,51439
82,C4114,4,0,State - CHANDIGARH (04),25-29,110237,60694,49543,3806,2260,1546,106431,58434,47997
83,C4114,4,0,State - CHANDIGARH (04),30-34,90803,49625,41178,3101,1902,1199,87702,47723,39979
84,C4114,4,0,State - CHANDIGARH (04),35-39,83672,45566,38106,2321,1455,866,81351,44111,37240
85,C4114,4,0,State - CHANDIGARH (04),40-44,68921,37268,31653,1547,947,600,67374,36321,31053
86,C4114,4,0,State - CHANDIGARH (04),45-49,60352,32893,27459,1049,638,411,59303,32255,27048
87,C4114,4,0,State - CHANDIGARH (04),50-54,46942,26108,20834,723,415,308,46219,25693,20526
88,C4114,4,0,State - CHANDIGARH (04),55-59,34925,19745,15180,503,272,231,34422,19473,14949
89,C4114,4,0,State - CHANDIGARH (04),60-64,25801,13530,12271,481,277,204,25320,13253,12067
90,C4114,4,0,State - CHANDIGARH (04),65-69,15839,8250,7589,255,140,115,15584,8110,7474
91,C4114,4,0,State - CHANDIGARH (04),70-74,11385,5998,5387,181,96,85,11204,5902,5302
92,C4114,4,0,State - CHANDIGARH (04),75-79,6422,3255,3167,75,43,32,6347,3212,3135
93,C4114,4,0,State - CHANDIGARH (04),80+,7631,3800,3831,106,55,51,7525,3745,3780
94,C4114,4,0,State - CHANDIGARH (04),Age not stated,346,201,145,6,4,2,340,197,143
95,C4114,5,0,State - UTTARAKHAND (05),All ages,10086292,5137773,4948519,7036954,3519042,3517912,3049338,1618731,1430607
96,C4114,5,0,State - UTTARAKHAND (05),0-4,924864,488988,435876,677293,356937,320356,247571,132051,115520
97,C4114,5,0,State - UTTARAKHAND (05),5-9,1058801,560179,498622,770582,404255,366327,288219,155924,132295
98,C4114,5,0,State - UTTARAKHAND (05),10-14,1145343,603274,542069,835418,434578,400840,309925,168696,141229
99,C4114,5,0,State - UTTARAKHAND (05),15-19,1124110,588483,535627,792898,407069,385829,331212,181414,149798
100,C4114,5,0,State - UTTARAKHAND (05),20-24,970068,484614,485454,648027,312431,335596,322041,172183,149858
101,C4114,5,0,State - UTTARAKHAND (05),25-29,810184,397363,412821,529754,253277,276477,280430,144086,136344
102,C4114,5,0,State - UTTARAKHAND (05),30-34,698300,345427,352873,459156,221890,237266,239144,123537,115607
103,C4114,5,0,State - UTTARAKHAND (05),35-39,665500,330834,334666,441348,215242,226106,224152,115592,108560
104,C4114,5,0,State - UTTARAKHAND (05),40-44,566709,285531,281178,378652,187060,191592,188057,98471,89586
105,C4114,5,0,State - UTTARAKHAND (05),45-49,489377,247982,241395,325900,160955,164945,163477,87027,76450
106,C4114,5,0,State - UTTARAKHAND (05),50-54,397158,202024,195134,270074,133037,137037,127084,68987,58097
107,C4114,5,0,State - UTTARAKHAND (05),55-59,318461,151865,166596,221366,100962,120404,97095,50903,46192
108,C4114,5,0,State - UTTARAKHAND (05),60-64,329056,163220,165836,244791,119263,125528,84265,43957,40308
109,C4114,5,0,State - UTTARAKHAND (05),65-69,218759,108412,110347,163102,78840,84262,55657,29572,26085
110,C4114,5,0,State - UTTARAKHAND (05),70-74,163443,80970,82473,124907,60605,64302,38536,20365,18171
111,C4114,5,0,State - UTTARAKHAND (05),75-79,84646,40837,43809,64561,30697,33864,20085,10140,9945
112,C4114,5,0,State - UTTARAKHAND (05),80+,104905,48458,56447,78653,36196,42457,26252,12262,13990
113,C4114,5,0,State - UTTARAKHAND (05),Age not stated,16608,9312,7296,10472,5748,4724,6136,3564,2572
114,C4114,6,0,State - HARYANA (06),All ages,25351462,13494734,11856728,16509359,8774006,7735353,8842103,4720728,4121375
115,C4114,6,0,State - HARYANA (06),0-4,2362519,1283789,1078730,1602923,870623,732300,759596,413166,346430
116,C4114,6,0,State - HARYANA (06),5-9,2498757,1371825,1126932,1679882,920472,759410,818875,451353,367522
117,C4114,6,0,State - HARYANA (06),10-14,2668678,1474136,1194542,1812859,996086,816773,855819,478050,377769
118,C4114,6,0,State - HARYANA (06),15-19,2677390,1487548,1189842,1799991,994391,805600,877399,493157,384242
119,C4114,6,0,State - HARYANA (06),20-24,2567486,1372799,1194687,1658579,889577,769002,908907,483222,425685
120,C4114,6,0,State - HARYANA (06),25-29,2231959,1178340,1053619,1384241,737729,646512,847718,440611,407107
121,C4114,6,0,State - HARYANA (06),30-34,1893591,976844,916747,1174200,605409,568791,719391,371435,347956
122,C4114,6,0,State - HARYANA (06),35-39,1761863,912717,849146,1097613,569510,528103,664250,343207,321043
123,C4114,6,0,State - HARYANA (06),40-44,1505950,790581,715369,947369,495956,451413,558581,294625,263956
124,C4114,6,0,State - HARYANA (06),45-49,1241814,655749,586065,765054,403338,361716,476760,252411,224349
125,C4114,6,0,State - HARYANA (06),50-54,965228,510688,454540,590288,310495,279793,374940,200193,174747
126,C4114,6,0,State - HARYANA (06),55-59,750938,374209,376729,462888,224344,238544,288050,149865,138185
127,C4114,6,0,State - HARYANA (06),60-64,844349,413958,430391,573957,276636,297321,270392,137322,133070
128,C4114,6,0,State - HARYANA (06),65-69,504439,255270,249169,343427,171739,171688,161012,83531,77481
129,C4114,6,0,State - HARYANA (06),70-74,374161,188304,185857,260398,130774,129624,113763,57530,56233
130,C4114,6,0,State - HARYANA (06),75-79,196217,97692,98525,136964,68101,68863,59253,29591,29662
131,C4114,6,0,State - HARYANA (06),80+,274589,133397,141192,198145,97815,100330,76444,35582,40862
132,C4114,6,0,State - HARYANA (06),Age not stated,31534,16888,14646,20581,11011,9570,10953,5877,5076
133,C4114,7,0,State - NCT OF DELHI (07),All ages,16787941,8987326,7800615,419042,226321,192721,16368899,8761005,7607894
134,C4114,7,0,State - NCT OF DELHI (07),0-4,1381200,734336,646864,39125,21481,17644,1342075,712855,629220
135,C4114,7,0,State - NCT OF DELHI (07),5-9,1535972,829487,706485,42594,23698,18896,1493378,805789,687589
136,C4114,7,0,State - NCT OF DELHI (07),10-14,1648147,895446,752701,45883,25479,20404,1602264,869967,732297
137,C4114,7,0,State - NCT OF DELHI (07),15-19,1667375,925118,742257,44367,24916,19451,1623008,900202,722806
138,C4114,7,0,State - NCT OF DELHI (07),20-24,1764060,951411,812649,44407,23805,20602,1719653,927606,792047
139,C4114,7,0,State - NCT OF DELHI (07),25-29,1668326,878196,790130,39250,20584,18666,1629076,857612,771464
140,C4114,7,0,State - NCT OF DELHI (07),30-34,1434699,757455,677244,33833,17431,16402,1400866,740024,660842
141,C4114,7,0,State - NCT OF DELHI (07),35-39,1319244,698455,620789,31648,16738,14910,1287596,681717,605879
142,C4114,7,0,State - NCT OF DELHI (07),40-44,1097197,590858,506339,25962,14180,11782,1071235,576678,494557
143,C4114,7,0,State - NCT OF DELHI (07),45-49,911213,495227,415986,19676,10981,8695,891537,484246,407291
144,C4114,7,0,State - NCT OF DELHI (07),50-54,687469,376222,311247,14347,7917,6430,673122,368305,304817
145,C4114,7,0,State - NCT OF DELHI (07),55-59,508892,269185,239707,10299,5372,4927,498593,263813,234780
146,C4114,7,0,State - NCT OF DELHI (07),60-64,472019,238103,233916,11624,5700,5924,460395,232403,227992
147,C4114,7,0,State - NCT OF DELHI (07),65-69,272452,139398,133054,6123,3125,2998,266329,136273,130056
148,C4114,7,0,State - NCT OF DELHI (07),70-74,189250,94947,94303,4318,2171,2147,184932,92776,92156
149,C4114,7,0,State - NCT OF DELHI (07),75-79,100693,50446,50247,2047,980,1067,98646,49466,49180
150,C4114,7,0,State - NCT OF DELHI (07),80+,113031,53861,59170,3022,1482,1540,110009,52379,57630
151,C4114,7,0,State - NCT OF DELHI (07),Age not stated,16702,9175,7527,517,281,236,16185,8894,7291
152,C4114,8,0,State - RAJASTHAN (08),All ages,68548437,35550997,32997440,51500352,26641747,24858605,17048085,8909250,8138835
153,C4114,8,0,State - RAJASTHAN (08),0-4,7302170,3858574,3443596,5770924,3045730,2725194,1531246,812844,718402
154,C4114,8,0,State - RAJASTHAN (08),5-9,8042738,4258873,3783865,6326379,3336981,2989398,1716359,921892,794467
155,C4114,8,0,State - RAJASTHAN (08),10-14,8380518,4430696,3949822,6537189,3446732,3090457,1843329,983964,859365
156,C4114,8,0,State - RAJASTHAN (08),15-19,7314017,3889874,3424143,5496935,2918083,2578852,1817082,971791,845291
157,C4114,8,0,State - RAJASTHAN (08),20-24,6426494,3377483,3049011,4682761,2471674,2211087,1743733,905809,837924
158,C4114,8,0,State - RAJASTHAN (08),25-29,5348497,2763059,2585438,3832693,1981853,1850840,1515804,781206,734598
159,C4114,8,0,State - RAJASTHAN (08),30-34,4722683,2384569,2338114,3412817,1716111,1696706,1309866,668458,641408
160,C4114,8,0,State - RAJASTHAN (08),35-39,4334564,2201790,2132774,3130395,1585834,1544561,1204169,615956,588213
161,C4114,8,0,State - RAJASTHAN (08),40-44,3735355,1926916,1808439,2704801,1390594,1314207,1030554,536322,494232
162,C4114,8,0,State - RAJASTHAN (08),45-49,3145404,1608512,1536892,2265671,1150068,1115603,879733,458444,421289
163,C4114,8,0,State - RAJASTHAN (08),50-54,2516808,1345007,1171801,1817629,968094,849535,699179,376913,322266
164,C4114,8,0,State - RAJASTHAN (08),55-59,1897449,935866,961583,1383879,668669,715210,513570,267197,246373
165,C4114,8,0,State - RAJASTHAN (08),60-64,1770139,884024,886115,1343329,666272,677057,426810,217752,209058
166,C4114,8,0,State - RAJASTHAN (08),65-69,1260376,589471,670905,971320,448876,522444,289056,140595,148461
167,C4114,8,0,State - RAJASTHAN (08),70-74,1016915,490011,526904,795430,382456,412974,221485,107555,113930
168,C4114,8,0,State - RAJASTHAN (08),75-79,477655,216016,261639,364642,162014,202628,113013,54002,59011
169,C4114,8,0,State - RAJASTHAN (08),80+,587053,252741,334312,449071,193050,256021,137982,59691,78291
170,C4114,8,0,State - RAJASTHAN (08),Age not stated,269602,137515,132087,214487,108656,105831,55115,28859,26256
171,C4114,9,0,State - UTTAR PRADESH (09),All ages,199812341,104480510,95331831,155317278,80992995,74324283,44495063,23487515,21007548
172,C4114,9,0,State - UTTAR PRADESH (09),0-4,20376668,10660474,9716194,16556223,8640363,7915860,3820445,2020111,1800334
173,C4114,9,0,State - UTTAR PRADESH (09),5-9,25061717,13250331,11811386,20362456,10744603,9617853,4699261,2505728,2193533
174,C4114,9,0,State - UTTAR PRADESH (09),10-14,25869881,13679154,12190727,20773940,10962322,9811618,5095941,2716832,2379109
175,C4114,9,0,State - UTTAR PRADESH (09),15-19,23040380,12307573,10732807,17779084,9493418,8285666,5261296,2814155,2447141
176,C4114,9,0,State - UTTAR PRADESH (09),20-24,17578648,9405485,8173163,12989044,6927701,6061343,4589604,2477784,2111820
177,C4114,9,0,State - UTTAR PRADESH (09),25-29,14579829,7466367,7113462,10860729,5531452,5329277,3719100,1934915,1784185
178,C4114,9,0,State - UTTAR PRADESH (09),30-34,12954682,6431401,6523281,9810399,4825061,4985338,3144283,1606340,1537943
179,C4114,9,0,State - UTTAR PRADESH (09),35-39,12556222,6401231,6154991,9523701,4848208,4675493,3032521,1553023,1479498
180,C4114,9,0,State - UTTAR PRADESH (09),40-44,10231402,5395162,4836240,7685262,4053994,3631268,2546140,1341168,1204972
181,C4114,9,0,State - UTTAR PRADESH (09),45-49,8449777,4382148,4067629,6278251,3240893,3037358,2171526,1141255,1030271
182,C4114,9,0,State - UTTAR PRADESH (09),50-54,6587023,3571917,3015106,4912691,2662431,2250260,1674332,909486,764846
183,C4114,9,0,State - UTTAR PRADESH (09),55-59,5464146,2626201,2837945,4166600,1960534,2206066,1297546,665667,631879
184,C4114,9,0,State - UTTAR PRADESH (09),60-64,5705191,2968771,2736420,4555476,2363521,2191955,1149715,605250,544465
185,C4114,9,0,State - UTTAR PRADESH (09),65-69,3839969,1958472,1881497,3116965,1583084,1533881,723004,375388,347616
186,C4114,9,0,State - UTTAR PRADESH (09),70-74,2832368,1535092,1297276,2317686,1262445,1055241,514682,272647,242035
187,C4114,9,0,State - UTTAR PRADESH (09),75-79,1249892,638877,611015,1008251,514186,494065,241641,124691,116950
188,C4114,9,0,State - UTTAR PRADESH (09),80+,1812484,935921,876563,1448090,754399,693691,364394,181522,182872
189,C4114,9,0,State - UTTAR PRADESH (09),Age not stated,1622062,865933,756129,1172430,624380,548050,449632,241553,208079
190,C4114,10,0,State - BIHAR (10),All ages,104099452,54278157,49821295,92341436,48073850,44267586,11758016,6204307,5553709
191,C4114,10,0,State - BIHAR (10),0-4,12765029,6576871,6188158,11600288,5969825,5630463,1164741,607046,557695
192,C4114,10,0,State - BIHAR (10),5-9,15036277,7796359,7239918,13630801,7057963,6572838,1405476,738396,667080
193,C4114,10,0,State - BIHAR (10),10-14,13919882,7323831,6596051,12472947,6563975,5908972,1446935,759856,687079
194,C4114,10,0,State - BIHAR (10),15-19,9472695,5290581,4182114,8243729,4622498,3621231,1228966,668083,560883
195,C4114,10,0,State - BIHAR (10),20-24,8064735,4210585,3854150,7011053,3644529,3366524,1053682,566056,487626
196,C4114,10,0,State - BIHAR (10),25-29,7671705,3828687,3843018,6722688,3340162,3382526,949017,488525,460492
197,C4114,10,0,State - BIHAR (10),30-34,7055737,3510596,3545141,6203044,3074406,3128638,852693,436190,416503
198,C4114,10,0,State - BIHAR (10),35-39,6457261,3308161,3149100,5671251,2902365,2768886,786010,405796,380214
199,C4114,10,0,State - BIHAR (10),40-44,5165692,2756809,2408883,4510868,2404576,2106292,654824,352233,302591
200,C4114,10,0,State - BIHAR (10),45-49,4270374,2209994,2060380,3721533,1918799,1802734,548841,291195,257646
201,C4114,10,0,State - BIHAR (10),50-54,3312740,1808425,1504315,2885694,1575237,1310457,427046,233188,193858
202,C4114,10,0,State - BIHAR (10),55-59,2796678,1330356,1466322,2450329,1151517,1298812,346349,178839,167510
203,C4114,10,0,State - BIHAR (10),60-64,3008008,1559925,1448083,2677437,1385714,1291723,330571,174211,156360
204,C4114,10,0,State - BIHAR (10),65-69,2089779,1103718,986061,1870640,986570,884070,219139,117148,101991
205,C4114,10,0,State - BIHAR (10),70-74,1379531,784383,595148,1231828,701151,530677,147703,83232,64471
206,C4114,10,0,State - BIHAR (10),75-79,550479,297973,252506,486894,263161,223733,63585,34812,28773
207,C4114,10,0,State - BIHAR (10),80+,679348,360594,318754,601387,320855,280532,77961,39739,38222
208,C4114,10,0,State - BIHAR (10),Age not stated,403502,220309,183193,349025,190547,158478,54477,29762,24715
209,C4114,11,0,State - SIKKIM (11),All ages,610577,323070,287507,456999,242797,214202,153578,80273,73305
210,C4114,11,0,State - SIKKIM (11),0-4,42336,21685,20651,32382,16541,15841,9954,5144,4810
211,C4114,11,0,State - SIKKIM (11),5-9,56678,28688,27990,44158,22334,21824,12520,6354,6166
212,C4114,11,0,State - SIKKIM (11),10-14,66923,33965,32958,52191,26588,25603,14732,7377,7355
213,C4114,11,0,State - SIKKIM (11),15-19,66937,33998,32939,50759,25943,24816,16178,8055,8123
214,C4114,11,0,State - SIKKIM (11),20-24,67297,35146,32151,49839,26301,23538,17458,8845,8613
215,C4114,11,0,State - SIKKIM (11),25-29,64639,34700,29939,46628,25475,21153,18011,9225,8786
216,C4114,11,0,State - SIKKIM (11),30-34,52225,28562,23663,37412,20788,16624,14813,7774,7039
217,C4114,11,0,State - SIKKIM (11),35-39,43627,23396,20231,30928,16613,14315,12699,6783,5916
218,C4114,11,0,State - SIKKIM (11),40-44,36552,20170,16382,26111,14402,11709,10441,5768,4673
219,C4114,11,0,State - SIKKIM (11),45-49,29462,16114,13348,21104,11394,9710,8358,4720,3638
220,C4114,11,0,State - SIKKIM (11),50-54,24432,13624,10808,18081,10021,8060,6351,3603,2748
221,C4114,11,0,State - SIKKIM (11),55-59,17541,9913,7628,13219,7390,5829,4322,2523,1799
222,C4114,11,0,State - SIKKIM (11),60-64,13550,7441,6109,10875,5971,4904,2675,1470,1205
223,C4114,11,0,State - SIKKIM (11),65-69,10483,5593,4890,8532,4584,3948,1951,1009,942
224,C4114,11,0,State - SIKKIM (11),70-74,7561,4304,3257,6280,3624,2656,1281,680,601
225,C4114,11,0,State - SIKKIM (11),75-79,4516,2556,1960,3736,2150,1586,780,406,374
226,C4114,11,0,State - SIKKIM (11),80+,4642,2578,2064,3777,2147,1630,865,431,434
227,C4114,11,0,State - SIKKIM (11),Age not stated,1176,637,539,987,531,456,189,106,83
228,C4114,12,0,State - ARUNACHAL PRADESH (12),All ages,1383727,713912,669815,1066358,546011,520347,317369,167901,149468
229,C4114,12,0,State - ARUNACHAL PRADESH (12),0-4,142879,72464,70415,115773,58593,57180,27106,13871,13235
230,C4114,12,0,State - ARUNACHAL PRADESH (12),5-9,171123,86699,84424,138348,70237,68111,32775,16462,16313
231,C4114,12,0,State - ARUNACHAL PRADESH (12),10-14,179359,90439,88920,140026,70980,69046,39333,19459,19874
232,C4114,12,0,State - ARUNACHAL PRADESH (12),15-19,155968,78673,77295,116064,58961,57103,39904,19712,20192
233,C4114,12,0,State - ARUNACHAL PRADESH (12),20-24,131696,66033,65663,97891,49023,48868,33805,17010,16795
234,C4114,12,0,State - ARUNACHAL PRADESH (12),25-29,123714,63366,60348,90931,45974,44957,32783,17392,15391
235,C4114,12,0,State - ARUNACHAL PRADESH (12),30-34,101171,52462,48709,74292,38006,36286,26879,14456,12423
236,C4114,12,0,State - ARUNACHAL PRADESH (12),35-39,94391,48211,46180,69148,34826,34322,25243,13385,11858
237,C4114,12,0,State - ARUNACHAL PRADESH (12),40-44,78603,42861,35742,57742,30631,27111,20861,12230,8631
238,C4114,12,0,State - ARUNACHAL PRADESH (12),45-49,63679,35173,28506,47781,25465,22316,15898,9708,6190
239,C4114,12,0,State - ARUNACHAL PRADESH (12),50-54,46110,26487,19623,36249,20048,16201,9861,6439,3422
240,C4114,12,0,State - ARUNACHAL PRADESH (12),55-59,29886,16996,12890,24559,13401,11158,5327,3595,1732
241,C4114,12,0,State - ARUNACHAL PRADESH (12),60-64,25445,13492,11953,22262,11659,10603,3183,1833,1350
242,C4114,12,0,State - ARUNACHAL PRADESH (12),65-69,14973,7642,7331,13346,6755,6591,1627,887,740
243,C4114,12,0,State - ARUNACHAL PRADESH (12),70-74,10647,5547,5100,9647,5048,4599,1000,499,501
244,C4114,12,0,State - ARUNACHAL PRADESH (12),75-79,5135,2687,2448,4655,2435,2220,480,252,228
245,C4114,12,0,State - ARUNACHAL PRADESH (12),80+,7439,3821,3618,6451,3308,3143,988,513,475
246,C4114,12,0,State - ARUNACHAL PRADESH (12),Age not stated,1509,859,650,1193,661,532,316,198,118
247,C4114,13,0,State - NAGALAND (13),All ages,1978502,1024649,953853,1407536,725472,682064,570966,299177,271789
248,C4114,13,0,State - NAGALAND (13),0-4,197262,101291,95971,147261,75981,71280,50001,25310,24691
249,C4114,13,0,State - NAGALAND (13),5-9,233099,120647,112452,173624,90120,83504,59475,30527,28948
250,C4114,13,0,State - NAGALAND (13),10-14,248671,129237,119434,181149,94658,86491,67522,34579,32943
251,C4114,13,0,State - NAGALAND (13),15-19,229622,117994,111628,161926,83359,78567,67696,34635,33061
252,C4114,13,0,State - NAGALAND (13),20-24,204363,103769,100594,139581,70944,68637,64782,32825,31957
253,C4114,13,0,State - NAGALAND (13),25-29,176901,89598,87303,117131,58588,58543,59770,31010,28760
254,C4114,13,0,State - NAGALAND (13),30-34,149924,76505,73419,100492,50782,49710,49432,25723,23709
255,C4114,13,0,State - NAGALAND (13),35-39,128198,64695,63503,87170,43067,44103,41028,21628,19400
256,C4114,13,0,State - NAGALAND (13),40-44,109261,57653,51608,76029,39211,36818,33232,18442,14790
257,C4114,13,0,State - NAGALAND (13),45-49,87747,47757,39990,61345,32644,28701,26402,15113,11289
258,C4114,13,0,State - NAGALAND (13),50-54,65859,36134,29725,47518,25376,22142,18341,10758,7583
259,C4114,13,0,State - NAGALAND (13),55-59,43398,23741,19657,31751,16898,14853,11647,6843,4804
260,C4114,13,0,State - NAGALAND (13),60-64,36519,19683,16836,28201,14898,13303,8318,4785,3533
261,C4114,13,0,State - NAGALAND (13),65-69,24243,12801,11442,18939,9930,9009,5304,2871,2433
262,C4114,13,0,State - NAGALAND (13),70-74,17593,9260,8333,14353,7550,6803,3240,1710,1530
263,C4114,13,0,State - NAGALAND (13),75-79,10565,5635,4930,8629,4606,4023,1936,1029,907
264,C4114,13,0,State - NAGALAND (13),80+,13806,7400,6406,11163,6128,5035,2643,1272,1371
265,C4114,13,0,State - NAGALAND (13),Age not stated,1471,849,622,1274,732,542,197,117,80
266,C4114,14,0,State - MANIPUR (14),All ages,2855794,1438586,1417208,2021640,1026884,994756,834154,411702,422452
267,C4114,14,0,State - MANIPUR (14),0-4,256682,133160,123522,186405,97094,89311,70277,36066,34211
268,C4114,14,0,State - MANIPUR (14),5-9,291243,149766,141477,215420,111112,104308,75823,38654,37169
269,C4114,14,0,State - MANIPUR (14),10-14,313763,161146,152617,230842,119214,111628,82921,41932,40989
270,C4114,14,0,State - MANIPUR (14),15-19,287008,144495,142513,213039,107906,105133,73969,36589,37380
271,C4114,14,0,State - MANIPUR (14),20-24,281782,139587,142195,204739,102223,102516,77043,37364,39679
272,C4114,14,0,State - MANIPUR (14),25-29,270477,132888,137589,188887,93626,95261,81590,39262,42328
273,C4114,14,0,State - MANIPUR (14),30-34,220954,109678,111276,151922,76143,75779,69032,33535,35497
274,C4114,14,0,State - MANIPUR (14),35-39,198453,98019,100434,135625,67639,67986,62828,30380,32448
275,C4114,14,0,State - MANIPUR (14),40-44,170829,85896,84933,117107,59442,57665,53722,26454,27268
276,C4114,14,0,State - MANIPUR (14),45-49,147030,73917,73113,100201,50660,49541,46829,23257,23572
277,C4114,14,0,State - MANIPUR (14),50-54,120277,60598,59679,80585,41105,39480,39692,19493,20199
278,C4114,14,0,State - MANIPUR (14),55-59,89499,45409,44090,59601,30555,29046,29898,14854,15044
279,C4114,14,0,State - MANIPUR (14),60-64,71897,36567,35330,48223,24875,23348,23674,11692,11982
280,C4114,14,0,State - MANIPUR (14),65-69,46648,23218,23430,31006,15677,15329,15642,7541,8101
281,C4114,14,0,State - MANIPUR (14),70-74,34253,16776,17477,22588,11301,11287,11665,5475,6190
282,C4114,14,0,State - MANIPUR (14),75-79,21428,10663,10765,13656,6961,6695,7772,3702,4070
283,C4114,14,0,State - MANIPUR (14),80+,25794,12571,13223,16142,8208,7934,9652,4363,5289
284,C4114,14,0,State - MANIPUR (14),Age not stated,7777,4232,3545,5652,3143,2509,2125,1089,1036
285,C4114,15,0,State - MIZORAM (15),All ages,1097206,555339,541867,525435,269135,256300,571771,286204,285567
286,C4114,15,0,State - MIZORAM (15),0-4,121233,61541,59692,66972,34077,32895,54261,27464,26797
287,C4114,15,0,State - MIZORAM (15),5-9,117788,59888,57900,64896,33073,31823,52892,26815,26077
288,C4114,15,0,State - MIZORAM (15),10-14,116981,59526,57455,60088,30836,29252,56893,28690,28203
289,C4114,15,0,State - MIZORAM (15),15-19,110343,55907,54436,50257,26000,24257,60086,29907,30179
290,C4114,15,0,State - MIZORAM (15),20-24,111708,55512,56196,50969,25314,25655,60739,30198,30541
291,C4114,15,0,State - MIZORAM (15),25-29,102346,51390,50956,46384,23442,22942,55962,27948,28014
292,C4114,15,0,State - MIZORAM (15),30-34,88374,44341,44033,38740,19801,18939,49634,24540,25094
293,C4114,15,0,State - MIZORAM (15),35-39,72384,36817,35567,31629,16461,15168,40755,20356,20399
294,C4114,15,0,State - MIZORAM (15),40-44,58180,29970,28210,24818,12925,11893,33362,17045,16317
295,C4114,15,0,State - MIZORAM (15),45-49,53175,27028,26147,23045,11983,11062,30130,15045,15085
296,C4114,15,0,State - MIZORAM (15),50-54,44256,22556,21700,20258,10538,9720,23998,12018,11980
297,C4114,15,0,State - MIZORAM (15),55-59,31177,16139,15038,14603,7770,6833,16574,8369,8205
298,C4114,15,0,State - MIZORAM (15),60-64,24480,12357,12123,11736,6110,5626,12744,6247,6497
299,C4114,15,0,State - MIZORAM (15),65-69,16170,8114,8056,7878,4105,3773,8292,4009,4283
300,C4114,15,0,State - MIZORAM (15),70-74,12020,6108,5912,5572,2907,2665,6448,3201,3247
301,C4114,15,0,State - MIZORAM (15),75-79,7784,3884,3900,3599,1876,1723,4185,2008,2177
302,C4114,15,0,State - MIZORAM (15),80+,8174,3882,4292,3711,1763,1948,4463,2119,2344
303,C4114,15,0,State - MIZORAM (15),Age not stated,633,379,254,280,154,126,353,225,128
304,C4114,16,0,State - TRIPURA (16),All ages,3673917,1874376,1799541,2712464,1387173,1325291,961453,487203,474250
305,C4114,16,0,State - TRIPURA (16),0-4,322566,164505,158061,258020,131384,126636,64546,33121,31425
306,C4114,16,0,State - TRIPURA (16),5-9,337735,172541,165194,266430,136049,130381,71305,36492,34813
307,C4114,16,0,State - TRIPURA (16),10-14,357690,183001,174689,282994,144904,138090,74696,38097,36599
308,C4114,16,0,State - TRIPURA (16),15-19,357829,181136,176693,274888,139377,135511,82941,41759,41182
309,C4114,16,0,State - TRIPURA (16),20-24,373177,183779,189398,280876,138466,142410,92301,45313,46988
310,C4114,16,0,State - TRIPURA (16),25-29,344149,175059,169090,252860,129389,123471,91289,45670,45619
311,C4114,16,0,State - TRIPURA (16),30-34,286989,149231,137758,204868,107731,97137,82121,41500,40621
312,C4114,16,0,State - TRIPURA (16),35-39,279342,143051,136291,196129,101658,94471,83213,41393,41820
313,C4114,16,0,State - TRIPURA (16),40-44,238751,124093,114658,164055,85593,78462,74696,38500,36196
314,C4114,16,0,State - TRIPURA (16),45-49,205469,106717,98752,139297,72663,66634,66172,34054,32118
315,C4114,16,0,State - TRIPURA (16),50-54,162186,86627,75559,108302,57982,50320,53884,28645,25239
316,C4114,16,0,State - TRIPURA (16),55-59,116874,61849,55025,76947,40066,36881,39927,21783,18144
317,C4114,16,0,State - TRIPURA (16),60-64,97129,49611,47518,67295,33940,33355,29834,15671,14163
318,C4114,16,0,State - TRIPURA (16),65-69,70480,35044,35436,50426,25067,25359,20054,9977,10077
319,C4114,16,0,State - TRIPURA (16),70-74,52324,25535,26789,37764,18698,19066,14560,6837,7723
320,C4114,16,0,State - TRIPURA (16),75-79,30086,14259,15827,21165,10258,10907,8921,4001,4920
321,C4114,16,0,State - TRIPURA (16),80+,39525,17471,22054,29113,13380,15733,10412,4091,6321
322,C4114,16,0,State - TRIPURA (16),Age not stated,1616,867,749,1035,568,467,581,299,282
323,C4114,17,0,State - MEGHALAYA (17),All ages,2966889,1491832,1475057,2371439,1194260,1177179,595450,297572,297878
324,C4114,17,0,State - MEGHALAYA (17),0-4,406154,205846,200308,351463,177831,173632,54691,28015,26676
325,C4114,17,0,State - MEGHALAYA (17),5-9,389182,197585,191597,331758,168347,163411,57424,29238,28186
326,C4114,17,0,State - MEGHALAYA (17),10-14,382606,193473,189133,315360,159784,155576,67246,33689,33557
327,C4114,17,0,State - MEGHALAYA (17),15-19,326188,164716,161472,254132,129138,124994,72056,35578,36478
328,C4114,17,0,State - MEGHALAYA (17),20-24,285012,139140,145872,217643,105372,112271,67369,33768,33601
329,C4114,17,0,State - MEGHALAYA (17),25-29,251281,124676,126605,191850,94964,96886,59431,29712,29719
330,C4114,17,0,State - MEGHALAYA (17),30-34,189657,95786,93871,142762,72034,70728,46895,23752,23143
331,C4114,17,0,State - MEGHALAYA (17),35-39,174706,87320,87386,133054,66890,66164,41652,20430,21222
332,C4114,17,0,State - MEGHALAYA (17),40-44,145450,73377,72073,111054,56095,54959,34396,17282,17114
333,C4114,17,0,State - MEGHALAYA (17),45-49,123115,63043,60072,94562,48433,46129,28553,14610,13943
334,C4114,17,0,State - MEGHALAYA (17),50-54,88743,45910,42833,67679,35366,32313,21064,10544,10520
335,C4114,17,0,State - MEGHALAYA (17),55-59,60109,30692,29417,45821,23513,22308,14288,7179,7109
336,C4114,17,0,State - MEGHALAYA (17),60-64,50708,25421,25287,39902,20229,19673,10806,5192,5614
337,C4114,17,0,State - MEGHALAYA (17),65-69,35774,17482,18292,28783,14315,14468,6991,3167,3824
338,C4114,17,0,State - MEGHALAYA (17),70-74,23698,11161,12537,18799,9081,9718,4899,2080,2819
339,C4114,17,0,State - MEGHALAYA (17),75-79,12845,5848,6997,9855,4644,5211,2990,1204,1786
340,C4114,17,0,State - MEGHALAYA (17),80+,15877,7027,8850,12181,5623,6558,3696,1404,2292
341,C4114,17,0,State - MEGHALAYA (17),Age not stated,5784,3329,2455,4781,2601,2180,1003,728,275
342,C4114,18,0,State - ASSAM (18),All ages,31205576,15939443,15266133,26807034,13678989,13128045,4398542,2260454,2138088
343,C4114,18,0,State - ASSAM (18),0-4,3212833,1634922,1577911,2900310,1474612,1425698,312523,160310,152213
344,C4114,18,0,State - ASSAM (18),5-9,3544339,1806346,1737993,3191197,1624618,1566579,353142,181728,171414
345,C4114,18,0,State - ASSAM (18),10-14,3491727,1789381,1702346,3099766,1587764,1512002,391961,201617,190344
346,C4114,18,0,State - ASSAM (18),15-19,3068581,1595489,1473092,2664091,1388492,1275599,404490,206997,197493
347,C4114,18,0,State - ASSAM (18),20-24,2909405,1415580,1493825,2477603,1203111,1274492,431802,212469,219333
348,C4114,18,0,State - ASSAM (18),25-29,2815147,1393042,1422105,2386510,1183063,1203447,428637,209979,218658
349,C4114,18,0,State - ASSAM (18),30-34,2330060,1174247,1155813,1949510,984620,964890,380550,189627,190923
350,C4114,18,0,State - ASSAM (18),35-39,2260473,1153679,1106794,1879751,962030,917721,380722,191649,189073
351,C4114,18,0,State - ASSAM (18),40-44,1831206,965463,865743,1507048,793546,713502,324158,171917,152241
352,C4114,18,0,State - ASSAM (18),45-49,1595249,846081,749168,1310964,693457,617507,284285,152624,131661
353,C4114,18,0,State - ASSAM (18),50-54,1192363,642260,550103,974992,519994,454998,217371,122266,95105
354,C4114,18,0,State - ASSAM (18),55-59,856825,458242,398583,702760,371541,331219,154065,86701,67364
355,C4114,18,0,State - ASSAM (18),60-64,775698,394563,381135,649041,327339,321702,126657,67224,59433
356,C4114,18,0,State - ASSAM (18),65-69,503642,253973,249669,422443,211838,210605,81199,42135,39064
357,C4114,18,0,State - ASSAM (18),70-74,385277,196445,188832,327588,166867,160721,57689,29578,28111
358,C4114,18,0,State - ASSAM (18),75-79,184352,96599,87753,153054,80838,72216,31298,15761,15537
359,C4114,18,0,State - ASSAM (18),80+,229575,113237,116338,195387,97407,97980,34188,15830,18358
360,C4114,18,0,State - ASSAM (18),Age not stated,18824,9894,8930,15019,7852,7167,3805,2042,1763
361,C4114,19,0,State - WEST BENGAL (19),All ages,91276115,46809027,44467088,62183113,31844945,30338168,29093002,14964082,14128920
362,C4114,19,0,State - WEST BENGAL (19),0-4,7333143,3743862,3589281,5432943,2770164,2662779,1900200,973698,926502
363,C4114,19,0,State - WEST BENGAL (19),5-9,8247809,4216763,4031046,6048643,3085358,2963285,2199166,1131405,1067761
364,C4114,19,0,State - WEST BENGAL (19),10-14,9156523,4677506,4479017,6677094,3401028,3276066,2479429,1276478,1202951
365,C4114,19,0,State - WEST BENGAL (19),15-19,9058031,4702325,4355706,6442695,3359604,3083091,2615336,1342721,1272615
366,C4114,19,0,State - WEST BENGAL (19),20-24,8758322,4422630,4335692,6042721,3062672,2980049,2715601,1359958,1355643
367,C4114,19,0,State - WEST BENGAL (19),25-29,7997909,4044904,3953005,5354996,2723495,2631501,2642913,1321409,1321504
368,C4114,19,0,State - WEST BENGAL (19),30-34,6841590,3464659,3376931,4452270,2255183,2197087,2389320,1209476,1179844
369,C4114,19,0,State - WEST BENGAL (19),35-39,7012646,3523361,3489285,4596701,2306077,2290624,2415945,1217284,1198661
370,C4114,19,0,State - WEST BENGAL (19),40-44,6153060,3219604,2933456,4024731,2100597,1924134,2128329,1119007,1009322
371,C4114,19,0,State - WEST BENGAL (19),45-49,5335719,2814212,2521507,3422477,1807534,1614943,1913242,1006678,906564
372,C4114,19,0,State - WEST BENGAL (19),50-54,4257880,2317232,1940648,2693913,1469321,1224592,1563967,847911,716056
373,C4114,19,0,State - WEST BENGAL (19),55-59,3268650,1746903,1521747,2048869,1086200,962669,1219781,660703,559078
374,C4114,19,0,State - WEST BENGAL (19),60-64,2745454,1406401,1339053,1746446,881516,864930,999008,524885,474123
375,C4114,19,0,State - WEST BENGAL (19),65-69,1982993,991280,991713,1280414,625865,654549,702579,365415,337164
376,C4114,19,0,State - WEST BENGAL (19),70-74,1390607,686881,703726,876931,421658,455273,513676,265223,248453
377,C4114,19,0,State - WEST BENGAL (19),75-79,739767,360216,379551,456033,217061,238972,283734,143155,140579
378,C4114,19,0,State - WEST BENGAL (19),80+,883561,406536,477025,536855,245245,291610,346706,161291,185415
379,C4114,19,0,State - WEST BENGAL (19),Age not stated,112451,63752,48699,48381,26367,22014,64070,37385,26685
380,C4114,20,0,State - JHARKHAND (20),All ages,32988134,16930315,16057819,25055073,12776486,12278587,7933061,4153829,3779232
381,C4114,20,0,State - JHARKHAND (20),0-4,3648297,1871134,1777163,2956705,1509453,1447252,691592,361681,329911
382,C4114,20,0,State - JHARKHAND (20),5-9,4138425,2117879,2020546,3332668,1695581,1637087,805757,422298,383459
383,C4114,20,0,State - JHARKHAND (20),10-14,4104396,2112627,1991769,3237192,1662046,1575146,867204,450581,416623
384,C4114,20,0,State - JHARKHAND (20),15-19,3205268,1714887,1490381,2359367,1268321,1091046,845901,446566,399335
385,C4114,20,0,State - JHARKHAND (20),20-24,2827622,1431263,1396359,2052259,1031084,1021175,775363,400179,375184
386,C4114,20,0,State - JHARKHAND (20),25-29,2652639,1342314,1310325,1942429,976894,965535,710210,365420,344790
387,C4114,20,0,State - JHARKHAND (20),30-34,2307296,1165866,1141430,1697271,849293,847978,610025,316573,293452
388,C4114,20,0,State - JHARKHAND (20),35-39,2136764,1092675,1044089,1570756,799950,770806,566008,292725,273283
389,C4114,20,0,State - JHARKHAND (20),40-44,1788506,930421,858085,1312316,676548,635768,476190,253873,222317
390,C4114,20,0,State - JHARKHAND (20),45-49,1534094,798966,735128,1122090,580579,541511,412004,218387,193617
391,C4114,20,0,State - JHARKHAND (20),50-54,1186181,620682,565499,861644,447952,413692,324537,172730,151807
392,C4114,20,0,State - JHARKHAND (20),55-59,985234,487604,497630,720551,343784,376767,264683,143820,120863
393,C4114,20,0,State - JHARKHAND (20),60-64,957482,474565,482917,739909,359498,380411,217573,115067,102506
394,C4114,20,0,State - JHARKHAND (20),65-69,635397,317852,317545,502092,246596,255496,133305,71256,62049
395,C4114,20,0,State - JHARKHAND (20),70-74,407108,210878,196230,319521,163601,155920,87587,47277,40310
396,C4114,20,0,State - JHARKHAND (20),75-79,167954,83542,84412,128086,62658,65428,39868,20884,18984
397,C4114,20,0,State - JHARKHAND (20),80+,188737,94908,93829,143253,72523,70730,45484,22385,23099
398,C4114,20,0,State - JHARKHAND (20),Age not stated,116734,62252,54482,56964,30125,26839,59770,32127,27643
399,C4114,21,0,State - ODISHA (21),All ages,41974218,21212136,20762082,34970562,17586203,17384359,7003656,3625933,3377723
400,C4114,21,0,State - ODISHA (21),0-4,3653029,1878127,1774902,3136169,1608566,1527603,516860,269561,247299
401,C4114,21,0,State - ODISHA (21),5-9,4074768,2085339,1989429,3494942,1782516,1712426,579826,302823,277003
402,C4114,21,0,State - ODISHA (21),10-14,4348625,2203535,2145090,3705396,1872543,1832853,643229,330992,312237
403,C4114,21,0,State - ODISHA (21),15-19,3925398,1972684,1952714,3240171,1616989,1623182,685227,355695,329532
404,C4114,21,0,State - ODISHA (21),20-24,3783527,1870939,1912588,3078847,1513663,1565184,704680,357276,347404
405,C4114,21,0,State - ODISHA (21),25-29,3574037,1772876,1801161,2918990,1446384,1472606,655047,326492,328555
406,C4114,21,0,State - ODISHA (21),30-34,3102991,1542233,1560758,2520189,1247203,1272986,582802,295030,287772
407,C4114,21,0,State - ODISHA (21),35-39,3051188,1528685,1522503,2487391,1242592,1244799,563797,286093,277704
408,C4114,21,0,State - ODISHA (21),40-44,2691474,1387920,1303554,2196313,1126384,1069929,495161,261536,233625
409,C4114,21,0,State - ODISHA (21),45-49,2334030,1212366,1121664,1905599,982737,922862,428431,229629,198802
410,C4114,21,0,State - ODISHA (21),50-54,1847812,957524,890288,1516062,776529,739533,331750,180995,150755
411,C4114,21,0,State - ODISHA (21),55-59,1483720,744291,739429,1235630,607411,628219,248090,136880,111210
412,C4114,21,0,State - ODISHA (21),60-64,1474061,737635,736426,1269444,630692,638752,204617,106943,97674
413,C4114,21,0,State - ODISHA (21),65-69,979525,487849,491676,851670,421279,430391,127855,66570,61285
414,C4114,21,0,State - ODISHA (21),70-74,768070,380635,387435,666519,329265,337254,101551,51370,50181
415,C4114,21,0,State - ODISHA (21),75-79,364800,183294,181506,314077,157552,156525,50723,25742,24981
416,C4114,21,0,State - ODISHA (21),80+,397992,204857,193135,337943,175428,162515,60049,29429,30620
417,C4114,21,0,State - ODISHA (21),Age not stated,119171,61347,57824,95210,48470,46740,23961,12877,11084
418,C4114,22,0,State - CHHATTISGARH (22),All ages,25545198,12832895,12712303,19607961,9797426,9810535,5937237,3035469,2901768
419,C4114,22,0,State - CHHATTISGARH (22),0-4,2541065,1286970,1254095,2027687,1022795,1004892,513378,264175,249203
420,C4114,22,0,State - CHHATTISGARH (22),5-9,2758758,1404079,1354679,2206437,1117796,1088641,552321,286283,266038
421,C4114,22,0,State - CHHATTISGARH (22),10-14,2884013,1461185,1422828,2289627,1155074,1134553,594386,306111,288275
422,C4114,22,0,State - CHHATTISGARH (22),15-19,2599842,1319451,1280391,1998051,1009334,988717,601791,310117,291674
423,C4114,22,0,State - CHHATTISGARH (22),20-24,2389497,1193378,1196119,1773929,885162,888767,615568,308216,307352
424,C4114,22,0,State - CHHATTISGARH (22),25-29,2057300,1049238,1008062,1508182,770527,737655,549118,278711,270407
425,C4114,22,0,State - CHHATTISGARH (22),30-34,1815058,898023,917035,1340001,656456,683545,475057,241567,233490
426,C4114,22,0,State - CHHATTISGARH (22),35-39,1779414,891265,888149,1329416,663342,666074,449998,227923,222075
427,C4114,22,0,State - CHHATTISGARH (22),40-44,1576553,796402,780151,1179152,590214,588938,397401,206188,191213
428,C4114,22,0,State - CHHATTISGARH (22),45-49,1334374,692974,641400,998323,516444,481879,336051,176530,159521
429,C4114,22,0,State - CHHATTISGARH (22),50-54,992947,510326,482621,741578,376646,364932,251369,133680,117689
430,C4114,22,0,State - CHHATTISGARH (22),55-59,789353,389338,400015,603044,290945,312099,186309,98393,87916
431,C4114,22,0,State - CHHATTISGARH (22),60-64,743742,348956,394786,588321,273504,314817,155421,75452,79969
432,C4114,22,0,State - CHHATTISGARH (22),65-69,533810,244336,289474,429402,195192,234210,104408,49144,55264
433,C4114,22,0,State - CHHATTISGARH (22),70-74,373000,174249,198751,299448,139047,160401,73552,35202,38350
434,C4114,22,0,State - CHHATTISGARH (22),75-79,166578,75545,91033,132135,58945,73190,34443,16600,17843
435,C4114,22,0,State - CHHATTISGARH (22),80+,186779,85073,101706,149241,68761,80480,37538,16312,21226
436,C4114,22,0,State - CHHATTISGARH (22),Age not stated,23115,12107,11008,13987,7242,6745,9128,4865,4263
437,C4114,23,0,State - MADHYA PRADESH (23),All ages,72626809,37612306,35014503,52557404,27149388,25408016,20069405,10462918,9606487
438,C4114,23,0,State - MADHYA PRADESH (23),0-4,7471286,3874247,3597039,5763560,2982196,2781364,1707726,892051,815675
439,C4114,23,0,State - MADHYA PRADESH (23),5-9,8266455,4309693,3956762,6347575,3292243,3055332,1918880,1017450,901430
440,C4114,23,0,State - MADHYA PRADESH (23),10-14,8564501,4439329,4125172,6481035,3338101,3142934,2083466,1101228,982238
441,C4114,23,0,State - MADHYA PRADESH (23),15-19,7446789,3980072,3466717,5359720,2862347,2497373,2087069,1117725,969344
442,C4114,23,0,State - MADHYA PRADESH (23),20-24,6727579,3554088,3173491,4678759,2481628,2197131,2048820,1072460,976360
443,C4114,23,0,State - MADHYA PRADESH (23),25-29,5787506,2988325,2799181,3990858,2067454,1923404,1796648,920871,875777
444,C4114,23,0,State - MADHYA PRADESH (23),30-34,5214960,2650705,2564255,3638969,1841507,1797462,1575991,809198,766793
445,C4114,23,0,State - MADHYA PRADESH (23),35-39,4861671,2493464,2368207,3407607,1750469,1657138,1454064,742995,711069
446,C4114,23,0,State - MADHYA PRADESH (23),40-44,4214474,2193888,2020586,2937258,1527419,1409839,1277216,666469,610747
447,C4114,23,0,State - MADHYA PRADESH (23),45-49,3522961,1838798,1684163,2425510,1260719,1164791,1097451,578079,519372
448,C4114,23,0,State - MADHYA PRADESH (23),50-54,2694372,1446522,1247850,1847524,988058,859466,846848,458464,388384
449,C4114,23,0,State - MADHYA PRADESH (23),55-59,2058077,1030243,1027834,1437113,704014,733099,620964,326229,294735
450,C4114,23,0,State - MADHYA PRADESH (23),60-64,1987410,989463,997947,1437170,711867,725303,550240,277596,272644
451,C4114,23,0,State - MADHYA PRADESH (23),65-69,1427061,680005,747056,1054385,497698,556687,372676,182307,190369
452,C4114,23,0,State - MADHYA PRADESH (23),70-74,1107421,545246,562175,826774,408168,418606,280647,137078,143569
453,C4114,23,0,State - MADHYA PRADESH (23),75-79,523355,244807,278548,384851,178514,206337,138504,66293,72211
454,C4114,23,0,State - MADHYA PRADESH (23),80+,668069,310035,358034,491426,232111,259315,176643,77924,98719
455,C4114,23,0,State - MADHYA PRADESH (23),Age not stated,82862,43376,39486,47310,24875,22435,35552,18501,17051
456,C4114,24,0,State - GUJARAT (24),All ages,60439692,31491260,28948432,34694609,17799159,16895450,25745083,13692101,12052982
457,C4114,24,0,State - GUJARAT (24),0-4,5460332,2871890,2588442,3400893,1768858,1632035,2059439,1103032,956407
458,C4114,24,0,State - GUJARAT (24),5-9,5835836,3126401,2709435,3608635,1902056,1706579,2227201,1224345,1002856
459,C4114,24,0,State - GUJARAT (24),10-14,6149445,3283834,2865611,3787881,1989379,1798502,2361564,1294455,1067109
460,C4114,24,0,State - GUJARAT (24),15-19,5865760,3146110,2719650,3406534,1781574,1624960,2459226,1364536,1094690
461,C4114,24,0,State - GUJARAT (24),20-24,5780722,3046127,2734595,3129114,1613761,1515353,2651608,1432366,1219242
462,C4114,24,0,State - GUJARAT (24),25-29,5278822,2767283,2511539,2767541,1439403,1328138,2511281,1327880,1183401
463,C4114,24,0,State - GUJARAT (24),30-34,4770528,2467024,2303504,2567865,1309468,1258397,2202663,1157556,1045107
464,C4114,24,0,State - GUJARAT (24),35-39,4341225,2258335,2082890,2379877,1230816,1149061,1961348,1027519,933829
465,C4114,24,0,State - GUJARAT (24),40-44,3865476,1993876,1871600,2149186,1096357,1052829,1716290,897519,818771
466,C4114,24,0,State - GUJARAT (24),45-49,3314013,1711872,1602141,1830536,938828,891708,1483477,773044,710433
467,C4114,24,0,State - GUJARAT (24),50-54,2697183,1409273,1287910,1504667,772574,732093,1192516,636699,555817
468,C4114,24,0,State - GUJARAT (24),55-59,2054947,1038088,1016859,1161872,569554,592318,893075,468534,424541
469,C4114,24,0,State - GUJARAT (24),60-64,1727752,851259,876493,1023043,494349,528694,704709,356910,347799
470,C4114,24,0,State - GUJARAT (24),65-69,1170072,550002,620070,707269,323610,383659,462803,226392,236411
471,C4114,24,0,State - GUJARAT (24),70-74,899677,417522,482155,559725,256602,303123,339952,160920,179032
472,C4114,24,0,State - GUJARAT (24),75-79,439996,196341,243655,262004,113543,148461,177992,82798,95194
473,C4114,24,0,State - GUJARAT (24),80+,549062,230477,318585,332285,139154,193131,216777,91323,125454
474,C4114,24,0,State - GUJARAT (24),Age not stated,238844,125546,113298,115682,59273,56409,123162,66273,56889
475,C4114,25,0,State - DAMAN & DIU (25),All ages,243247,150301,92946,60396,32395,28001,182851,117906,64945
476,C4114,25,0,State - DAMAN & DIU (25),0-4,19158,10020,9138,5174,2692,2482,13984,7328,6656
477,C4114,25,0,State - DAMAN & DIU (25),5-9,18506,9828,8678,5767,2982,2785,12739,6846,5893
478,C4114,25,0,State - DAMAN & DIU (25),10-14,17321,9300,8021,6335,3302,3033,10986,5998,4988
479,C4114,25,0,State - DAMAN & DIU (25),15-19,26314,18239,8075,6655,3766,2889,19659,14473,5186
480,C4114,25,0,State - DAMAN & DIU (25),20-24,38584,27925,10659,7024,4117,2907,31560,23808,7752
481,C4114,25,0,State - DAMAN & DIU (25),25-29,33181,22044,11137,6125,3416,2709,27056,18628,8428
482,C4114,25,0,State - DAMAN & DIU (25),30-34,24031,15314,8717,5077,2823,2254,18954,12491,6463
483,C4114,25,0,State - DAMAN & DIU (25),35-39,19550,12255,7295,4681,2601,2080,14869,9654,5215
484,C4114,25,0,State - DAMAN & DIU (25),40-44,13601,8384,5217,3489,1905,1584,10112,6479,3633
485,C4114,25,0,State - DAMAN & DIU (25),45-49,9618,5649,3969,2766,1496,1270,6852,4153,2699
486,C4114,25,0,State - DAMAN & DIU (25),50-54,6610,3646,2964,2090,1047,1043,4520,2599,1921
487,C4114,25,0,State - DAMAN & DIU (25),55-59,5056,2576,2480,1547,740,807,3509,1836,1673
488,C4114,25,0,State - DAMAN & DIU (25),60-64,4308,1977,2331,1388,592,796,2920,1385,1535
489,C4114,25,0,State - DAMAN & DIU (25),65-69,2753,1182,1571,870,374,496,1883,808,1075
490,C4114,25,0,State - DAMAN & DIU (25),70-74,2103,841,1262,675,275,400,1428,566,862
491,C4114,25,0,State - DAMAN & DIU (25),75-79,1067,437,630,314,112,202,753,325,428
492,C4114,25,0,State - DAMAN & DIU (25),80+,1130,436,694,336,112,224,794,324,470
493,C4114,25,0,State - DAMAN & DIU (25),Age not stated,356,248,108,83,43,40,273,205,68
494,C4114,26,0,State - DADRA & NAGAR HAVELI (26),All ages,343709,193760,149949,183114,98305,84809,160595,95455,65140
495,C4114,26,0,State - DADRA & NAGAR HAVELI (26),0-4,36561,18902,17659,20601,10410,10191,15960,8492,7468
496,C4114,26,0,State - DADRA & NAGAR HAVELI (26),5-9,36249,19059,17190,21040,10794,10246,15209,8265,6944
497,C4114,26,0,State - DADRA & NAGAR HAVELI (26),10-14,35003,18385,16618,22352,11564,10788,12651,6821,5830
498,C4114,26,0,State - DADRA & NAGAR HAVELI (26),15-19,33104,19979,13125,19013,10775,8238,14091,9204,4887
499,C4114,26,0,State - DADRA & NAGAR HAVELI (26),20-24,44301,27595,16706,21932,13066,8866,22369,14529,7840
500,C4114,26,0,State - DADRA & NAGAR HAVELI (26),25-29,39885,23496,16389,17657,10255,7402,22228,13241,8987
501,C4114,26,0,State - DADRA & NAGAR HAVELI (26),30-34,30641,17957,12684,13100,7322,5778,17541,10635,6906
502,C4114,26,0,State - DADRA & NAGAR HAVELI (26),35-39,25277,14862,10415,11438,6209,5229,13839,8653,5186
503,C4114,26,0,State - DADRA & NAGAR HAVELI (26),40-44,18181,10554,7627,9353,4938,4415,8828,5616,3212
504,C4114,26,0,State - DADRA & NAGAR HAVELI (26),45-49,13789,7671,6118,7831,4059,3772,5958,3612,2346
505,C4114,26,0,State - DADRA & NAGAR HAVELI (26),50-54,9503,5215,4288,5728,3014,2714,3775,2201,1574
506,C4114,26,0,State - DADRA & NAGAR HAVELI (26),55-59,6951,3526,3425,4211,2036,2175,2740,1490,1250
507,C4114,26,0,State - DADRA & NAGAR HAVELI (26),60-64,5831,2794,3037,3716,1690,2026,2115,1104,1011
508,C4114,26,0,State - DADRA & NAGAR HAVELI (26),65-69,3716,1755,1961,2361,1067,1294,1355,688,667
509,C4114,26,0,State - DADRA & NAGAR HAVELI (26),70-74,2309,973,1336,1485,587,898,824,386,438
510,C4114,26,0,State - DADRA & NAGAR HAVELI (26),75-79,958,394,564,559,208,351,399,186,213
511,C4114,26,0,State - DADRA & NAGAR HAVELI (26),80+,1078,443,635,517,198,319,561,245,316
512,C4114,26,0,State - DADRA & NAGAR HAVELI (26),Age not stated,372,200,172,220,113,107,152,87,65
513,C4114,27,0,State - MAHARASHTRA (27),All ages,112374333,58243056,54131277,61556074,31539034,30017040,50818259,26704022,24114237
514,C4114,27,0,State - MAHARASHTRA (27),0-4,9362026,4939629,4422397,5417809,2868371,2549438,3944217,2071258,1872959
515,C4114,27,0,State - MAHARASHTRA (27),5-9,9820654,5178177,4642477,5650613,2971867,2678746,4170041,2206310,1963731
516,C4114,27,0,State - MAHARASHTRA (27),10-14,10734535,5662261,5072274,6256057,3288156,2967901,4478478,2374105,2104373
517,C4114,27,0,State - MAHARASHTRA (27),15-19,10627267,5710400,4916867,5979665,3209224,2770441,4647602,2501176,2146426
518,C4114,27,0,State - MAHARASHTRA (27),20-24,11090966,5845114,5245852,5764844,3018199,2746645,5326122,2826915,2499207
519,C4114,27,0,State - MAHARASHTRA (27),25-29,10147113,5272560,4874553,5025278,2589352,2435926,5121835,2683208,2438627
520,C4114,27,0,State - MAHARASHTRA (27),30-34,8796307,4536297,4260010,4395201,2218757,2176444,4401106,2317540,2083566
521,C4114,27,0,State - MAHARASHTRA (27),35-39,8247160,4209434,4037726,4223357,2111275,2112082,4023803,2098159,1925644
522,C4114,27,0,State - MAHARASHTRA (27),40-44,7196089,3744825,3451264,3763589,1924940,1838649,3432500,1819885,1612615
523,C4114,27,0,State - MAHARASHTRA (27),45-49,6032454,3116218,2916236,3167108,1607153,1559955,2865346,1509065,1356281
524,C4114,27,0,State - MAHARASHTRA (27),50-54,4919317,2580991,2338326,2619829,1344947,1274882,2299488,1236044,1063444
525,C4114,27,0,State - MAHARASHTRA (27),55-59,3885814,1974129,1911685,2117255,1038978,1078277,1768559,935151,833408
526,C4114,27,0,State - MAHARASHTRA (27),60-64,3642480,1716639,1925841,2155343,970755,1184588,1487137,745884,741253
527,C4114,27,0,State - MAHARASHTRA (27),65-69,3078352,1440238,1638114,2008912,920144,1088768,1069440,520094,549346
528,C4114,27,0,State - MAHARASHTRA (27),70-74,2143136,1039292,1103844,1411217,684770,726447,731919,354522,377397
529,C4114,27,0,State - MAHARASHTRA (27),75-79,1062773,515431,547342,664727,324175,340552,398046,191256,206790
530,C4114,27,0,State - MAHARASHTRA (27),80+,1180194,542109,638085,729341,339248,390093,450853,202861,247992
531,C4114,27,0,State - MAHARASHTRA (27),Age not stated,407696,219312,188384,205929,108723,97206,201767,110589,91178
532,C4114,28,0,State - ANDHRA PRADESH (28),All ages,84580777,42442146,42138631,56361702,28243241,28118461,28219075,14198905,14020170
533,C4114,28,0,State - ANDHRA PRADESH (28),0-4,6284765,3235887,3048878,4212158,2165606,2046552,2072607,1070281,1002326
534,C4114,28,0,State - ANDHRA PRADESH (28),5-9,7304432,3760398,3544034,4976869,2559092,2417777,2327563,1201306,1126257
535,C4114,28,0,State - ANDHRA PRADESH (28),10-14,8201595,4208884,3992711,5565402,2859860,2705542,2636193,1349024,1287169
536,C4114,28,0,State - ANDHRA PRADESH (28),15-19,8093747,4196307,3897440,5334069,2799993,2534076,2759678,1396314,1363364
537,C4114,28,0,State - ANDHRA PRADESH (28),20-24,8132094,4055697,4076397,5263277,2682670,2580607,2868817,1373027,1495790
538,C4114,28,0,State - ANDHRA PRADESH (28),25-29,7799036,3809887,3989149,4995581,2453142,2542439,2803455,1356745,1446710
539,C4114,28,0,State - ANDHRA PRADESH (28),30-34,6584371,3300407,3283964,4233619,2106915,2126704,2350752,1193492,1157260
540,C4114,28,0,State - ANDHRA PRADESH (28),35-39,6507339,3198512,3308827,4246358,2064444,2181914,2260981,1134068,1126913
541,C4114,28,0,State - ANDHRA PRADESH (28),40-44,5399473,2794398,2605075,3540901,1819821,1721080,1858572,974577,883995
542,C4114,28,0,State - ANDHRA PRADESH (28),45-49,4657269,2374633,2282636,3067300,1549594,1517706,1589969,825039,764930
543,C4114,28,0,State - ANDHRA PRADESH (28),50-54,3657386,1862583,1794803,2441460,1229218,1212242,1215926,633365,582561
544,C4114,28,0,State - ANDHRA PRADESH (28),55-59,2909598,1350539,1559059,1975179,878394,1096785,934419,472145,462274
545,C4114,28,0,State - ANDHRA PRADESH (28),60-64,3199837,1485764,1714073,2342553,1066864,1275689,857284,418900,438384
546,C4114,28,0,State - ANDHRA PRADESH (28),65-69,2167854,1034360,1133494,1624701,774178,850523,543153,260182,282971
547,C4114,28,0,State - ANDHRA PRADESH (28),70-74,1519358,752743,766615,1148018,573247,574771,371340,179496,191844
548,C4114,28,0,State - ANDHRA PRADESH (28),75-79,636989,307474,329515,460041,224296,235745,176948,83178,93770
549,C4114,28,0,State - ANDHRA PRADESH (28),80+,754203,325987,428216,532778,234293,298485,221425,91694,129731
550,C4114,28,0,State - ANDHRA PRADESH (28),Age not stated,771431,387686,383745,401438,201614,199824,369993,186072,183921
551,C4114,29,0,State - KARNATAKA (29),All ages,61095297,30966657,30128640,37469335,18929354,18539981,23625962,12037303,11588659
552,C4114,29,0,State - KARNATAKA (29),0-4,5046719,2582024,2464695,3179495,1625896,1553599,1867224,956128,911096
553,C4114,29,0,State - KARNATAKA (29),5-9,5241509,2696670,2544839,3309619,1700617,1609002,1931890,996053,935837
554,C4114,29,0,State - KARNATAKA (29),10-14,5736646,2955287,2781359,3662475,1889725,1772750,2074171,1065562,1008609
555,C4114,29,0,State - KARNATAKA (29),15-19,5827277,3042048,2785229,3658264,1933809,1724455,2169013,1108239,1060774
556,C4114,29,0,State - KARNATAKA (29),20-24,6052558,3109586,2942972,3549425,1849584,1699841,2503133,1260002,1243131
557,C4114,29,0,State - KARNATAKA (29),25-29,5771606,2879254,2892352,3283508,1645487,1638021,2488098,1233767,1254331
558,C4114,29,0,State - KARNATAKA (29),30-34,4698380,2389594,2308786,2657749,1332397,1325352,2040631,1057197,983434
559,C4114,29,0,State - KARNATAKA (29),35-39,4695451,2319088,2376363,2770958,1337639,1433319,1924493,981449,943044
560,C4114,29,0,State - KARNATAKA (29),40-44,3826712,1977768,1848944,2320355,1183334,1137021,1506357,794434,711923
561,C4114,29,0,State - KARNATAKA (29),45-49,3519782,1804833,1714949,2165676,1103911,1061765,1354106,700922,653184
562,C4114,29,0,State - KARNATAKA (29),50-54,2699270,1381969,1317301,1665456,844160,821296,1033814,537809,496005
563,C4114,29,0,State - KARNATAKA (29),55-59,2142504,1056054,1086450,1323457,636709,686748,819047,419345,399702
564,C4114,29,0,State - KARNATAKA (29),60-64,2060052,994630,1065422,1352255,642294,709961,707797,352336,355461
565,C4114,29,0,State - KARNATAKA (29),65-69,1520119,723687,796432,1039482,491844,547638,480637,231843,248794
566,C4114,29,0,State - KARNATAKA (29),70-74,1061125,510419,550706,736309,352315,383994,324816,158104,166712
567,C4114,29,0,State - KARNATAKA (29),75-79,524426,249834,274592,350060,166285,183775,174366,83549,90817
568,C4114,29,0,State - KARNATAKA (29),80+,625310,268502,356808,418963,179395,239568,206347,89107,117240
569,C4114,29,0,State - KARNATAKA (29),Age not stated,45851,25410,20441,25829,13953,11876,20022,11457,8565
570,C4114,30,0,State - GOA (30),All ages,1458545,739140,719405,551731,275436,276295,906814,463704,443110
571,C4114,30,0,State - GOA (30),0-4,101203,52017,49186,37839,19432,18407,63364,32585,30779
572,C4114,30,0,State - GOA (30),5-9,105968,54672,51296,39364,20165,19199,66604,34507,32097
573,C4114,30,0,State - GOA (30),10-14,110989,57417,53572,41666,21304,20362,69323,36113,33210
574,C4114,30,0,State - GOA (30),15-19,113875,60075,53800,42371,22000,20371,71504,38075,33429
575,C4114,30,0,State - GOA (30),20-24,130745,70616,60129,47290,24590,22700,83455,46026,37429
576,C4114,30,0,State - GOA (30),25-29,132626,67744,64882,49917,25250,24667,82709,42494,40215
577,C4114,30,0,State - GOA (30),30-34,125859,63471,62388,48264,24210,24054,77595,39261,38334
578,C4114,30,0,State - GOA (30),35-39,126298,63541,62757,48386,24268,24118,77912,39273,38639
579,C4114,30,0,State - GOA (30),40-44,108512,55504,53008,40382,20562,19820,68130,34942,33188
580,C4114,30,0,State - GOA (30),45-49,94736,47867,46869,35607,17794,17813,59129,30073,29056
581,C4114,30,0,State - GOA (30),50-54,76592,38782,37810,28856,14247,14609,47736,24535,23201
582,C4114,30,0,State - GOA (30),55-59,65553,32021,33532,25084,12044,13040,40469,19977,20492
583,C4114,30,0,State - GOA (30),60-64,61104,29100,32004,24296,11280,13016,36808,17820,18988
584,C4114,30,0,State - GOA (30),65-69,41019,19005,22014,16890,7627,9263,24129,11378,12751
585,C4114,30,0,State - GOA (30),70-74,29055,12890,16165,11833,5024,6809,17222,7866,9356
586,C4114,30,0,State - GOA (30),75-79,16536,7228,9308,6436,2742,3694,10100,4486,5614
587,C4114,30,0,State - GOA (30),80+,15781,6092,9689,6332,2413,3919,9449,3679,5770
588,C4114,30,0,State - GOA (30),Age not stated,2094,1098,996,918,484,434,1176,614,562
589,C4114,31,0,State - LAKSHADWEEP (31),All ages,64473,33123,31350,14141,7243,6898,50332,25880,24452
590,C4114,31,0,State - LAKSHADWEEP (31),0-4,5052,2648,2404,1235,630,605,3817,2018,1799
591,C4114,31,0,State - LAKSHADWEEP (31),5-9,5407,2760,2647,1384,728,656,4023,2032,1991
592,C4114,31,0,State - LAKSHADWEEP (31),10-14,5998,2854,3144,1389,612,777,4609,2242,2367
593,C4114,31,0,State - LAKSHADWEEP (31),15-19,5624,2808,2816,1147,525,622,4477,2283,2194
594,C4114,31,0,State - LAKSHADWEEP (31),20-24,5829,3071,2758,1280,680,600,4549,2391,2158
595,C4114,31,0,State - LAKSHADWEEP (31),25-29,5967,3135,2832,1305,682,623,4662,2453,2209
596,C4114,31,0,State - LAKSHADWEEP (31),30-34,5437,2777,2660,1235,642,593,4202,2135,2067
597,C4114,31,0,State - LAKSHADWEEP (31),35-39,5389,2756,2633,1116,590,526,4273,2166,2107
598,C4114,31,0,State - LAKSHADWEEP (31),40-44,4608,2453,2155,916,478,438,3692,1975,1717
599,C4114,31,0,State - LAKSHADWEEP (31),45-49,3810,1975,1835,762,405,357,3048,1570,1478
600,C4114,31,0,State - LAKSHADWEEP (31),50-54,3066,1625,1441,669,368,301,2397,1257,1140
601,C4114,31,0,State - LAKSHADWEEP (31),55-59,2901,1513,1388,577,298,279,2324,1215,1109
602,C4114,31,0,State - LAKSHADWEEP (31),60-64,2034,1046,988,425,227,198,1609,819,790
603,C4114,31,0,State - LAKSHADWEEP (31),65-69,1413,753,660,319,175,144,1094,578,516
604,C4114,31,0,State - LAKSHADWEEP (31),70-74,849,410,439,170,75,95,679,335,344
605,C4114,31,0,State - LAKSHADWEEP (31),75-79,493,244,249,95,53,42,398,191,207
606,C4114,31,0,State - LAKSHADWEEP (31),80+,481,221,260,90,55,35,391,166,225
607,C4114,31,0,State - LAKSHADWEEP (31),Age not stated,115,74,41,27,20,7,88,54,34
608,C4114,32,0,State - KERALA (32),All ages,33406061,16027412,17378649,17471135,8408054,9063081,15934926,7619358,8315568
609,C4114,32,0,State - KERALA (32),0-4,2453092,1247534,1205558,1286340,653809,632531,1166752,593725,573027
610,C4114,32,0,State - KERALA (32),5-9,2555112,1303190,1251922,1348204,687077,661127,1206908,616113,590795
611,C4114,32,0,State - KERALA (32),10-14,2822770,1438917,1383853,1499338,762897,736441,1323432,676020,647412
612,C4114,32,0,State - KERALA (32),15-19,2610552,1328299,1282253,1365813,696204,669609,1244739,632095,612644
613,C4114,32,0,State - KERALA (32),20-24,2665809,1298826,1366983,1386061,680283,705778,1279748,618543,661205
614,C4114,32,0,State - KERALA (32),25-29,2604092,1203978,1400114,1369036,639039,729997,1235056,564939,670117
615,C4114,32,0,State - KERALA (32),30-34,2455501,1128217,1327284,1278260,592974,685286,1177241,535243,641998
616,C4114,32,0,State - KERALA (32),35-39,2579673,1161819,1417854,1344629,608341,736288,1235044,553478,681566
617,C4114,32,0,State - KERALA (32),40-44,2412498,1117424,1295074,1246138,578217,667921,1166360,539207,627153
618,C4114,32,0,State - KERALA (32),45-49,2348530,1105598,1242932,1227882,578437,649445,1120648,527161,593487
619,C4114,32,0,State - KERALA (32),50-54,1928145,931191,996954,1001162,484917,516245,926983,446274,480709
620,C4114,32,0,State - KERALA (32),55-59,1742408,861527,880881,903383,446860,456523,839025,414667,424358
621,C4114,32,0,State - KERALA (32),60-64,1414671,685136,729535,724947,351377,373570,689724,333759,355965
622,C4114,32,0,State - KERALA (32),65-69,1002134,459232,542902,525265,240537,284728,476869,218695,258174
623,C4114,32,0,State - KERALA (32),70-74,733372,326562,406810,381986,170673,211313,351386,155889,195497
624,C4114,32,0,State - KERALA (32),75-79,501367,208317,293050,266667,111752,154915,234700,96565,138135
625,C4114,32,0,State - KERALA (32),80+,541849,204348,337501,298687,115981,182706,243162,88367,154795
626,C4114,32,0,State - KERALA (32),Age not stated,34486,17297,17189,17337,8679,8658,17149,8618,8531
627,C4114,33,0,State - TAMIL NADU (33),All ages,72147030,36137975,36009055,37229590,18679065,18550525,34917440,17458910,17458530
628,C4114,33,0,State - TAMIL NADU (33),0-4,5278701,2714578,2564123,2781879,1436619,1345260,2496822,1277959,1218863
629,C4114,33,0,State - TAMIL NADU (33),5-9,5551255,2851293,2699962,2968536,1528954,1439582,2582719,1322339,1260380
630,C4114,33,0,State - TAMIL NADU (33),10-14,6177547,3188990,2988557,3325160,1726166,1598994,2852387,1462824,1389563
631,C4114,33,0,State - TAMIL NADU (33),15-19,6253792,3229838,3023954,3373098,1765233,1607865,2880694,1464605,1416089
632,C4114,33,0,State - TAMIL NADU (33),20-24,6411543,3154804,3256739,3315234,1658770,1656464,3096309,1496034,1600275
633,C4114,33,0,State - TAMIL NADU (33),25-29,6663746,3237374,3426372,3360498,1652498,1708000,3303248,1584876,1718372
634,C4114,33,0,State - TAMIL NADU (33),30-34,5815560,2908749,2906811,2825218,1419512,1405706,2990342,1489237,1501105
635,C4114,33,0,State - TAMIL NADU (33),35-39,5836456,2815205,3021251,2894635,1375375,1519260,2941821,1439830,1501991
636,C4114,33,0,State - TAMIL NADU (33),40-44,5064209,2549846,2514363,2495827,1244055,1251772,2568382,1305791,1262591
637,C4114,33,0,State - TAMIL NADU (33),45-49,4713056,2374915,2338141,2383374,1187892,1195482,2329682,1187023,1142659
638,C4114,33,0,State - TAMIL NADU (33),50-54,3703460,1875563,1827897,1862643,926233,936410,1840817,949330,891487
639,C4114,33,0,State - TAMIL NADU (33),55-59,3101142,1540924,1560218,1578510,765352,813158,1522632,775572,747060
640,C4114,33,0,State - TAMIL NADU (33),60-64,2782608,1378039,1404569,1484099,726363,757736,1298509,651676,646833
641,C4114,33,0,State - TAMIL NADU (33),65-69,1868370,896412,971958,1022924,490698,532226,845446,405714,439732
642,C4114,33,0,State - TAMIL NADU (33),70-74,1406529,693167,713362,770619,384159,386460,635910,309008,326902
643,C4114,33,0,State - TAMIL NADU (33),75-79,710241,353746,356495,365791,187116,178675,344450,166630,177820
644,C4114,33,0,State - TAMIL NADU (33),80+,742010,339862,402148,385664,185450,200214,356346,154412,201934
645,C4114,33,0,State - TAMIL NADU (33),Age not stated,66805,34670,32135,35881,18620,17261,30924,16050,14874
646,C4114,34,0,State - PUDUCHERRY (34),All ages,1247953,612511,635442,395200,194907,200293,852753,417604,435149
647,C4114,34,0,State - PUDUCHERRY (34),0-4,93949,47703,46246,31526,16110,15416,62423,31593,30830
648,C4114,34,0,State - PUDUCHERRY (34),5-9,98717,50327,48390,32968,16810,16158,65749,33517,32232
649,C4114,34,0,State - PUDUCHERRY (34),10-14,105726,53936,51790,35351,17972,17379,70375,35964,34411
650,C4114,34,0,State - PUDUCHERRY (34),15-19,102316,52231,50085,34019,17394,16625,68297,34837,33460
651,C4114,34,0,State - PUDUCHERRY (34),20-24,108819,51287,57532,36272,17155,19117,72547,34132,38415
652,C4114,34,0,State - PUDUCHERRY (34),25-29,118244,55052,63192,38840,18442,20398,79404,36610,42794
653,C4114,34,0,State - PUDUCHERRY (34),30-34,111070,53761,57309,34114,16868,17246,76956,36893,40063
654,C4114,34,0,State - PUDUCHERRY (34),35-39,107459,52655,54804,32946,16190,16756,74513,36465,38048
655,C4114,34,0,State - PUDUCHERRY (34),40-44,89779,45482,44297,26217,13362,12855,63562,32120,31442
656,C4114,34,0,State - PUDUCHERRY (34),45-49,79305,40625,38680,23828,12218,11610,55477,28407,27070
657,C4114,34,0,State - PUDUCHERRY (34),50-54,60923,30858,30065,17462,8814,8648,43461,22044,21417
658,C4114,34,0,State - PUDUCHERRY (34),55-59,50109,24615,25494,14711,7082,7629,35398,17533,17865
659,C4114,34,0,State - PUDUCHERRY (34),60-64,43828,20498,23330,13161,6025,7136,30667,14473,16194
660,C4114,34,0,State - PUDUCHERRY (34),65-69,27983,12154,15829,8733,3751,4982,19250,8403,10847
661,C4114,34,0,State - PUDUCHERRY (34),70-74,22521,9861,12660,6993,3104,3889,15528,6757,8771
662,C4114,34,0,State - PUDUCHERRY (34),75-79,12789,5494,7295,3604,1605,1999,9185,3889,5296
663,C4114,34,0,State - PUDUCHERRY (34),80+,13315,5412,7903,3957,1747,2210,9358,3665,5693
664,C4114,34,0,State - PUDUCHERRY (34),Age not stated,1101,560,541,498,258,240,603,302,301
665,C4114,35,0,State - ANDAMAN & NICOBAR ISLANDS (35),All ages,380581,202871,177710,237093,126287,110806,143488,76584,66904
666,C4114,35,0,State - ANDAMAN & NICOBAR ISLANDS (35),0-4,28754,14641,14113,18675,9469,9206,10079,5172,4907
667,C4114,35,0,State - ANDAMAN & NICOBAR ISLANDS (35),5-9,30454,15512,14942,19265,9849,9416,11189,5663,5526
668,C4114,35,0,State - ANDAMAN & NICOBAR ISLANDS (35),10-14,33467,17118,16349,21226,10731,10495,12241,6387,5854
669,C4114,35,0,State - ANDAMAN & NICOBAR ISLANDS (35),15-19,33026,17266,15760,20369,10644,9725,12657,6622,6035
670,C4114,35,0,State - ANDAMAN & NICOBAR ISLANDS (35),20-24,37115,19528,17587,22540,11654,10886,14575,7874,6701
671,C4114,35,0,State - ANDAMAN & NICOBAR ISLANDS (35),25-29,41722,22230,19492,25558,13675,11883,16164,8555,7609
672,C4114,35,0,State - ANDAMAN & NICOBAR ISLANDS (35),30-34,35723,19359,16364,21811,11945,9866,13912,7414,6498
673,C4114,35,0,State - ANDAMAN & NICOBAR ISLANDS (35),35-39,32842,17170,15672,19802,10424,9378,13040,6746,6294
674,C4114,35,0,State - ANDAMAN & NICOBAR ISLANDS (35),40-44,26735,14813,11922,15959,8921,7038,10776,5892,4884
675,C4114,35,0,State - ANDAMAN & NICOBAR ISLANDS (35),45-49,23861,13270,10591,14432,7991,6441,9429,5279,4150
676,C4114,35,0,State - ANDAMAN & NICOBAR ISLANDS (35),50-54,17296,9710,7586,10675,5987,4688,6621,3723,2898
677,C4114,35,0,State - ANDAMAN & NICOBAR ISLANDS (35),55-59,13794,7870,5924,8662,4889,3773,5132,2981,2151
678,C4114,35,0,State - ANDAMAN & NICOBAR ISLANDS (35),60-64,10376,5807,4569,7102,3899,3203,3274,1908,1366
679,C4114,35,0,State - ANDAMAN & NICOBAR ISLANDS (35),65-69,6226,3430,2796,4469,2477,1992,1757,953,804
680,C4114,35,0,State - ANDAMAN & NICOBAR ISLANDS (35),70-74,4098,2378,1720,2905,1687,1218,1193,691,502
681,C4114,35,0,State - ANDAMAN & NICOBAR ISLANDS (35),75-79,2251,1295,956,1606,952,654,645,343,302
682,C4114,35,0,State - ANDAMAN & NICOBAR ISLANDS (35),80+,2473,1279,1194,1857,992,865,616,287,329
683,C4114,35,0,State - ANDAMAN & NICOBAR ISLANDS (35),Age not stated,368,195,173,180,101,79,188,94,94
684,C4114,35,0,State - ANDAMAN & NICOBAR ISLANDS (35),All ages,380581,202871,177710,237093,126287,110806,143488,76584,66904
685,C4114,35,0,State - ANDAMAN & NICOBAR ISLANDS (35),0-4,28754,14641,14113,18675,9469,9206,10079,5172,4907
686,C4114,35,0,State - ANDAMAN & NICOBAR ISLANDS (35),5-9,30454,15512,14942,19265,9849,9416,11189,5663,5526
687,C4114,35,0,State - ANDAMAN & NICOBAR ISLANDS (35),10-14,33467,17118,16349,21226,10731,10495,12241,6387,5854
688,C4114,35,0,State - ANDAMAN & NICOBAR ISLANDS (35),15-19,33026,17266,15760,20369,10644,9725,12657,6622,6035
689,C4114,35,0,State - ANDAMAN & NICOBAR ISLANDS (35),20-24,37115,19528,17587,22540,11654,10886,14575,7874,6701
690,C4114,35,0,State - ANDAMAN & NICOBAR ISLANDS (35),25-29,41722,22230,19492,25558,13675,11883,16164,8555,7609
691,C4114,35,0,State - ANDAMAN & NICOBAR ISLANDS (35),30-34,35723,19359,16364,21811,11945,9866,13912,7414,6498
692,C4114,35,0,State - ANDAMAN & NICOBAR ISLANDS (35),35-39,32842,17170,15672,19802,10424,9378,13040,6746,6294
693,C4114,35,0,State - ANDAMAN & NICOBAR ISLANDS (35),40-44,26735,14813,11922,15959,8921,7038,10776,5892,4884
694,C4114,35,0,State - ANDAMAN & NICOBAR ISLANDS (35),45-49,23861,13270,10591,14432,7991,6441,9429,5279,4150
695,C4114,35,0,State - ANDAMAN & NICOBAR ISLANDS (35),50-54,17296,9710,7586,10675,5987,4688,6621,3723,2898
696,C4114,35,0,State - ANDAMAN & NICOBAR ISLANDS (35),55-59,13794,7870,5924,8662,4889,3773,5132,2981,2151
697,C4114,35,0,State - ANDAMAN & NICOBAR ISLANDS (35),60-64,10376,5807,4569,7102,3899,3203,3274,1908,1366
698,C4114,35,0,State - ANDAMAN & NICOBAR ISLANDS (35),65-69,6226,3430,2796,4469,2477,1992,1757,953,804
699,C4114,35,0,State - ANDAMAN & NICOBAR ISLANDS (35),70-74,4098,2378,1720,2905,1687,1218,1193,691,502
700,C4114,35,0,State - ANDAMAN & NICOBAR ISLANDS (35),75-79,2251,1295,956,1606,952,654,645,343,302
701,C4114,35,0,State - ANDAMAN & NICOBAR ISLANDS (35),80+,2473,1279,1194,1857,992,865,616,287,329
702,C4114,35,0,State - ANDAMAN & NICOBAR ISLANDS (35),Age not stated,368,195,173,180,101,79,188,94,94
703,C4114,35,638,District - Nicobars (01),All ages,36842,20727,16115,36842,20727,16115,0,0,0
704,C4114,35,638,District - Nicobars (01),0-4,3229,1646,1583,3229,1646,1583,0,0,0
705,C4114,35,638,District - Nicobars (01),5-9,2576,1342,1234,2576,1342,1234,0,0,0
706,C4114,35,638,District - Nicobars (01),10-14,2684,1369,1315,2684,1369,1315,0,0,0
707,C4114,35,638,District - Nicobars (01),15-19,2773,1536,1237,2773,1536,1237,0,0,0
708,C4114,35,638,District - Nicobars (01),20-24,3544,2143,1401,3544,2143,1401,0,0,0
709,C4114,35,638,District - Nicobars (01),25-29,3980,2375,1605,3980,2375,1605,0,0,0
710,C4114,35,638,District - Nicobars (01),30-34,3491,2008,1483,3491,2008,1483,0,0,0
711,C4114,35,638,District - Nicobars (01),35-39,3332,1854,1478,3332,1854,1478,0,0,0
712,C4114,35,638,District - Nicobars (01),40-44,2791,1636,1155,2791,1636,1155,0,0,0
713,C4114,35,638,District - Nicobars (01),45-49,2474,1467,1007,2474,1467,1007,0,0,0
714,C4114,35,638,District - Nicobars (01),50-54,1892,1086,806,1892,1086,806,0,0,0
715,C4114,35,638,District - Nicobars (01),55-59,1380,792,588,1380,792,588,0,0,0
716,C4114,35,638,District - Nicobars (01),60-64,972,544,428,972,544,428,0,0,0
717,C4114,35,638,District - Nicobars (01),65-69,722,369,353,722,369,353,0,0,0
718,C4114,35,638,District - Nicobars (01),70-74,454,259,195,454,259,195,0,0,0
719,C4114,35,638,District - Nicobars (01),75-79,242,142,100,242,142,100,0,0,0
720,C4114,35,638,District - Nicobars (01),80+,260,133,127,260,133,127,0,0,0
721,C4114,35,638,District - Nicobars (01),Age not stated,46,26,20,46,26,20,0,0,0
722,C4114,35,639,District - North  & Middle Andaman (02),All ages,105597,54861,50736,102856,53457,49399,2741,1404,1337
723,C4114,35,639,District - North  & Middle Andaman (02),0-4,8297,4243,4054,8121,4160,3961,176,83,93
724,C4114,35,639,District - North  & Middle Andaman (02),5-9,9110,4605,4505,8921,4516,4405,189,89,100
725,C4114,35,639,District - North  & Middle Andaman (02),10-14,10495,5325,5170,10302,5217,5085,193,108,85
726,C4114,35,639,District - North  & Middle Andaman (02),15-19,9374,4845,4529,9133,4717,4416,241,128,113
727,C4114,35,639,District - North  & Middle Andaman (02),20-24,9386,4504,4882,9083,4357,4726,303,147,156
728,C4114,35,639,District - North  & Middle Andaman (02),25-29,10688,5435,5253,10382,5285,5097,306,150,156
729,C4114,35,639,District - North  & Middle Andaman (02),30-34,9113,4763,4350,8902,4652,4250,211,111,100
730,C4114,35,639,District - North  & Middle Andaman (02),35-39,8583,4321,4262,8375,4213,4162,208,108,100
731,C4114,35,639,District - North  & Middle Andaman (02),40-44,6906,3812,3094,6748,3744,3004,158,68,90
732,C4114,35,639,District - North  & Middle Andaman (02),45-49,6139,3309,2830,5953,3237,2716,186,72,114
733,C4114,35,639,District - North  & Middle Andaman (02),50-54,4638,2536,2102,4479,2452,2027,159,84,75
734,C4114,35,639,District - North  & Middle Andaman (02),55-59,3809,2097,1712,3684,2024,1660,125,73,52
735,C4114,35,639,District - North  & Middle Andaman (02),60-64,3545,1879,1666,3420,1803,1617,125,76,49
736,C4114,35,639,District - North  & Middle Andaman (02),65-69,2184,1239,945,2119,1197,922,65,42,23
737,C4114,35,639,District - North  & Middle Andaman (02),70-74,1514,913,601,1461,875,586,53,38,15
738,C4114,35,639,District - North  & Middle Andaman (02),75-79,817,501,316,798,487,311,19,14,5
739,C4114,35,639,District - North  & Middle Andaman (02),80+,957,507,450,933,494,439,24,13,11
740,C4114,35,639,District - North  & Middle Andaman (02),Age not stated,42,27,15,42,27,15,0,0,0
741,C4114,35,640,District - South Andaman (03),All ages,238142,127283,110859,97395,52103,45292,140747,75180,65567
742,C4114,35,640,District - South Andaman (03),0-4,17228,8752,8476,7325,3663,3662,9903,5089,4814
743,C4114,35,640,District - South Andaman (03),5-9,18768,9565,9203,7768,3991,3777,11000,5574,5426
744,C4114,35,640,District - South Andaman (03),10-14,20288,10424,9864,8240,4145,4095,12048,6279,5769
745,C4114,35,640,District - South Andaman (03),15-19,20879,10885,9994,8463,4391,4072,12416,6494,5922
746,C4114,35,640,District - South Andaman (03),20-24,24185,12881,11304,9913,5154,4759,14272,7727,6545
747,C4114,35,640,District - South Andaman (03),25-29,27054,14420,12634,11196,6015,5181,15858,8405,7453
748,C4114,35,640,District - South Andaman (03),30-34,23119,12588,10531,9418,5285,4133,13701,7303,6398
749,C4114,35,640,District - South Andaman (03),35-39,20927,10995,9932,8095,4357,3738,12832,6638,6194
750,C4114,35,640,District - South Andaman (03),40-44,17038,9365,7673,6420,3541,2879,10618,5824,4794
751,C4114,35,640,District - South Andaman (03),45-49,15248,8494,6754,6005,3287,2718,9243,5207,4036
752,C4114,35,640,District - South Andaman (03),50-54,10766,6088,4678,4304,2449,1855,6462,3639,2823
753,C4114,35,640,District - South Andaman (03),55-59,8605,4981,3624,3598,2073,1525,5007,2908,2099
754,C4114,35,640,District - South Andaman (03),60-64,5859,3384,2475,2710,1552,1158,3149,1832,1317
755,C4114,35,640,District - South Andaman (03),65-69,3320,1822,1498,1628,911,717,1692,911,781
756,C4114,35,640,District - South Andaman (03),70-74,2130,1206,924,990,553,437,1140,653,487
757,C4114,35,640,District - South Andaman (03),75-79,1192,652,540,566,323,243,626,329,297
758,C4114,35,640,District - South Andaman (03),80+,1256,639,617,664,365,299,592,274,318
759,C4114,35,640,District - South Andaman (03),Age not stated,280,142,138,92,48,44,188,94,94
760,C4114,12,0,State - ARUNACHAL PRADESH (12),All ages,1383727,713912,669815,1066358,546011,520347,317369,167901,149468
761,C4114,12,0,State - ARUNACHAL PRADESH (12),0-4,142879,72464,70415,115773,58593,57180,27106,13871,13235
762,C4114,12,0,State - ARUNACHAL PRADESH (12),5-9,171123,86699,84424,138348,70237,68111,32775,16462,16313
763,C4114,12,0,State - ARUNACHAL PRADESH (12),10-14,179359,90439,88920,140026,70980,69046,39333,19459,19874
764,C4114,12,0,State - ARUNACHAL PRADESH (12),15-19,155968,78673,77295,116064,58961,57103,39904,19712,20192
765,C4114,12,0,State - ARUNACHAL PRADESH (12),20-24,131696,66033,65663,97891,49023,48868,33805,17010,16795
766,C4114,12,0,State - ARUNACHAL PRADESH (12),25-29,123714,63366,60348,90931,45974,44957,32783,17392,15391
767,C4114,12,0,State - ARUNACHAL PRADESH (12),30-34,101171,52462,48709,74292,38006,36286,26879,14456,12423
768,C4114,12,0,State - ARUNACHAL PRADESH (12),35-39,94391,48211,46180,69148,34826,34322,25243,13385,11858
769,C4114,12,0,State - ARUNACHAL PRADESH (12),40-44,78603,42861,35742,57742,30631,27111,20861,12230,8631
770,C4114,12,0,State - ARUNACHAL PRADESH (12),45-49,63679,35173,28506,47781,25465,22316,15898,9708,6190
771,C4114,12,0,State - ARUNACHAL PRADESH (12),50-54,46110,26487,19623,36249,20048,16201,9861,6439,3422
772,C4114,12,0,State - ARUNACHAL PRADESH (12),55-59,29886,16996,12890,24559,13401,11158,5327,3595,1732
773,C4114,12,0,State - ARUNACHAL PRADESH (12),60-64,25445,13492,11953,22262,11659,10603,3183,1833,1350
774,C4114,12,0,State - ARUNACHAL PRADESH (12),65-69,14973,7642,7331,13346,6755,6591,1627,887,740
775,C4114,12,0,State - ARUNACHAL PRADESH (12),70-74,10647,5547,5100,9647,5048,4599,1000,499,501
776,C4114,12,0,State - ARUNACHAL PRADESH (12),75-79,5135,2687,2448,4655,2435,2220,480,252,228
777,C4114,12,0,State - ARUNACHAL PRADESH (12),80+,7439,3821,3618,6451,3308,3143,988,513,475
778,C4114,12,0,State - ARUNACHAL PRADESH (12),Age not stated,1509,859,650,1193,661,532,316,198,118
779,C4114,12,245,District - Tawang (01),All ages,49977,29151,20826,38775,20792,17983,11202,8359,2843
780,C4114,12,245,District - Tawang (01),0-4,3918,1967,1951,3463,1734,1729,455,233,222
781,C4114,12,245,District - Tawang (01),5-9,4714,2355,2359,4161,2105,2056,553,250,303
782,C4114,12,245,District - Tawang (01),10-14,5045,2390,2655,4427,2120,2307,618,270,348
783,C4114,12,245,District - Tawang (01),15-19,4870,2525,2345,4225,2236,1989,645,289,356
784,C4114,12,245,District - Tawang (01),20-24,5865,3769,2096,4455,2660,1795,1410,1109,301
785,C4114,12,245,District - Tawang (01),25-29,6297,4328,1969,4015,2355,1660,2282,1973,309
786,C4114,12,245,District - Tawang (01),30-34,4757,3274,1483,2826,1617,1209,1931,1657,274
787,C4114,12,245,District - Tawang (01),35-39,3864,2507,1357,2555,1456,1099,1309,1051,258
788,C4114,12,245,District - Tawang (01),40-44,2988,1856,1132,2116,1155,961,872,701,171
789,C4114,12,245,District - Tawang (01),45-49,2240,1398,842,1679,956,723,561,442,119
790,C4114,12,245,District - Tawang (01),50-54,1595,915,680,1379,752,627,216,163,53
791,C4114,12,245,District - Tawang (01),55-59,972,546,426,860,464,396,112,82,30
792,C4114,12,245,District - Tawang (01),60-64,983,460,523,903,417,486,80,43,37
793,C4114,12,245,District - Tawang (01),65-69,624,283,341,584,257,327,40,26,14
794,C4114,12,245,District - Tawang (01),70-74,448,192,256,423,182,241,25,10,15
795,C4114,12,245,District - Tawang (01),75-79,299,140,159,279,131,148,20,9,11
796,C4114,12,245,District - Tawang (01),80+,478,233,245,417,193,224,61,40,21
797,C4114,12,245,District - Tawang (01),Age not stated,20,13,7,8,2,6,12,11,1
798,C4114,12,246,District - West Kameng (02),All ages,83947,46155,37792,68015,37809,30206,15932,8346,7586
799,C4114,12,246,District - West Kameng (02),0-4,8026,4091,3935,6803,3479,3324,1223,612,611
800,C4114,12,246,District - West Kameng (02),5-9,8954,4478,4476,7384,3677,3707,1570,801,769
801,C4114,12,246,District - West Kameng (02),10-14,9297,4631,4666,7432,3650,3782,1865,981,884
802,C4114,12,246,District - West Kameng (02),15-19,8329,4157,4172,6349,3164,3185,1980,993,987
803,C4114,12,246,District - West Kameng (02),20-24,9049,4905,4144,7283,4051,3232,1766,854,912
804,C4114,12,246,District - West Kameng (02),25-29,9371,5527,3844,7757,4772,2985,1614,755,859
805,C4114,12,246,District - West Kameng (02),30-34,6998,4107,2891,5736,3461,2275,1262,646,616
806,C4114,12,246,District - West Kameng (02),35-39,6284,3630,2654,4955,2943,2012,1329,687,642
807,C4114,12,246,District - West Kameng (02),40-44,4923,3006,1917,3915,2432,1483,1008,574,434
808,C4114,12,246,District - West Kameng (02),45-49,4157,2505,1652,3320,1992,1328,837,513,324
809,C4114,12,246,District - West Kameng (02),50-54,2837,1781,1056,2233,1396,837,604,385,219
810,C4114,12,246,District - West Kameng (02),55-59,1946,1213,733,1594,963,631,352,250,102
811,C4114,12,246,District - West Kameng (02),60-64,1464,844,620,1254,718,536,210,126,84
812,C4114,12,246,District - West Kameng (02),65-69,878,454,424,777,400,377,101,54,47
813,C4114,12,246,District - West Kameng (02),70-74,602,339,263,523,295,228,79,44,35
814,C4114,12,246,District - West Kameng (02),75-79,331,189,142,279,158,121,52,31,21
815,C4114,12,246,District - West Kameng (02),80+,435,256,179,379,233,146,56,23,33
816,C4114,12,246,District - West Kameng (02),Age not stated,66,42,24,42,25,17,24,17,7
817,C4114,12,247,District - East Kameng (03),All ages,78690,38775,39915,60340,29506,30834,18350,9269,9081
818,C4114,12,247,District - East Kameng (03),0-4,9672,4848,4824,7340,3695,3645,2332,1153,1179
819,C4114,12,247,District - East Kameng (03),5-9,12256,6067,6189,9614,4733,4881,2642,1334,1308
820,C4114,12,247,District - East Kameng (03),10-14,11623,5747,5876,8767,4323,4444,2856,1424,1432
821,C4114,12,247,District - East Kameng (03),15-19,8537,4302,4235,6344,3247,3097,2193,1055,1138
822,C4114,12,247,District - East Kameng (03),20-24,5897,2756,3141,4343,2040,2303,1554,716,838
823,C4114,12,247,District - East Kameng (03),25-29,5767,2650,3117,4227,1906,2321,1540,744,796
824,C4114,12,247,District - East Kameng (03),30-34,5148,2517,2631,3764,1786,1978,1384,731,653
825,C4114,12,247,District - East Kameng (03),35-39,5083,2366,2717,3778,1683,2095,1305,683,622
826,C4114,12,247,District - East Kameng (03),40-44,4246,2138,2108,3356,1632,1724,890,506,384
827,C4114,12,247,District - East Kameng (03),45-49,3445,1745,1700,2775,1344,1431,670,401,269
828,C4114,12,247,District - East Kameng (03),50-54,2618,1404,1214,2146,1130,1016,472,274,198
829,C4114,12,247,District - East Kameng (03),55-59,1646,875,771,1440,759,681,206,116,90
830,C4114,12,247,District - East Kameng (03),60-64,1309,660,649,1158,592,566,151,68,83
831,C4114,12,247,District - East Kameng (03),65-69,612,291,321,554,269,285,58,22,36
832,C4114,12,247,District - East Kameng (03),70-74,394,187,207,360,174,186,34,13,21
833,C4114,12,247,District - East Kameng (03),75-79,132,72,60,124,67,57,8,5,3
834,C4114,12,247,District - East Kameng (03),80+,249,116,133,201,95,106,48,21,27
835,C4114,12,247,District - East Kameng (03),Age not stated,56,34,22,49,31,18,7,3,4
836,C4114,12,248,District - Papum Pare (04),All ages,176573,89182,87391,79610,39935,39675,96963,49247,47716
837,C4114,12,248,District - Papum Pare (04),0-4,17208,8783,8425,8430,4215,4215,8778,4568,4210
838,C4114,12,248,District - Papum Pare (04),5-9,20085,10086,9999,10183,5125,5058,9902,4961,4941
839,C4114,12,248,District - Papum Pare (04),10-14,22949,11189,11760,11301,5578,5723,11648,5611,6037
840,C4114,12,248,District - Papum Pare (04),15-19,22569,10967,11602,9945,4811,5134,12624,6156,6468
841,C4114,12,248,District - Papum Pare (04),20-24,20182,9843,10339,8572,4338,4234,11610,5505,6105
842,C4114,12,248,District - Papum Pare (04),25-29,17599,8578,9021,7032,3429,3603,10567,5149,5418
843,C4114,12,248,District - Papum Pare (04),30-34,13517,6686,6831,5506,2679,2827,8011,4007,4004
844,C4114,12,248,District - Papum Pare (04),35-39,12325,6160,6165,5033,2428,2605,7292,3732,3560
845,C4114,12,248,District - Papum Pare (04),40-44,10342,5614,4728,4377,2359,2018,5965,3255,2710
846,C4114,12,248,District - Papum Pare (04),45-49,7628,4400,3228,3099,1733,1366,4529,2667,1862
847,C4114,12,248,District - Papum Pare (04),50-54,4751,2878,1873,2145,1203,942,2606,1675,931
848,C4114,12,248,District - Papum Pare (04),55-59,2768,1728,1040,1299,755,544,1469,973,496
849,C4114,12,248,District - Papum Pare (04),60-64,1879,951,928,1075,515,560,804,436,368
850,C4114,12,248,District - Papum Pare (04),65-69,926,466,460,530,256,274,396,210,186
851,C4114,12,248,District - Papum Pare (04),70-74,627,294,333,378,188,190,249,106,143
852,C4114,12,248,District - Papum Pare (04),75-79,290,145,145,176,93,83,114,52,62
853,C4114,12,248,District - Papum Pare (04),80+,615,262,353,334,144,190,281,118,163
854,C4114,12,248,District - Papum Pare (04),Age not stated,313,152,161,195,86,109,118,66,52
855,C4114,12,249,District - Upper Subansiri (05),All ages,83448,41758,41690,70043,34840,35203,13405,6918,6487
856,C4114,12,249,District - Upper Subansiri (05),0-4,8126,4130,3996,6934,3535,3399,1192,595,597
857,C4114,12,249,District - Upper Subansiri (05),5-9,10877,5553,5324,9308,4796,4512,1569,757,812
858,C4114,12,249,District - Upper Subansiri (05),10-14,11891,6067,5824,9942,5097,4845,1949,970,979
859,C4114,12,249,District - Upper Subansiri (05),15-19,10669,5199,5470,8693,4217,4476,1976,982,994
860,C4114,12,249,District - Upper Subansiri (05),20-24,7919,3808,4111,6609,3168,3441,1310,640,670
861,C4114,12,249,District - Upper Subansiri (05),25-29,6572,3072,3500,5440,2516,2924,1132,556,576
862,C4114,12,249,District - Upper Subansiri (05),30-34,5788,2865,2923,4802,2353,2449,986,512,474
863,C4114,12,249,District - Upper Subansiri (05),35-39,5629,2735,2894,4585,2192,2393,1044,543,501
864,C4114,12,249,District - Upper Subansiri (05),40-44,4895,2544,2351,4065,2041,2024,830,503,327
865,C4114,12,249,District - Upper Subansiri (05),45-49,3743,1926,1817,3194,1578,1616,549,348,201
866,C4114,12,249,District - Upper Subansiri (05),50-54,2765,1508,1257,2363,1240,1123,402,268,134
867,C4114,12,249,District - Upper Subansiri (05),55-59,1614,833,781,1415,711,704,199,122,77
868,C4114,12,249,District - Upper Subansiri (05),60-64,1357,726,631,1235,670,565,122,56,66
869,C4114,12,249,District - Upper Subansiri (05),65-69,618,299,319,560,277,283,58,22,36
870,C4114,12,249,District - Upper Subansiri (05),70-74,413,214,199,388,201,187,25,13,12
871,C4114,12,249,District - Upper Subansiri (05),75-79,143,73,70,129,65,64,14,8,6
872,C4114,12,249,District - Upper Subansiri (05),80+,320,155,165,294,143,151,26,12,14
873,C4114,12,249,District - Upper Subansiri (05),Age not stated,109,51,58,87,40,47,22,11,11
874,C4114,12,250,District - West Siang (06),All ages,112274,58168,54106,87306,44687,42619,24968,13481,11487
875,C4114,12,250,District - West Siang (06),0-4,9839,5026,4813,7900,4024,3876,1939,1002,937
876,C4114,12,250,District - West Siang (06),5-9,12737,6526,6211,10315,5341,4974,2422,1185,1237
877,C4114,12,250,District - West Siang (06),10-14,15038,7490,7548,11973,6001,5972,3065,1489,1576
878,C4114,12,250,District - West Siang (06),15-19,13006,6478,6528,9550,4780,4770,3456,1698,1758
879,C4114,12,250,District - West Siang (06),20-24,10048,5135,4913,7523,3795,3728,2525,1340,1185
880,C4114,12,250,District - West Siang (06),25-29,9747,5114,4633,7081,3641,3440,2666,1473,1193
881,C4114,12,250,District - West Siang (06),30-34,8374,4429,3945,6062,3146,2916,2312,1283,1029
882,C4114,12,250,District - West Siang (06),35-39,7727,3914,3813,5616,2741,2875,2111,1173,938
883,C4114,12,250,District - West Siang (06),40-44,6811,3803,3008,5037,2695,2342,1774,1108,666
884,C4114,12,250,District - West Siang (06),45-49,5393,2971,2422,4196,2192,2004,1197,779,418
885,C4114,12,250,District - West Siang (06),50-54,4107,2289,1818,3412,1832,1580,695,457,238
886,C4114,12,250,District - West Siang (06),55-59,2747,1474,1273,2419,1256,1163,328,218,110
887,C4114,12,250,District - West Siang (06),60-64,2761,1402,1359,2550,1280,1270,211,122,89
888,C4114,12,250,District - West Siang (06),65-69,1602,859,743,1489,795,694,113,64,49
889,C4114,12,250,District - West Siang (06),70-74,1178,640,538,1111,601,510,67,39,28
890,C4114,12,250,District - West Siang (06),75-79,435,235,200,418,226,192,17,9,8
891,C4114,12,250,District - West Siang (06),80+,639,334,305,579,298,281,60,36,24
892,C4114,12,250,District - West Siang (06),Age not stated,85,49,36,75,43,32,10,6,4
893,C4114,12,251,District - East Siang (07),All ages,99214,50116,49098,71579,36147,35432,27635,13969,13666
894,C4114,12,251,District - East Siang (07),0-4,8629,4340,4289,6445,3220,3225,2184,1120,1064
895,C4114,12,251,District - East Siang (07),5-9,10586,5377,5209,7837,3981,3856,2749,1396,1353
896,C4114,12,251,District - East Siang (07),10-14,12885,6475,6410,9234,4697,4537,3651,1778,1873
897,C4114,12,251,District - East Siang (07),15-19,11594,5793,5801,7997,4065,3932,3597,1728,1869
898,C4114,12,251,District - East Siang (07),20-24,9583,4605,4978,6776,3290,3486,2807,1315,1492
899,C4114,12,251,District - East Siang (07),25-29,8716,4104,4612,6183,2926,3257,2533,1178,1355
900,C4114,12,251,District - East Siang (07),30-34,7243,3540,3703,5070,2486,2584,2173,1054,1119
901,C4114,12,251,District - East Siang (07),35-39,7175,3485,3690,4889,2388,2501,2286,1097,1189
902,C4114,12,251,District - East Siang (07),40-44,5935,3143,2792,4064,2127,1937,1871,1016,855
903,C4114,12,251,District - East Siang (07),45-49,4981,2742,2239,3480,1861,1619,1501,881,620
904,C4114,12,251,District - East Siang (07),50-54,3537,2031,1506,2633,1458,1175,904,573,331
905,C4114,12,251,District - East Siang (07),55-59,2209,1211,998,1698,889,809,511,322,189
906,C4114,12,251,District - East Siang (07),60-64,2311,1209,1102,1912,961,951,399,248,151
907,C4114,12,251,District - East Siang (07),65-69,1656,857,799,1429,729,700,227,128,99
908,C4114,12,251,District - East Siang (07),70-74,1050,585,465,931,511,420,119,74,45
909,C4114,12,251,District - East Siang (07),75-79,543,290,253,487,269,218,56,21,35
910,C4114,12,251,District - East Siang (07),80+,496,269,227,429,229,200,67,40,27
911,C4114,12,251,District - East Siang (07),Age not stated,85,60,25,85,60,25,0,0,0
912,C4114,12,252,District - Upper Siang (08),All ages,35320,18699,16621,28780,15335,13445,6540,3364,3176
913,C4114,12,252,District - Upper Siang (08),0-4,3265,1649,1616,2691,1360,1331,574,289,285
914,C4114,12,252,District - Upper Siang (08),5-9,4117,2117,2000,3323,1700,1623,794,417,377
915,C4114,12,252,District - Upper Siang (08),10-14,4489,2278,2211,3566,1828,1738,923,450,473
916,C4114,12,252,District - Upper Siang (08),15-19,3489,1772,1717,2670,1374,1296,819,398,421
917,C4114,12,252,District - Upper Siang (08),20-24,2901,1526,1375,2358,1285,1073,543,241,302
918,C4114,12,252,District - Upper Siang (08),25-29,2829,1484,1345,2287,1245,1042,542,239,303
919,C4114,12,252,District - Upper Siang (08),30-34,2799,1527,1272,2246,1259,987,553,268,285
920,C4114,12,252,District - Upper Siang (08),35-39,2307,1258,1049,1742,985,757,565,273,292
921,C4114,12,252,District - Upper Siang (08),40-44,2005,1158,847,1559,869,690,446,289,157
922,C4114,12,252,District - Upper Siang (08),45-49,1799,960,839,1507,783,724,292,177,115
923,C4114,12,252,District - Upper Siang (08),50-54,1442,885,557,1274,766,508,168,119,49
924,C4114,12,252,District - Upper Siang (08),55-59,994,558,436,869,476,393,125,82,43
925,C4114,12,252,District - Upper Siang (08),60-64,1039,559,480,942,496,446,97,63,34
926,C4114,12,252,District - Upper Siang (08),65-69,622,324,298,591,308,283,31,16,15
927,C4114,12,252,District - Upper Siang (08),70-74,526,270,256,504,258,246,22,12,10
928,C4114,12,252,District - Upper Siang (08),75-79,277,149,128,269,142,127,8,7,1
929,C4114,12,252,District - Upper Siang (08),80+,352,190,162,324,172,152,28,18,10
930,C4114,12,252,District - Upper Siang (08),Age not stated,68,35,33,58,29,29,10,6,4
931,C4114,12,253,District - Changlang (09),All ages,148226,76948,71278,128998,66283,62715,19228,10665,8563
932,C4114,12,253,District - Changlang (09),0-4,17716,8922,8794,16159,8134,8025,1557,788,769
933,C4114,12,253,District - Changlang (09),5-9,19224,9755,9469,17431,8858,8573,1793,897,896
934,C4114,12,253,District - Changlang (09),10-14,17934,9187,8747,15746,8038,7708,2188,1149,1039
935,C4114,12,253,District - Changlang (09),15-19,14862,7833,7029,12719,6670,6049,2143,1163,980
936,C4114,12,253,District - Changlang (09),20-24,13512,6630,6882,11470,5520,5950,2042,1110,932
937,C4114,12,253,District - Changlang (09),25-29,13382,6853,6529,11348,5671,5677,2034,1182,852
938,C4114,12,253,District - Changlang (09),30-34,11043,5643,5400,9449,4813,4636,1594,830,764
939,C4114,12,253,District - Changlang (09),35-39,10049,5253,4796,8442,4452,3990,1607,801,806
940,C4114,12,253,District - Changlang (09),40-44,7623,4240,3383,6136,3341,2795,1487,899,588
941,C4114,12,253,District - Changlang (09),45-49,6303,3460,2843,5178,2733,2445,1125,727,398
942,C4114,12,253,District - Changlang (09),50-54,4864,2741,2123,4130,2239,1891,734,502,232
943,C4114,12,253,District - Changlang (09),55-59,3599,2079,1520,3152,1756,1396,447,323,124
944,C4114,12,253,District - Changlang (09),60-64,2899,1616,1283,2692,1480,1212,207,136,71
945,C4114,12,253,District - Changlang (09),65-69,1823,919,904,1736,864,872,87,55,32
946,C4114,12,253,District - Changlang (09),70-74,1466,770,696,1398,733,665,68,37,31
947,C4114,12,253,District - Changlang (09),75-79,798,419,379,762,397,365,36,22,14
948,C4114,12,253,District - Changlang (09),80+,965,529,436,903,496,407,62,33,29
949,C4114,12,253,District - Changlang (09),Age not stated,164,99,65,147,88,59,17,11,6
950,C4114,12,254,District - Tirap (10),All ages,111975,57604,54371,91165,46185,44980,20810,11419,9391
951,C4114,12,254,District - Tirap (10),0-4,13613,6901,6712,11822,5961,5861,1791,940,851
952,C4114,12,254,District - Tirap (10),5-9,15678,8063,7615,13420,6927,6493,2258,1136,1122
953,C4114,12,254,District - Tirap (10),10-14,14304,7352,6952,11807,6130,5677,2497,1222,1275
954,C4114,12,254,District - Tirap (10),15-19,10992,5572,5420,8635,4415,4220,2357,1157,1200
955,C4114,12,254,District - Tirap (10),20-24,8739,4292,4447,6770,3253,3517,1969,1039,930
956,C4114,12,254,District - Tirap (10),25-29,8459,4155,4304,6416,3049,3367,2043,1106,937
957,C4114,12,254,District - Tirap (10),30-34,7071,3640,3431,5243,2630,2613,1828,1010,818
958,C4114,12,254,District - Tirap (10),35-39,6924,3607,3317,5250,2650,2600,1674,957,717
959,C4114,12,254,District - Tirap (10),40-44,6195,3348,2847,4549,2284,2265,1646,1064,582
960,C4114,12,254,District - Tirap (10),45-49,5479,2961,2518,4315,2231,2084,1164,730,434
961,C4114,12,254,District - Tirap (10),50-54,4223,2344,1879,3480,1827,1653,743,517,226
962,C4114,12,254,District - Tirap (10),55-59,3071,1721,1350,2702,1457,1245,369,264,105
963,C4114,12,254,District - Tirap (10),60-64,2509,1245,1264,2312,1128,1184,197,117,80
964,C4114,12,254,District - Tirap (10),65-69,1587,798,789,1494,749,745,93,49,44
965,C4114,12,254,District - Tirap (10),70-74,1229,621,608,1166,589,577,63,32,31
966,C4114,12,254,District - Tirap (10),75-79,757,380,377,734,364,370,23,16,7
967,C4114,12,254,District - Tirap (10),80+,1047,539,508,989,504,485,58,35,23
968,C4114,12,254,District - Tirap (10),Age not stated,98,65,33,61,37,24,37,28,9
969,C4114,12,255,District - Lower Subansiri (11),All ages,83030,41843,41187,70224,35460,34764,12806,6383,6423
970,C4114,12,255,District - Lower Subansiri (11),0-4,6835,3481,3354,5877,3010,2867,958,471,487
971,C4114,12,255,District - Lower Subansiri (11),5-9,9086,4640,4446,7839,4034,3805,1247,606,641
972,C4114,12,255,District - Lower Subansiri (11),10-14,11147,5702,5445,9446,4858,4588,1701,844,857
973,C4114,12,255,District - Lower Subansiri (11),15-19,11592,5709,5883,9698,4844,4854,1894,865,1029
974,C4114,12,255,District - Lower Subansiri (11),20-24,8913,4341,4572,7560,3723,3837,1353,618,735
975,C4114,12,255,District - Lower Subansiri (11),25-29,7685,3794,3891,6417,3176,3241,1268,618,650
976,C4114,12,255,District - Lower Subansiri (11),30-34,5999,2935,3064,4947,2415,2532,1052,520,532
977,C4114,12,255,District - Lower Subansiri (11),35-39,5781,2809,2972,4767,2301,2466,1014,508,506
978,C4114,12,255,District - Lower Subansiri (11),40-44,4650,2441,2209,3881,2007,1874,769,434,335
979,C4114,12,255,District - Lower Subansiri (11),45-49,3875,2061,1814,3207,1667,1540,668,394,274
980,C4114,12,255,District - Lower Subansiri (11),50-54,2691,1475,1216,2318,1251,1067,373,224,149
981,C4114,12,255,District - Lower Subansiri (11),55-59,1704,915,789,1488,783,705,216,132,84
982,C4114,12,255,District - Lower Subansiri (11),60-64,1343,670,673,1222,608,614,121,62,59
983,C4114,12,255,District - Lower Subansiri (11),65-69,789,389,400,704,344,360,85,45,40
984,C4114,12,255,District - Lower Subansiri (11),70-74,477,247,230,437,227,210,40,20,20
985,C4114,12,255,District - Lower Subansiri (11),75-79,169,87,82,158,80,78,11,7,4
986,C4114,12,255,District - Lower Subansiri (11),80+,239,116,123,209,104,105,30,12,18
987,C4114,12,255,District - Lower Subansiri (11),Age not stated,55,31,24,49,28,21,6,3,3
988,C4114,12,256,District - Kurung Kumey (12),All ages,92076,45318,46758,89731,44072,45659,2345,1246,1099
989,C4114,12,256,District - Kurung Kumey (12),0-4,11284,5705,5579,10962,5537,5425,322,168,154
990,C4114,12,256,District - Kurung Kumey (12),5-9,14238,7208,7030,13897,7024,6873,341,184,157
991,C4114,12,256,District - Kurung Kumey (12),10-14,13916,7041,6875,13602,6887,6715,314,154,160
992,C4114,12,256,District - Kurung Kumey (12),15-19,11124,5672,5452,10881,5564,5317,243,108,135
993,C4114,12,256,District - Kurung Kumey (12),20-24,7240,3357,3883,7042,3255,3787,198,102,96
994,C4114,12,256,District - Kurung Kumey (12),25-29,6577,2916,3661,6340,2784,3556,237,132,105
995,C4114,12,256,District - Kurung Kumey (12),30-34,5949,2704,3245,5762,2613,3149,187,91,96
996,C4114,12,256,District - Kurung Kumey (12),35-39,5866,2496,3370,5697,2392,3305,169,104,65
997,C4114,12,256,District - Kurung Kumey (12),40-44,5111,2469,2642,4993,2398,2595,118,71,47
998,C4114,12,256,District - Kurung Kumey (12),45-49,3787,1992,1795,3709,1937,1772,78,55,23
999,C4114,12,256,District - Kurung Kumey (12),50-54,2796,1538,1258,2727,1493,1234,69,45,24
1000,C4114,12,256,District - Kurung Kumey (12),55-59,1527,814,713,1499,801,698,28,13,15
1001,C4114,12,256,District - Kurung Kumey (12),60-64,1288,730,558,1270,722,548,18,8,10
1002,C4114,12,256,District - Kurung Kumey (12),65-69,520,255,265,516,255,261,4,0,4
1003,C4114,12,256,District - Kurung Kumey (12),70-74,364,183,181,355,179,176,9,4,5
1004,C4114,12,256,District - Kurung Kumey (12),75-79,107,56,51,104,55,49,3,1,2
1005,C4114,12,256,District - Kurung Kumey (12),80+,234,101,133,230,98,132,4,3,1
1006,C4114,12,256,District - Kurung Kumey (12),Age not stated,148,81,67,145,78,67,3,3,0
1007,C4114,12,257,District - Dibang Valley (13),All ages,8004,4414,3590,5620,3098,2522,2384,1316,1068
1008,C4114,12,257,District - Dibang Valley (13),0-4,740,404,336,532,292,240,208,112,96
1009,C4114,12,257,District - Dibang Valley (13),5-9,863,446,417,624,324,300,239,122,117
1010,C4114,12,257,District - Dibang Valley (13),10-14,949,468,481,669,344,325,280,124,156
1011,C4114,12,257,District - Dibang Valley (13),15-19,859,423,436,597,301,296,262,122,140
1012,C4114,12,257,District - Dibang Valley (13),20-24,871,511,360,616,359,257,255,152,103
1013,C4114,12,257,District - Dibang Valley (13),25-29,831,480,351,553,330,223,278,150,128
1014,C4114,12,257,District - Dibang Valley (13),30-34,591,333,258,409,234,175,182,99,83
1015,C4114,12,257,District - Dibang Valley (13),35-39,591,330,261,389,216,173,202,114,88
1016,C4114,12,257,District - Dibang Valley (13),40-44,511,310,201,341,199,142,170,111,59
1017,C4114,12,257,District - Dibang Valley (13),45-49,395,240,155,269,152,117,126,88,38
1018,C4114,12,257,District - Dibang Valley (13),50-54,252,149,103,192,109,83,60,40,20
1019,C4114,12,257,District - Dibang Valley (13),55-59,175,107,68,146,86,60,29,21,8
1020,C4114,12,257,District - Dibang Valley (13),60-64,155,93,62,125,78,47,30,15,15
1021,C4114,12,257,District - Dibang Valley (13),65-69,95,42,53,83,37,46,12,5,7
1022,C4114,12,257,District - Dibang Valley (13),70-74,36,20,16,27,17,10,9,3,6
1023,C4114,12,257,District - Dibang Valley (13),75-79,15,6,9,13,5,8,2,1,1
1024,C4114,12,257,District - Dibang Valley (13),80+,58,41,17,21,7,14,37,34,3
1025,C4114,12,257,District - Dibang Valley (13),Age not stated,17,11,6,14,8,6,3,3,0
1026,C4114,12,258,District - Lower Dibang Valley (14),All ages,54080,28053,26027,42691,21989,20702,11389,6064,5325
1027,C4114,12,258,District - Lower Dibang Valley (14),0-4,5416,2774,2642,4652,2369,2283,764,405,359
1028,C4114,12,258,District - Lower Dibang Valley (14),5-9,6472,3276,3196,5378,2717,2661,1094,559,535
1029,C4114,12,258,District - Lower Dibang Valley (14),10-14,7003,3582,3421,5253,2712,2541,1750,870,880
1030,C4114,12,258,District - Lower Dibang Valley (14),15-19,6173,3160,3013,4559,2339,2220,1614,821,793
1031,C4114,12,258,District - Lower Dibang Valley (14),20-24,5244,2559,2685,4241,2050,2191,1003,509,494
1032,C4114,12,258,District - Lower Dibang Valley (14),25-29,4832,2421,2411,3859,1915,1944,973,506,467
1033,C4114,12,258,District - Lower Dibang Valley (14),30-34,3860,1979,1881,2971,1536,1435,889,443,446
1034,C4114,12,258,District - Lower Dibang Valley (14),35-39,3608,1818,1790,2715,1362,1353,893,456,437
1035,C4114,12,258,District - Lower Dibang Valley (14),40-44,3113,1640,1473,2346,1208,1138,767,432,335
1036,C4114,12,258,District - Lower Dibang Valley (14),45-49,2673,1478,1195,1996,1082,914,677,396,281
1037,C4114,12,258,District - Lower Dibang Valley (14),50-54,1984,1230,754,1531,906,625,453,324,129
1038,C4114,12,258,District - Lower Dibang Valley (14),55-59,1216,761,455,976,572,404,240,189,51
1039,C4114,12,258,District - Lower Dibang Valley (14),60-64,974,564,410,864,491,373,110,73,37
1040,C4114,12,258,District - Lower Dibang Valley (14),65-69,599,342,257,532,306,226,67,36,31
1041,C4114,12,258,District - Lower Dibang Valley (14),70-74,423,203,220,382,187,195,41,16,25
1042,C4114,12,258,District - Lower Dibang Valley (14),75-79,179,99,80,162,89,73,17,10,7
1043,C4114,12,258,District - Lower Dibang Valley (14),80+,277,149,128,243,131,112,34,18,16
1044,C4114,12,258,District - Lower Dibang Valley (14),Age not stated,34,18,16,31,17,14,3,1,2
1045,C4114,12,259,District - Lohit (15),All ages,145726,76221,69505,113296,58991,54305,32430,17230,15200
1046,C4114,12,259,District - Lohit (15),0-4,16204,8262,7942,13438,6878,6560,2766,1384,1382
1047,C4114,12,259,District - Lohit (15),5-9,18539,9397,9142,14985,7564,7421,3554,1833,1721
1048,C4114,12,259,District - Lohit (15),10-14,18187,9333,8854,14354,7295,7059,3833,2038,1795
1049,C4114,12,259,District - Lohit (15),15-19,15267,7992,7275,11348,5930,5418,3919,2062,1857
1050,C4114,12,259,District - Lohit (15),20-24,13737,6912,6825,10409,5255,5154,3328,1657,1671
1051,C4114,12,259,District - Lohit (15),25-29,12956,6640,6316,10002,5090,4912,2954,1550,1404
1052,C4114,12,259,District - Lohit (15),30-34,10485,5381,5104,8025,4132,3893,2460,1249,1211
1053,C4114,12,259,District - Lohit (15),35-39,9845,5090,4755,7452,3921,3531,2393,1169,1224
1054,C4114,12,259,District - Lohit (15),40-44,8226,4537,3689,6023,3306,2717,2203,1231,972
1055,C4114,12,259,District - Lohit (15),45-49,6937,3870,3067,5044,2785,2259,1893,1085,808
1056,C4114,12,259,District - Lohit (15),50-54,5000,2958,2042,3651,2096,1555,1349,862,487
1057,C4114,12,259,District - Lohit (15),55-59,3213,1912,1301,2528,1434,1094,685,478,207
1058,C4114,12,259,District - Lohit (15),60-64,2690,1528,1162,2269,1271,998,421,257,164
1059,C4114,12,259,District - Lohit (15),65-69,1665,903,762,1413,749,664,252,154,98
1060,C4114,12,259,District - Lohit (15),70-74,1197,668,529,1049,594,455,148,74,74
1061,C4114,12,259,District - Lohit (15),75-79,565,310,255,466,257,209,99,53,46
1062,C4114,12,259,District - Lohit (15),80+,865,436,429,732,369,363,133,67,66
1063,C4114,12,259,District - Lohit (15),Age not stated,148,92,56,108,65,43,40,27,13
1064,C4114,12,260,District - Anjaw (16),All ages,21167,11507,9660,20185,10882,9303,982,625,357
1065,C4114,12,260,District - Anjaw (16),0-4,2388,1181,1207,2325,1150,1175,63,31,32
1066,C4114,12,260,District - Anjaw (16),5-9,2697,1355,1342,2649,1331,1318,48,24,24
1067,C4114,12,260,District - Anjaw (16),10-14,2702,1507,1195,2507,1422,1085,195,85,110
1068,C4114,12,260,District - Anjaw (16),15-19,2036,1119,917,1854,1004,850,182,115,67
1069,C4114,12,260,District - Anjaw (16),20-24,1996,1084,912,1864,981,883,132,103,29
1070,C4114,12,260,District - Anjaw (16),25-29,2094,1250,844,1974,1169,805,120,81,39
1071,C4114,12,260,District - Anjaw (16),30-34,1549,902,647,1474,846,628,75,56,19
1072,C4114,12,260,District - Anjaw (16),35-39,1333,753,580,1283,716,567,50,37,13
1073,C4114,12,260,District - Anjaw (16),40-44,1029,614,415,984,578,406,45,36,9
1074,C4114,12,260,District - Anjaw (16),45-49,844,464,380,813,439,374,31,25,6
1075,C4114,12,260,District - Anjaw (16),50-54,648,361,287,635,350,285,13,11,2
1076,C4114,12,260,District - Anjaw (16),55-59,485,249,236,474,239,235,11,10,1
1077,C4114,12,260,District - Anjaw (16),60-64,484,235,249,479,232,247,5,3,2
1078,C4114,12,260,District - Anjaw (16),65-69,357,161,196,354,160,194,3,1,2
1079,C4114,12,260,District - Anjaw (16),70-74,217,114,103,215,112,103,2,2,0
1080,C4114,12,260,District - Anjaw (16),75-79,95,37,58,95,37,58,0,0,0
1081,C4114,12,260,District - Anjaw (16),80+,170,95,75,167,92,75,3,3,0
1082,C4114,12,260,District - Anjaw (16),Age not stated,43,26,17,39,24,15,4,2,2
1083,C4114,28,0,State - ANDHRA PRADESH (28),All ages,84580777,42442146,42138631,56361702,28243241,28118461,28219075,14198905,14020170
1084,C4114,28,0,State - ANDHRA PRADESH (28),0-4,6284765,3235887,3048878,4212158,2165606,2046552,2072607,1070281,1002326
1085,C4114,28,0,State - ANDHRA PRADESH (28),5-9,7304432,3760398,3544034,4976869,2559092,2417777,2327563,1201306,1126257
1086,C4114,28,0,State - ANDHRA PRADESH (28),10-14,8201595,4208884,3992711,5565402,2859860,2705542,2636193,1349024,1287169
1087,C4114,28,0,State - ANDHRA PRADESH (28),15-19,8093747,4196307,3897440,5334069,2799993,2534076,2759678,1396314,1363364
1088,C4114,28,0,State - ANDHRA PRADESH (28),20-24,8132094,4055697,4076397,5263277,2682670,2580607,2868817,1373027,1495790
1089,C4114,28,0,State - ANDHRA PRADESH (28),25-29,7799036,3809887,3989149,4995581,2453142,2542439,2803455,1356745,1446710
1090,C4114,28,0,State - ANDHRA PRADESH (28),30-34,6584371,3300407,3283964,4233619,2106915,2126704,2350752,1193492,1157260
1091,C4114,28,0,State - ANDHRA PRADESH (28),35-39,6507339,3198512,3308827,4246358,2064444,2181914,2260981,1134068,1126913
1092,C4114,28,0,State - ANDHRA PRADESH (28),40-44,5399473,2794398,2605075,3540901,1819821,1721080,1858572,974577,883995
1093,C4114,28,0,State - ANDHRA PRADESH (28),45-49,4657269,2374633,2282636,3067300,1549594,1517706,1589969,825039,764930
1094,C4114,28,0,State - ANDHRA PRADESH (28),50-54,3657386,1862583,1794803,2441460,1229218,1212242,1215926,633365,582561
1095,C4114,28,0,State - ANDHRA PRADESH (28),55-59,2909598,1350539,1559059,1975179,878394,1096785,934419,472145,462274
1096,C4114,28,0,State - ANDHRA PRADESH (28),60-64,3199837,1485764,1714073,2342553,1066864,1275689,857284,418900,438384
1097,C4114,28,0,State - ANDHRA PRADESH (28),65-69,2167854,1034360,1133494,1624701,774178,850523,543153,260182,282971
1098,C4114,28,0,State - ANDHRA PRADESH (28),70-74,1519358,752743,766615,1148018,573247,574771,371340,179496,191844
1099,C4114,28,0,State - ANDHRA PRADESH (28),75-79,636989,307474,329515,460041,224296,235745,176948,83178,93770
1100,C4114,28,0,State - ANDHRA PRADESH (28),80+,754203,325987,428216,532778,234293,298485,221425,91694,129731
1101,C4114,28,0,State - ANDHRA PRADESH (28),Age not stated,771431,387686,383745,401438,201614,199824,369993,186072,183921
1102,C4114,28,532,District - Adilabad (01),All ages,2741239,1369597,1371642,1980980,985303,995677,760259,384294,375965
1103,C4114,28,532,District - Adilabad (01),0-4,208808,107822,100986,157256,81160,76096,51552,26662,24890
1104,C4114,28,532,District - Adilabad (01),5-9,256466,132018,124448,194470,99619,94851,61996,32399,29597
1105,C4114,28,532,District - Adilabad (01),10-14,291813,148800,143013,215497,109890,105607,76316,38910,37406
1106,C4114,28,532,District - Adilabad (01),15-19,280583,142884,137699,199504,102149,97355,81079,40735,40344
1107,C4114,28,532,District - Adilabad (01),20-24,260882,131538,129344,179532,90479,89053,81350,41059,40291
1108,C4114,28,532,District - Adilabad (01),25-29,237826,117622,120204,167652,81999,85653,70174,35623,34551
1109,C4114,28,532,District - Adilabad (01),30-34,205149,101640,103509,147261,72603,74658,57888,29037,28851
1110,C4114,28,532,District - Adilabad (01),35-39,195268,95843,99425,139414,68801,70613,55854,27042,28812
1111,C4114,28,532,District - Adilabad (01),40-44,164943,83096,81847,115603,58424,57179,49340,24672,24668
1112,C4114,28,532,District - Adilabad (01),45-49,139191,70290,68901,95833,48101,47732,43358,22189,21169
1113,C4114,28,532,District - Adilabad (01),50-54,106868,54829,52039,74879,37474,37405,31989,17355,14634
1114,C4114,28,532,District - Adilabad (01),55-59,83269,38043,45226,60377,26049,34328,22892,11994,10898
1115,C4114,28,532,District - Adilabad (01),60-64,91285,41573,49712,71348,32205,39143,19937,9368,10569
1116,C4114,28,532,District - Adilabad (01),65-69,60783,27572,33211,47872,21615,26257,12911,5957,6954
1117,C4114,28,532,District - Adilabad (01),70-74,41190,19056,22134,32261,14964,17297,8929,4092,4837
1118,C4114,28,532,District - Adilabad (01),75-79,17166,7497,9669,13242,5751,7491,3924,1746,2178
1119,C4114,28,532,District - Adilabad (01),80+,21961,8897,13064,16560,6722,9838,5401,2175,3226
1120,C4114,28,532,District - Adilabad (01),Age not stated,77788,40577,37211,52419,27298,25121,25369,13279,12090
1121,C4114,28,533,District - Nizamabad (02),All ages,2551335,1250641,1300694,1962963,958837,1004126,588372,291804,296568
1122,C4114,28,533,District - Nizamabad (02),0-4,194793,99714,95079,148261,76131,72130,46532,23583,22949
1123,C4114,28,533,District - Nizamabad (02),5-9,228282,116436,111846,174293,88949,85344,53989,27487,26502
1124,C4114,28,533,District - Nizamabad (02),10-14,264999,135099,129900,203831,104157,99674,61168,30942,30226
1125,C4114,28,533,District - Nizamabad (02),15-19,246388,125141,121247,187224,95982,91242,59164,29159,30005
1126,C4114,28,533,District - Nizamabad (02),20-24,238689,116429,122260,178806,87810,90996,59883,28619,31264
1127,C4114,28,533,District - Nizamabad (02),25-29,226622,109245,117377,171192,82306,88886,55430,26939,28491
1128,C4114,28,533,District - Nizamabad (02),30-34,194416,94357,100059,147700,71166,76534,46716,23191,23525
1129,C4114,28,533,District - Nizamabad (02),35-39,192968,94291,98677,148374,71950,76424,44594,22341,22253
1130,C4114,28,533,District - Nizamabad (02),40-44,157554,80339,77215,120701,60576,60125,36853,19763,17090
1131,C4114,28,533,District - Nizamabad (02),45-49,131463,65879,65584,101983,50399,51584,29480,15480,14000
1132,C4114,28,533,District - Nizamabad (02),50-54,103161,49899,53262,80494,38608,41886,22667,11291,11376
1133,C4114,28,533,District - Nizamabad (02),55-59,83669,36156,47513,65741,27597,38144,17928,8559,9369
1134,C4114,28,533,District - Nizamabad (02),60-64,98405,43530,54875,80647,35283,45364,17758,8247,9511
1135,C4114,28,533,District - Nizamabad (02),65-69,63522,28332,35190,52026,23112,28914,11496,5220,6276
1136,C4114,28,533,District - Nizamabad (02),70-74,45906,20440,25466,38163,16966,21197,7743,3474,4269
1137,C4114,28,533,District - Nizamabad (02),75-79,18744,7934,10810,15199,6435,8764,3545,1499,2046
1138,C4114,28,533,District - Nizamabad (02),80+,24166,8879,15287,19806,7305,12501,4360,1574,2786
1139,C4114,28,533,District - Nizamabad (02),Age not stated,37588,18541,19047,28522,14105,14417,9066,4436,4630
1140,C4114,28,534,District - Karimnagar (03),All ages,3776269,1880800,1895469,2825044,1401950,1423094,951225,478850,472375
1141,C4114,28,534,District - Karimnagar (03),0-4,228896,118138,110758,166093,85666,80427,62803,32472,30331
1142,C4114,28,534,District - Karimnagar (03),5-9,285016,146868,138148,210717,108560,102157,74299,38308,35991
1143,C4114,28,534,District - Karimnagar (03),10-14,371045,189598,181447,281523,143832,137691,89522,45766,43756
1144,C4114,28,534,District - Karimnagar (03),15-19,367249,185934,181315,273629,139024,134605,93620,46910,46710
1145,C4114,28,534,District - Karimnagar (03),20-24,358220,180718,177502,257960,131693,126267,100260,49025,51235
1146,C4114,28,534,District - Karimnagar (03),25-29,329808,162750,167058,235057,115935,119122,94751,46815,47936
1147,C4114,28,534,District - Karimnagar (03),30-34,282262,138442,143820,205149,99577,105572,77113,38865,38248
1148,C4114,28,534,District - Karimnagar (03),35-39,290961,139846,151115,213989,102072,111917,76972,37774,39198
1149,C4114,28,534,District - Karimnagar (03),40-44,246670,125902,120768,182696,92844,89852,63974,33058,30916
1150,C4114,28,534,District - Karimnagar (03),45-49,211842,107480,104362,154713,78129,76584,57129,29351,27778
1151,C4114,28,534,District - Karimnagar (03),50-54,165896,84688,81208,123731,62224,61507,42165,22464,19701
1152,C4114,28,534,District - Karimnagar (03),55-59,133976,61311,72665,101276,44298,56978,32700,17013,15687
1153,C4114,28,534,District - Karimnagar (03),60-64,156440,70566,85874,127224,56139,71085,29216,14427,14789
1154,C4114,28,534,District - Karimnagar (03),65-69,106880,50164,56716,89235,41555,47680,17645,8609,9036
1155,C4114,28,534,District - Karimnagar (03),70-74,84138,42596,41542,71203,36446,34757,12935,6150,6785
1156,C4114,28,534,District - Karimnagar (03),75-79,36530,17785,18745,30484,15135,15349,6046,2650,3396
1157,C4114,28,534,District - Karimnagar (03),80+,44634,20005,24629,36847,16947,19900,7787,3058,4729
1158,C4114,28,534,District - Karimnagar (03),Age not stated,75806,38009,37797,63518,31874,31644,12288,6135,6153
1159,C4114,28,535,District - Medak (04),All ages,3033288,1523030,1510258,2305417,1152806,1152611,727871,370224,357647
1160,C4114,28,535,District - Medak (04),0-4,253162,129183,123979,191399,97633,93766,61763,31550,30213
1161,C4114,28,535,District - Medak (04),5-9,286523,146964,139559,220972,113318,107654,65551,33646,31905
1162,C4114,28,535,District - Medak (04),10-14,321072,164203,156869,248469,127305,121164,72603,36898,35705
1163,C4114,28,535,District - Medak (04),15-19,299463,155707,143756,227860,119541,108319,71603,36166,35437
1164,C4114,28,535,District - Medak (04),20-24,292001,147147,144854,213802,108897,104905,78199,38250,39949
1165,C4114,28,535,District - Medak (04),25-29,283548,139815,143733,205969,101499,104470,77579,38316,39263
1166,C4114,28,535,District - Medak (04),30-34,229396,115670,113726,167541,83442,84099,61855,32228,29627
1167,C4114,28,535,District - Medak (04),35-39,225886,112184,113702,167189,81982,85207,58697,30202,28495
1168,C4114,28,535,District - Medak (04),40-44,175967,92873,83094,131197,68359,62838,44770,24514,20256
1169,C4114,28,535,District - Medak (04),45-49,148489,76244,72245,112025,56403,55622,36464,19841,16623
1170,C4114,28,535,District - Medak (04),50-54,115440,57268,58172,89284,43571,45713,26156,13697,12459
1171,C4114,28,535,District - Medak (04),55-59,94988,41716,53272,75015,31719,43296,19973,9997,9976
1172,C4114,28,535,District - Medak (04),60-64,114728,52730,61998,95149,43303,51846,19579,9427,10152
1173,C4114,28,535,District - Medak (04),65-69,76197,35876,40321,64516,30319,34197,11681,5557,6124
1174,C4114,28,535,District - Medak (04),70-74,55849,27710,28139,47509,23778,23731,8340,3932,4408
1175,C4114,28,535,District - Medak (04),75-79,23290,11007,12283,19548,9308,10240,3742,1699,2043
1176,C4114,28,535,District - Medak (04),80+,28876,12218,16658,23976,10316,13660,4900,1902,2998
1177,C4114,28,535,District - Medak (04),Age not stated,8413,4515,3898,3997,2113,1884,4416,2402,2014
1178,C4114,28,536,District - Hyderabad (05),All ages,3943323,2018575,1924748,0,0,0,3943323,2018575,1924748
1179,C4114,28,536,District - Hyderabad (05),0-4,326729,170939,155790,0,0,0,326729,170939,155790
1180,C4114,28,536,District - Hyderabad (05),5-9,353598,183749,169849,0,0,0,353598,183749,169849
1181,C4114,28,536,District - Hyderabad (05),10-14,377399,195104,182295,0,0,0,377399,195104,182295
1182,C4114,28,536,District - Hyderabad (05),15-19,379760,194945,184815,0,0,0,379760,194945,184815
1183,C4114,28,536,District - Hyderabad (05),20-24,414782,203305,211477,0,0,0,414782,203305,211477
1184,C4114,28,536,District - Hyderabad (05),25-29,396862,192865,203997,0,0,0,396862,192865,203997
1185,C4114,28,536,District - Hyderabad (05),30-34,332567,169446,163121,0,0,0,332567,169446,163121
1186,C4114,28,536,District - Hyderabad (05),35-39,292188,149605,142583,0,0,0,292188,149605,142583
1187,C4114,28,536,District - Hyderabad (05),40-44,245833,129221,116612,0,0,0,245833,129221,116612
1188,C4114,28,536,District - Hyderabad (05),45-49,197655,103875,93780,0,0,0,197655,103875,93780
1189,C4114,28,536,District - Hyderabad (05),50-54,157723,84032,73691,0,0,0,157723,84032,73691
1190,C4114,28,536,District - Hyderabad (05),55-59,118014,62647,55367,0,0,0,118014,62647,55367
1191,C4114,28,536,District - Hyderabad (05),60-64,99234,51890,47344,0,0,0,99234,51890,47344
1192,C4114,28,536,District - Hyderabad (05),65-69,63579,32990,30589,0,0,0,63579,32990,30589
1193,C4114,28,536,District - Hyderabad (05),70-74,44375,22783,21592,0,0,0,44375,22783,21592
1194,C4114,28,536,District - Hyderabad (05),75-79,24049,11916,12133,0,0,0,24049,11916,12133
1195,C4114,28,536,District - Hyderabad (05),80+,35695,16467,19228,0,0,0,35695,16467,19228
1196,C4114,28,536,District - Hyderabad (05),Age not stated,83281,42796,40485,0,0,0,83281,42796,40485
1197,C4114,28,537,District - Rangareddy (06),All ages,5296741,2701008,2595733,1577569,801013,776556,3719172,1899995,1819177
1198,C4114,28,537,District - Rangareddy (06),0-4,445310,230457,214853,133347,68822,64525,311963,161635,150328
1199,C4114,28,537,District - Rangareddy (06),5-9,464289,239149,225140,150130,76876,73254,314159,162273,151886
1200,C4114,28,537,District - Rangareddy (06),10-14,484906,248457,236449,165378,85000,80378,319528,163457,156071
1201,C4114,28,537,District - Rangareddy (06),15-19,478399,246310,232089,157046,83419,73627,321353,162891,158462
1202,C4114,28,537,District - Rangareddy (06),20-24,534397,258192,276205,153201,78989,74212,381196,179203,201993
1203,C4114,28,537,District - Rangareddy (06),25-29,559687,270446,289241,146273,72471,73802,413414,197975,215439
1204,C4114,28,537,District - Rangareddy (06),30-34,459760,240584,219176,115709,58732,56977,344051,181852,162199
1205,C4114,28,537,District - Rangareddy (06),35-39,415783,215648,200135,113682,57182,56500,302101,158466,143635
1206,C4114,28,537,District - Rangareddy (06),40-44,316773,171360,145413,86457,45858,40599,230316,125502,104814
1207,C4114,28,537,District - Rangareddy (06),45-49,263548,138999,124549,73706,37684,36022,189842,101315,88527
1208,C4114,28,537,District - Rangareddy (06),50-54,200127,104133,95994,57483,28395,29088,142644,75738,66906
1209,C4114,28,537,District - Rangareddy (06),55-59,158063,78653,79410,47534,21163,26371,110529,57490,53039
1210,C4114,28,537,District - Rangareddy (06),60-64,151221,76994,74227,56227,26376,29851,94994,50618,44376
1211,C4114,28,537,District - Rangareddy (06),65-69,93807,47921,45886,37404,18386,19018,56403,29535,26868
1212,C4114,28,537,District - Rangareddy (06),70-74,62692,31953,30739,26324,13406,12918,36368,18547,17821
1213,C4114,28,537,District - Rangareddy (06),75-79,29870,14523,15347,11148,5456,5692,18722,9067,9655
1214,C4114,28,537,District - Rangareddy (06),80+,42257,18720,23537,14277,6403,7874,27980,12317,15663
1215,C4114,28,537,District - Rangareddy (06),Age not stated,135852,68509,67343,32243,16395,15848,103609,52114,51495
1216,C4114,28,538,District - Mahbubnagar (07),All ages,4053028,2050386,2002642,3445336,1742438,1702898,607692,307948,299744
1217,C4114,28,538,District - Mahbubnagar (07),0-4,355363,183771,171592,307144,158950,148194,48219,24821,23398
1218,C4114,28,538,District - Mahbubnagar (07),5-9,427116,220693,206423,370432,191291,179141,56684,29402,27282
1219,C4114,28,538,District - Mahbubnagar (07),10-14,447496,230984,216512,379766,195755,184011,67730,35229,32501
1220,C4114,28,538,District - Mahbubnagar (07),15-19,388794,206562,182232,326591,175218,151373,62203,31344,30859
1221,C4114,28,538,District - Mahbubnagar (07),20-24,372870,190816,182054,311404,160932,150472,61466,29884,31582
1222,C4114,28,538,District - Mahbubnagar (07),25-29,369235,179334,189901,310039,150672,159367,59196,28662,30534
1223,C4114,28,538,District - Mahbubnagar (07),30-34,304471,152917,151554,255426,128043,127383,49045,24874,24171
1224,C4114,28,538,District - Mahbubnagar (07),35-39,294408,146503,147905,247135,122228,124907,47273,24275,22998
1225,C4114,28,538,District - Mahbubnagar (07),40-44,231929,122432,109497,195048,102487,92561,36881,19945,16936
1226,C4114,28,538,District - Mahbubnagar (07),45-49,196717,99944,96773,166027,83694,82333,30690,16250,14440
1227,C4114,28,538,District - Mahbubnagar (07),50-54,157411,78797,78614,134542,67083,67459,22869,11714,11155
1228,C4114,28,538,District - Mahbubnagar (07),55-59,123586,56500,67086,105888,47651,58237,17698,8849,8849
1229,C4114,28,538,District - Mahbubnagar (07),60-64,143809,66523,77286,127131,58501,68630,16678,8022,8656
1230,C4114,28,538,District - Mahbubnagar (07),65-69,88534,41684,46850,78799,37082,41717,9735,4602,5133
1231,C4114,28,538,District - Mahbubnagar (07),70-74,65421,32071,33350,58296,28842,29454,7125,3229,3896
1232,C4114,28,538,District - Mahbubnagar (07),75-79,25730,12361,13369,22577,10979,11598,3153,1382,1771
1233,C4114,28,538,District - Mahbubnagar (07),80+,32939,14360,18579,28733,12653,16080,4206,1707,2499
1234,C4114,28,538,District - Mahbubnagar (07),Age not stated,27199,14134,13065,20358,10377,9981,6841,3757,3084
1235,C4114,28,539,District - Nalgonda (08),All ages,3488809,1759772,1729037,2826302,1427716,1398586,662507,332056,330451
1236,C4114,28,539,District - Nalgonda (08),0-4,253267,131459,121808,206094,107222,98872,47173,24237,22936
1237,C4114,28,539,District - Nalgonda (08),5-9,300955,156208,144747,246180,127648,118532,54775,28560,26215
1238,C4114,28,539,District - Nalgonda (08),10-14,358772,184054,174718,286722,147078,139644,72050,36976,35074
1239,C4114,28,539,District - Nalgonda (08),15-19,354258,184876,169382,282460,149121,133339,71798,35755,36043
1240,C4114,28,539,District - Nalgonda (08),20-24,342001,174642,167359,273915,142797,131118,68086,31845,36241
1241,C4114,28,539,District - Nalgonda (08),25-29,323096,160488,162608,255921,128099,127822,67175,32389,34786
1242,C4114,28,539,District - Nalgonda (08),30-34,257516,130050,127466,202886,102179,100707,54630,27871,26759
1243,C4114,28,539,District - Nalgonda (08),35-39,257600,126320,131280,203865,99014,104851,53735,27306,26429
1244,C4114,28,539,District - Nalgonda (08),40-44,202868,106284,96584,162043,84204,77839,40825,22080,18745
1245,C4114,28,539,District - Nalgonda (08),45-49,179153,89425,89728,144433,71478,72955,34720,17947,16773
1246,C4114,28,539,District - Nalgonda (08),50-54,145510,72766,72744,119693,59494,60199,25817,13272,12545
1247,C4114,28,539,District - Nalgonda (08),55-59,118779,51529,67250,99094,41877,57217,19685,9652,10033
1248,C4114,28,539,District - Nalgonda (08),60-64,144482,66443,78039,124889,57305,67584,19593,9138,10455
1249,C4114,28,539,District - Nalgonda (08),65-69,97477,47601,49876,85380,41922,43458,12097,5679,6418
1250,C4114,28,539,District - Nalgonda (08),70-74,75096,39323,35773,66165,35131,31034,8931,4192,4739
1251,C4114,28,539,District - Nalgonda (08),75-79,30850,16178,14672,26734,14236,12498,4116,1942,2174
1252,C4114,28,539,District - Nalgonda (08),80+,39554,18343,21211,34177,16096,18081,5377,2247,3130
1253,C4114,28,539,District - Nalgonda (08),Age not stated,7575,3783,3792,5651,2815,2836,1924,968,956
1254,C4114,28,540,District - Warangal (09),All ages,3512576,1759281,1753295,2520243,1260594,1259649,992333,498687,493646
1255,C4114,28,540,District - Warangal (09),0-4,228894,118974,109920,164060,85499,78561,64834,33475,31359
1256,C4114,28,540,District - Warangal (09),5-9,291218,150527,140691,214438,110945,103493,76780,39582,37198
1257,C4114,28,540,District - Warangal (09),10-14,373688,192527,181161,275433,141453,133980,98255,51074,47181
1258,C4114,28,540,District - Warangal (09),15-19,351103,181155,169948,248684,128567,120117,102419,52588,49831
1259,C4114,28,540,District - Warangal (09),20-24,330463,166805,163658,228026,117440,110586,102437,49365,53072
1260,C4114,28,540,District - Warangal (09),25-29,316588,154622,161966,217344,106424,110920,99244,48198,51046
1261,C4114,28,540,District - Warangal (09),30-34,266392,131606,134786,183870,90600,93270,82522,41006,41516
1262,C4114,28,540,District - Warangal (09),35-39,269991,131783,138208,187613,90646,96967,82378,41137,41241
1263,C4114,28,540,District - Warangal (09),40-44,218655,113279,105376,151596,78366,73230,67059,34913,32146
1264,C4114,28,540,District - Warangal (09),45-49,186414,94571,91843,130584,65264,65320,55830,29307,26523
1265,C4114,28,540,District - Warangal (09),50-54,146914,73682,73232,105151,52099,53052,41763,21583,20180
1266,C4114,28,540,District - Warangal (09),55-59,123468,54172,69296,90434,37803,52631,33034,16369,16665
1267,C4114,28,540,District - Warangal (09),60-64,145584,66118,79466,114759,51542,63217,30825,14576,16249
1268,C4114,28,540,District - Warangal (09),65-69,101671,48820,52851,81866,39408,42458,19805,9412,10393
1269,C4114,28,540,District - Warangal (09),70-74,74892,39116,35776,60758,32400,28358,14134,6716,7418
1270,C4114,28,540,District - Warangal (09),75-79,32468,16291,16177,25616,13160,12456,6852,3131,3721
1271,C4114,28,540,District - Warangal (09),80+,39875,18321,21554,31479,14944,16535,8396,3377,5019
1272,C4114,28,540,District - Warangal (09),Age not stated,14298,6912,7386,8532,4034,4498,5766,2878,2888
1273,C4114,28,541,District - Khammam (10),All ages,2797370,1390988,1406382,2141459,1066781,1074678,655911,324207,331704
1274,C4114,28,541,District - Khammam (10),0-4,192680,98358,94322,148440,75679,72761,44240,22679,21561
1275,C4114,28,541,District - Khammam (10),5-9,233427,119187,114240,181747,92690,89057,51680,26497,25183
1276,C4114,28,541,District - Khammam (10),10-14,279445,141142,138303,218220,110725,107495,61225,30417,30808
1277,C4114,28,541,District - Khammam (10),15-19,275217,141876,133341,213728,111295,102433,61489,30581,30908
1278,C4114,28,541,District - Khammam (10),20-24,280062,137324,142738,210452,104918,105534,69610,32406,37204
1279,C4114,28,541,District - Khammam (10),25-29,269771,131406,138365,200931,98307,102624,68840,33099,35741
1280,C4114,28,541,District - Khammam (10),30-34,222253,110517,111736,166290,82241,84049,55963,28276,27687
1281,C4114,28,541,District - Khammam (10),35-39,222861,108816,114045,167447,81392,86055,55414,27424,27990
1282,C4114,28,541,District - Khammam (10),40-44,177616,90991,86625,132952,67992,64960,44664,22999,21665
1283,C4114,28,541,District - Khammam (10),45-49,151853,76855,74998,113033,57229,55804,38820,19626,19194
1284,C4114,28,541,District - Khammam (10),50-54,112516,56577,55939,83604,42026,41578,28912,14551,14361
1285,C4114,28,541,District - Khammam (10),55-59,91711,40992,50719,69340,29781,39559,22371,11211,11160
1286,C4114,28,541,District - Khammam (10),60-64,103524,47110,56414,82947,37391,45556,20577,9719,10858
1287,C4114,28,541,District - Khammam (10),65-69,70086,33636,36450,57933,27926,30007,12153,5710,6443
1288,C4114,28,541,District - Khammam (10),70-74,49613,25317,24296,41059,21268,19791,8554,4049,4505
1289,C4114,28,541,District - Khammam (10),75-79,21700,10636,11064,17668,8770,8898,4032,1866,2166
1290,C4114,28,541,District - Khammam (10),80+,28805,13171,15634,23210,10900,12310,5595,2271,3324
1291,C4114,28,541,District - Khammam (10),Age not stated,14230,7077,7153,12458,6251,6207,1772,826,946
1292,C4114,28,542,District - Srikakulam (11),All ages,2703114,1341738,1361376,2266411,1126888,1139523,436703,214850,221853
1293,C4114,28,542,District - Srikakulam (11),0-4,191971,97822,94149,162845,82766,80079,29126,15056,14070
1294,C4114,28,542,District - Srikakulam (11),5-9,231417,119166,112251,196278,101141,95137,35139,18025,17114
1295,C4114,28,542,District - Srikakulam (11),10-14,260941,135215,125726,219947,114763,105184,40994,20452,20542
1296,C4114,28,542,District - Srikakulam (11),15-19,256804,133026,123778,215519,112613,102906,41285,20413,20872
1297,C4114,28,542,District - Srikakulam (11),20-24,248563,126454,122109,206629,106494,100135,41934,19960,21974
1298,C4114,28,542,District - Srikakulam (11),25-29,233423,112778,120645,192558,93539,99019,40865,19239,21626
1299,C4114,28,542,District - Srikakulam (11),30-34,206116,99950,106166,169997,82466,87531,36119,17484,18635
1300,C4114,28,542,District - Srikakulam (11),35-39,206329,97855,108474,170136,80168,89968,36193,17687,18506
1301,C4114,28,542,District - Srikakulam (11),40-44,180548,91891,88657,149866,76031,73835,30682,15860,14822
1302,C4114,28,542,District - Srikakulam (11),45-49,154392,78631,75761,127616,65011,62605,26776,13620,13156
1303,C4114,28,542,District - Srikakulam (11),50-54,124717,61126,63591,104028,50841,53187,20689,10285,10404
1304,C4114,28,542,District - Srikakulam (11),55-59,101124,44498,56626,84765,36493,48272,16359,8005,8354
1305,C4114,28,542,District - Srikakulam (11),60-64,120039,53543,66496,103704,45932,57772,16335,7611,8724
1306,C4114,28,542,District - Srikakulam (11),65-69,87859,42538,45321,77093,37475,39618,10766,5063,5703
1307,C4114,28,542,District - Srikakulam (11),70-74,55105,26719,28386,48306,23526,24780,6799,3193,3606
1308,C4114,28,542,District - Srikakulam (11),75-79,20667,10077,10590,17666,8619,9047,3001,1458,1543
1309,C4114,28,542,District - Srikakulam (11),80+,19225,8251,10974,16191,7108,9083,3034,1143,1891
1310,C4114,28,542,District - Srikakulam (11),Age not stated,3874,2198,1676,3267,1902,1365,607,296,311
1311,C4114,28,543,District - Vizianagaram (12),All ages,2344474,1161477,1182997,1853563,920428,933135,490911,241049,249862
1312,C4114,28,543,District - Vizianagaram (12),0-4,166441,84633,81808,134106,68156,65950,32335,16477,15858
1313,C4114,28,543,District - Vizianagaram (12),5-9,196557,100575,95982,159339,81472,77867,37218,19103,18115
1314,C4114,28,543,District - Vizianagaram (12),10-14,222262,114435,107827,177741,92411,85330,44521,22024,22497
1315,C4114,28,543,District - Vizianagaram (12),15-19,214869,110391,104478,169788,88139,81649,45081,22252,22829
1316,C4114,28,543,District - Vizianagaram (12),20-24,208095,104818,103277,160216,82043,78173,47879,22775,25104
1317,C4114,28,543,District - Vizianagaram (12),25-29,198142,96020,102122,152409,74065,78344,45733,21955,23778
1318,C4114,28,543,District - Vizianagaram (12),30-34,179423,87170,92253,139724,67535,72189,39699,19635,20064
1319,C4114,28,543,District - Vizianagaram (12),35-39,184858,88802,96056,144305,68912,75393,40553,19890,20663
1320,C4114,28,543,District - Vizianagaram (12),40-44,162409,82400,80009,127658,64644,63014,34751,17756,16995
1321,C4114,28,543,District - Vizianagaram (12),45-49,139704,70810,68894,109228,55345,53883,30476,15465,15011
1322,C4114,28,543,District - Vizianagaram (12),50-54,113383,55759,57624,89315,43735,45580,24068,12024,12044
1323,C4114,28,543,District - Vizianagaram (12),55-59,93839,41729,52110,74984,32660,42324,18855,9069,9786
1324,C4114,28,543,District - Vizianagaram (12),60-64,108052,49308,58744,89023,40624,48399,19029,8684,10345
1325,C4114,28,543,District - Vizianagaram (12),65-69,69346,33377,35969,57894,28110,29784,11452,5267,6185
1326,C4114,28,543,District - Vizianagaram (12),70-74,39112,18829,20283,32013,15546,16467,7099,3283,3816
1327,C4114,28,543,District - Vizianagaram (12),75-79,14284,6799,7485,11165,5445,5720,3119,1354,1765
1328,C4114,28,543,District - Vizianagaram (12),80+,13453,5771,7682,10217,4529,5688,3236,1242,1994
1329,C4114,28,543,District - Vizianagaram (12),Age not stated,20245,9851,10394,14438,7057,7381,5807,2794,3013
1330,C4114,28,544,District - Visakhapatnam (13),All ages,4290589,2138910,2151679,2254667,1113234,1141433,2035922,1025676,1010246
1331,C4114,28,544,District - Visakhapatnam (13),0-4,312340,159087,153253,177753,90003,87750,134587,69084,65503
1332,C4114,28,544,District - Visakhapatnam (13),5-9,358943,183495,175448,207700,105166,102534,151243,78329,72914
1333,C4114,28,544,District - Visakhapatnam (13),10-14,402050,205966,196084,223222,113324,109898,178828,92642,86186
1334,C4114,28,544,District - Visakhapatnam (13),15-19,388888,197546,191342,207187,105704,101483,181701,91842,89859
1335,C4114,28,544,District - Visakhapatnam (13),20-24,407228,198334,208894,207162,102840,104322,200066,95494,104572
1336,C4114,28,544,District - Visakhapatnam (13),25-29,405104,195965,209139,202338,98193,104145,202766,97772,104994
1337,C4114,28,544,District - Visakhapatnam (13),30-34,348395,173776,174619,172985,85186,87799,175410,88590,86820
1338,C4114,28,544,District - Visakhapatnam (13),35-39,349583,170830,178753,174470,84101,90369,175113,86729,88384
1339,C4114,28,544,District - Visakhapatnam (13),40-44,295452,153122,142330,148399,75529,72870,147053,77593,69460
1340,C4114,28,544,District - Visakhapatnam (13),45-49,252197,131225,120972,126710,64951,61759,125487,66274,59213
1341,C4114,28,544,District - Visakhapatnam (13),50-54,191834,97975,93859,98583,48905,49678,93251,49070,44181
1342,C4114,28,544,District - Visakhapatnam (13),55-59,149251,70737,78514,77673,34274,43399,71578,36463,35115
1343,C4114,28,544,District - Visakhapatnam (13),60-64,158536,73428,85108,95107,42079,53028,63429,31349,32080
1344,C4114,28,544,District - Visakhapatnam (13),65-69,105375,49810,55565,65934,30859,35075,39441,18951,20490
1345,C4114,28,544,District - Visakhapatnam (13),70-74,60814,28923,31891,35995,16802,19193,24819,12121,12698
1346,C4114,28,544,District - Visakhapatnam (13),75-79,23791,11012,12779,11843,5409,6434,11948,5603,6345
1347,C4114,28,544,District - Visakhapatnam (13),80+,26465,11207,15258,11759,4990,6769,14706,6217,8489
1348,C4114,28,544,District - Visakhapatnam (13),Age not stated,54343,26472,27871,9847,4919,4928,44496,21553,22943
1349,C4114,28,545,District - East Godavari (14),All ages,5154296,2569688,2584608,3840324,1922293,1918031,1313972,647395,666577
1350,C4114,28,545,District - East Godavari (14),0-4,362098,183737,178361,273882,138883,134999,88216,44854,43362
1351,C4114,28,545,District - East Godavari (14),5-9,417426,212481,204945,316961,161547,155414,100465,50934,49531
1352,C4114,28,545,District - East Godavari (14),10-14,468065,236179,231886,350750,176933,173817,117315,59246,58069
1353,C4114,28,545,District - East Godavari (14),15-19,487559,249462,238097,363847,188487,175360,123712,60975,62737
1354,C4114,28,545,District - East Godavari (14),20-24,513641,257911,255730,379659,194927,184732,133982,62984,70998
1355,C4114,28,545,District - East Godavari (14),25-29,475539,234764,240775,348223,173324,174899,127316,61440,65876
1356,C4114,28,545,District - East Godavari (14),30-34,409556,204242,205314,301274,150299,150975,108282,53943,54339
1357,C4114,28,545,District - East Godavari (14),35-39,410228,199415,210813,300908,146441,154467,109320,52974,56346
1358,C4114,28,545,District - East Godavari (14),40-44,354158,180726,173432,259899,132721,127178,94259,48005,46254
1359,C4114,28,545,District - East Godavari (14),45-49,305012,155368,149644,221987,113389,108598,83025,41979,41046
1360,C4114,28,545,District - East Godavari (14),50-54,238779,121736,117043,175054,89147,85907,63725,32589,31136
1361,C4114,28,545,District - East Godavari (14),55-59,186083,86805,99278,138060,62937,75123,48023,23868,24155
1362,C4114,28,545,District - East Godavari (14),60-64,209706,95022,114684,162777,73263,89514,46929,21759,25170
1363,C4114,28,545,District - East Godavari (14),65-69,143414,68695,74719,113557,54848,58709,29857,13847,16010
1364,C4114,28,545,District - East Godavari (14),70-74,94342,46601,47741,74417,37124,37293,19925,9477,10448
1365,C4114,28,545,District - East Godavari (14),75-79,37936,18527,19409,28691,14227,14464,9245,4300,4945
1366,C4114,28,545,District - East Godavari (14),80+,37862,16554,21308,28334,12735,15599,9528,3819,5709
1367,C4114,28,545,District - East Godavari (14),Age not stated,2892,1463,1429,2044,1061,983,848,402,446
1368,C4114,28,546,District - West Godavari (15),All ages,3936966,1964918,1972048,3128189,1567013,1561176,808777,397905,410872
1369,C4114,28,546,District - West Godavari (15),0-4,264721,134731,129990,214463,109094,105369,50258,25637,24621
1370,C4114,28,546,District - West Godavari (15),5-9,309069,157488,151581,248396,126535,121861,60673,30953,29720
1371,C4114,28,546,District - West Godavari (15),10-14,355153,179419,175734,281822,142935,138887,73331,36484,36847
1372,C4114,28,546,District - West Godavari (15),15-19,373437,192631,180806,293949,152575,141374,79488,40056,39432
1373,C4114,28,546,District - West Godavari (15),20-24,391913,197797,194116,310032,158986,151046,81881,38811,43070
1374,C4114,28,546,District - West Godavari (15),25-29,357220,176946,180274,282011,140574,141437,75209,36372,38837
1375,C4114,28,546,District - West Godavari (15),30-34,306817,153029,153788,242728,121331,121397,64089,31698,32391
1376,C4114,28,546,District - West Godavari (15),35-39,313792,152222,161570,247823,120014,127809,65969,32208,33761
1377,C4114,28,546,District - West Godavari (15),40-44,270906,137229,133677,213108,108405,104703,57798,28824,28974
1378,C4114,28,546,District - West Godavari (15),45-49,236249,120386,115863,184711,94208,90503,51538,26178,25360
1379,C4114,28,546,District - West Godavari (15),50-54,181028,93748,87280,140955,73322,67633,40073,20426,19647
1380,C4114,28,546,District - West Godavari (15),55-59,142708,66062,76646,112306,51227,61079,30402,14835,15567
1381,C4114,28,546,District - West Godavari (15),60-64,163140,73498,89642,132669,59546,73123,30471,13952,16519
1382,C4114,28,546,District - West Godavari (15),65-69,117801,55312,62489,97473,46104,51369,20328,9208,11120
1383,C4114,28,546,District - West Godavari (15),70-74,81978,41050,40928,68076,34556,33520,13902,6494,7408
1384,C4114,28,546,District - West Godavari (15),75-79,34495,16993,17502,28195,14020,14175,6300,2973,3327
1385,C4114,28,546,District - West Godavari (15),80+,34383,15298,19085,27945,12810,15135,6438,2488,3950
1386,C4114,28,546,District - West Godavari (15),Age not stated,2156,1079,1077,1527,771,756,629,308,321
1387,C4114,28,547,District - Krishna (16),All ages,4517398,2267375,2250023,2673738,1343534,1330204,1843660,923841,919819
1388,C4114,28,547,District - Krishna (16),0-4,302002,156240,145762,179539,92803,86736,122463,63437,59026
1389,C4114,28,547,District - Krishna (16),5-9,343874,176801,167073,206184,106406,99778,137690,70395,67295
1390,C4114,28,547,District - Krishna (16),10-14,395023,202829,192194,238015,122605,115410,157008,80224,76784
1391,C4114,28,547,District - Krishna (16),15-19,443109,231151,211958,244009,129625,114384,199100,101526,97574
1392,C4114,28,547,District - Krishna (16),20-24,439514,216455,223059,257011,130268,126743,182503,86187,96316
1393,C4114,28,547,District - Krishna (16),25-29,417421,205635,211786,237661,117963,119698,179760,87672,92088
1394,C4114,28,547,District - Krishna (16),30-34,349438,174950,174488,201207,99815,101392,148231,75135,73096
1395,C4114,28,547,District - Krishna (16),35-39,357199,172900,184299,208433,99694,108739,148766,73206,75560
1396,C4114,28,547,District - Krishna (16),40-44,306810,156648,150162,181812,92411,89401,124998,64237,60761
1397,C4114,28,547,District - Krishna (16),45-49,271183,138508,132675,159202,80600,78602,111981,57908,54073
1398,C4114,28,547,District - Krishna (16),50-54,207483,107919,99564,123142,63657,59485,84341,44262,40079
1399,C4114,28,547,District - Krishna (16),55-59,163819,78221,85598,99399,45667,53732,64420,32554,31866
1400,C4114,28,547,District - Krishna (16),60-64,167324,77599,89725,109181,49457,59724,58143,28142,30001
1401,C4114,28,547,District - Krishna (16),65-69,124674,59777,64897,85308,41379,43929,39366,18398,20968
1402,C4114,28,547,District - Krishna (16),70-74,85982,43629,42353,59197,30424,28773,26785,13205,13580
1403,C4114,28,547,District - Krishna (16),75-79,38160,18929,19231,25055,12614,12441,13105,6315,6790
1404,C4114,28,547,District - Krishna (16),80+,46517,20846,25671,29807,13774,16033,16710,7072,9638
1405,C4114,28,547,District - Krishna (16),Age not stated,57866,28338,29528,29576,14372,15204,28290,13966,14324
1406,C4114,28,548,District - Guntur (17),All ages,4887813,2440521,2447292,3235075,1621491,1613584,1652738,819030,833708
1407,C4114,28,548,District - Guntur (17),0-4,341436,175392,166044,229141,117768,111373,112295,57624,54671
1408,C4114,28,548,District - Guntur (17),5-9,397595,204984,192611,266629,137523,129106,130966,67461,63505
1409,C4114,28,548,District - Guntur (17),10-14,446393,230570,215823,294040,152455,141585,152353,78115,74238
1410,C4114,28,548,District - Guntur (17),15-19,461689,238430,223259,295066,157437,137629,166623,80993,85630
1411,C4114,28,548,District - Guntur (17),20-24,478898,235579,243319,309761,155810,153951,169137,79769,89368
1412,C4114,28,548,District - Guntur (17),25-29,457451,224617,232834,296101,146036,150065,161350,78581,82769
1413,C4114,28,548,District - Guntur (17),30-34,377063,189719,187344,243870,122361,121509,133193,67358,65835
1414,C4114,28,548,District - Guntur (17),35-39,381916,183616,198300,248587,118505,130082,133329,65111,68218
1415,C4114,28,548,District - Guntur (17),40-44,323500,165413,158087,211707,107753,103954,111793,57660,54133
1416,C4114,28,548,District - Guntur (17),45-49,289332,144094,145238,190135,94354,95781,99197,49740,49457
1417,C4114,28,548,District - Guntur (17),50-54,231861,119535,112326,154022,79407,74615,77839,40128,37711
1418,C4114,28,548,District - Guntur (17),55-59,180504,85052,95452,120960,55881,65079,59544,29171,30373
1419,C4114,28,548,District - Guntur (17),60-64,189694,87776,101918,133714,61292,72422,55980,26484,29496
1420,C4114,28,548,District - Guntur (17),65-69,131977,61818,70159,95537,44988,50549,36440,16830,19610
1421,C4114,28,548,District - Guntur (17),70-74,101685,50127,51558,75264,37485,37779,26421,12642,13779
1422,C4114,28,548,District - Guntur (17),75-79,42585,20627,21958,30715,15059,15656,11870,5568,6302
1423,C4114,28,548,District - Guntur (17),80+,50156,21033,29123,37125,15958,21167,13031,5075,7956
1424,C4114,28,548,District - Guntur (17),Age not stated,4078,2139,1939,2701,1419,1282,1377,720,657
1425,C4114,28,549,District - Prakasam (18),All ages,3397448,1714764,1682684,2732866,1382641,1350225,664582,332123,332459
1426,C4114,28,549,District - Prakasam (18),0-4,258334,133077,125257,212571,109669,102902,45763,23408,22355
1427,C4114,28,549,District - Prakasam (18),5-9,306830,158957,147873,251929,130573,121356,54901,28384,26517
1428,C4114,28,549,District - Prakasam (18),10-14,328482,169600,158882,264775,137031,127744,63707,32569,31138
1429,C4114,28,549,District - Prakasam (18),15-19,307602,165413,142189,245307,133525,111782,62295,31888,30407
1430,C4114,28,549,District - Prakasam (18),20-24,320805,162548,158257,255581,131486,124095,65224,31062,34162
1431,C4114,28,549,District - Prakasam (18),25-29,310642,152531,158111,246542,121651,124891,64100,30880,33220
1432,C4114,28,549,District - Prakasam (18),30-34,260979,132587,128392,206871,105158,101713,54108,27429,26679
1433,C4114,28,549,District - Prakasam (18),35-39,253543,124242,129301,200102,97745,102357,53441,26497,26944
1434,C4114,28,549,District - Prakasam (18),40-44,214359,110887,103472,169357,87528,81829,45002,23359,21643
1435,C4114,28,549,District - Prakasam (18),45-49,188510,94157,94353,148963,74025,74938,39547,20132,19415
1436,C4114,28,549,District - Prakasam (18),50-54,155445,79375,76070,124025,63243,60782,31420,16132,15288
1437,C4114,28,549,District - Prakasam (18),55-59,121865,55809,66056,97754,44024,53730,24111,11785,12326
1438,C4114,28,549,District - Prakasam (18),60-64,137576,64382,73194,114053,53051,61002,23523,11331,12192
1439,C4114,28,549,District - Prakasam (18),65-69,93626,44488,49138,78262,37301,40961,15364,7187,8177
1440,C4114,28,549,District - Prakasam (18),70-74,73488,36571,36917,62505,31360,31145,10983,5211,5772
1441,C4114,28,549,District - Prakasam (18),75-79,28067,13576,14491,23405,11409,11996,4662,2167,2495
1442,C4114,28,549,District - Prakasam (18),80+,31640,13729,17911,26633,11708,14925,5007,2021,2986
1443,C4114,28,549,District - Prakasam (18),Age not stated,5655,2835,2820,4231,2154,2077,1424,681,743
1444,C4114,28,550,District - Sri Potti Sriramulu Nellore (19),All ages,2963557,1492974,1470583,2105927,1060810,1045117,857630,432164,425466
1445,C4114,28,550,District - Sri Potti Sriramulu Nellore (19),0-4,209567,108045,101522,154119,79573,74546,55448,28472,26976
1446,C4114,28,550,District - Sri Potti Sriramulu Nellore (19),5-9,242649,125165,117484,178529,91978,86551,64120,33187,30933
1447,C4114,28,550,District - Sri Potti Sriramulu Nellore (19),10-14,272221,141628,130593,197113,103035,94078,75108,38593,36515
1448,C4114,28,550,District - Sri Potti Sriramulu Nellore (19),15-19,301772,161569,140203,190402,101257,89145,111370,60312,51058
1449,C4114,28,550,District - Sri Potti Sriramulu Nellore (19),20-24,278088,137345,140743,199307,100231,99076,78781,37114,41667
1450,C4114,28,550,District - Sri Potti Sriramulu Nellore (19),25-29,270416,132485,137931,191812,94705,97107,78604,37780,40824
1451,C4114,28,550,District - Sri Potti Sriramulu Nellore (19),30-34,234556,117001,117555,165372,82623,82749,69184,34378,34806
1452,C4114,28,550,District - Sri Potti Sriramulu Nellore (19),35-39,231813,113709,118104,163323,79746,83577,68490,33963,34527
1453,C4114,28,550,District - Sri Potti Sriramulu Nellore (19),40-44,199796,102524,97272,140728,72078,68650,59068,30446,28622
1454,C4114,28,550,District - Sri Potti Sriramulu Nellore (19),45-49,174283,88647,85636,122790,62343,60447,51493,26304,25189
1455,C4114,28,550,District - Sri Potti Sriramulu Nellore (19),50-54,140428,71244,69184,99543,50271,49272,40885,20973,19912
1456,C4114,28,550,District - Sri Potti Sriramulu Nellore (19),55-59,108369,50969,57400,77118,35140,41978,31251,15829,15422
1457,C4114,28,550,District - Sri Potti Sriramulu Nellore (19),60-64,117076,55254,61822,88498,41379,47119,28578,13875,14703
1458,C4114,28,550,District - Sri Potti Sriramulu Nellore (19),65-69,77964,37212,40752,59139,28483,30656,18825,8729,10096
1459,C4114,28,550,District - Sri Potti Sriramulu Nellore (19),70-74,55679,27524,28155,42937,21500,21437,12742,6024,6718
1460,C4114,28,550,District - Sri Potti Sriramulu Nellore (19),75-79,22454,10875,11579,16280,8011,8269,6174,2864,3310
1461,C4114,28,550,District - Sri Potti Sriramulu Nellore (19),80+,22052,9349,12703,16317,7134,9183,5735,2215,3520
1462,C4114,28,550,District - Sri Potti Sriramulu Nellore (19),Age not stated,4374,2429,1945,2600,1323,1277,1774,1106,668
1463,C4114,28,551,District - Y.S.R. (20),All ages,2882469,1451777,1430692,1903337,959693,943644,979132,492084,487048
1464,C4114,28,551,District - Y.S.R. (20),0-4,226828,118042,108786,151394,78765,72629,75434,39277,36157
1465,C4114,28,551,District - Y.S.R. (20),5-9,263043,137058,125985,175134,91348,83786,87909,45710,42199
1466,C4114,28,551,District - Y.S.R. (20),10-14,273328,140625,132703,180205,92486,87719,93123,48139,44984
1467,C4114,28,551,District - Y.S.R. (20),15-19,264768,138176,126592,171503,90897,80606,93265,47279,45986
1468,C4114,28,551,District - Y.S.R. (20),20-24,268608,135324,133284,171434,88088,83346,97174,47236,49938
1469,C4114,28,551,District - Y.S.R. (20),25-29,257092,125098,131994,165782,81092,84690,91310,44006,47304
1470,C4114,28,551,District - Y.S.R. (20),30-34,220877,111174,109703,143834,72412,71422,77043,38762,38281
1471,C4114,28,551,District - Y.S.R. (20),35-39,223389,110518,112871,145283,71600,73683,78106,38918,39188
1472,C4114,28,551,District - Y.S.R. (20),40-44,186574,98180,88394,122047,63974,58073,64527,34206,30321
1473,C4114,28,551,District - Y.S.R. (20),45-49,162743,83486,79257,106340,54437,51903,56403,29049,27354
1474,C4114,28,551,District - Y.S.R. (20),50-54,128468,66185,62283,84821,43573,41248,43647,22612,21035
1475,C4114,28,551,District - Y.S.R. (20),55-59,104274,47716,56558,69741,30933,38808,34533,16783,17750
1476,C4114,28,551,District - Y.S.R. (20),60-64,118193,54589,63604,83731,38326,45405,34462,16263,18199
1477,C4114,28,551,District - Y.S.R. (20),65-69,80634,37794,42840,58837,27830,31007,21797,9964,11833
1478,C4114,28,551,District - Y.S.R. (20),70-74,54688,26377,28311,39682,19249,20433,15006,7128,7878
1479,C4114,28,551,District - Y.S.R. (20),75-79,20651,9520,11131,14471,6630,7841,6180,2890,3290
1480,C4114,28,551,District - Y.S.R. (20),80+,23504,9030,14474,16353,6418,9935,7151,2612,4539
1481,C4114,28,551,District - Y.S.R. (20),Age not stated,4807,2885,1922,2745,1635,1110,2062,1250,812
1482,C4114,28,552,District - Kurnool (21),All ages,4053463,2039227,2014236,2904177,1464569,1439608,1149286,574658,574628
1483,C4114,28,552,District - Kurnool (21),0-4,346054,177835,168219,255130,131055,124075,90924,46780,44144
1484,C4114,28,552,District - Kurnool (21),5-9,408916,210750,198166,300394,154562,145832,108522,56188,52334
1485,C4114,28,552,District - Kurnool (21),10-14,442302,227842,214460,319254,164881,154373,123048,62961,60087
1486,C4114,28,552,District - Kurnool (21),15-19,407679,214548,193131,289102,154817,134285,118577,59731,58846
1487,C4114,28,552,District - Kurnool (21),20-24,395011,198891,196120,276640,141979,134661,118371,56912,61459
1488,C4114,28,552,District - Kurnool (21),25-29,368722,179175,189547,258046,126080,131966,110676,53095,57581
1489,C4114,28,552,District - Kurnool (21),30-34,307527,154862,152665,215404,108667,106737,92123,46195,45928
1490,C4114,28,552,District - Kurnool (21),35-39,299697,149051,150646,210422,103878,106544,89275,45173,44102
1491,C4114,28,552,District - Kurnool (21),40-44,241810,127262,114548,170855,89724,81131,70955,37538,33417
1492,C4114,28,552,District - Kurnool (21),45-49,204584,104257,100327,144661,73490,71171,59923,30767,29156
1493,C4114,28,552,District - Kurnool (21),50-54,159160,81381,77779,113107,57968,55139,46053,23413,22640
1494,C4114,28,552,District - Kurnool (21),55-59,123816,57039,66777,88585,39893,48692,35231,17146,18085
1495,C4114,28,552,District - Kurnool (21),60-64,132001,60234,71767,99269,44776,54493,32732,15458,17274
1496,C4114,28,552,District - Kurnool (21),65-69,83844,38155,45689,63687,28871,34816,20157,9284,10873
1497,C4114,28,552,District - Kurnool (21),70-74,58640,26973,31667,44624,20454,24170,14016,6519,7497
1498,C4114,28,552,District - Kurnool (21),75-79,23091,10185,12906,16900,7382,9518,6191,2803,3388
1499,C4114,28,552,District - Kurnool (21),80+,28475,10865,17610,21001,8038,12963,7474,2827,4647
1500,C4114,28,552,District - Kurnool (21),Age not stated,22134,9922,12212,17096,8054,9042,5038,1868,3170
1501,C4114,28,553,District - Anantapur (22),All ages,4081148,2064495,2016653,2935437,1489157,1446280,1145711,575338,570373
1502,C4114,28,553,District - Anantapur (22),0-4,305126,158016,147110,221835,114840,106995,83291,43176,40115
1503,C4114,28,553,District - Anantapur (22),5-9,356981,184101,172880,258573,133384,125189,98408,50717,47691
1504,C4114,28,553,District - Anantapur (22),10-14,389193,201144,188049,279005,145009,133996,110188,56135,54053
1505,C4114,28,553,District - Anantapur (22),15-19,388002,203027,184975,274918,145504,129414,113084,57523,55561
1506,C4114,28,553,District - Anantapur (22),20-24,381660,193325,188335,268238,138487,129751,113422,54838,58584
1507,C4114,28,553,District - Anantapur (22),25-29,368434,178117,190317,260038,126087,133951,108396,52030,56366
1508,C4114,28,553,District - Anantapur (22),30-34,312489,158401,154088,221751,112159,109592,90738,46242,44496
1509,C4114,28,553,District - Anantapur (22),35-39,314528,156672,157856,222691,110712,111979,91837,45960,45877
1510,C4114,28,553,District - Anantapur (22),40-44,254468,134363,120105,181160,95576,85584,73308,38787,34521
1511,C4114,28,553,District - Anantapur (22),45-49,223080,114323,108757,158600,81268,77332,64480,33055,31425
1512,C4114,28,553,District - Anantapur (22),50-54,177682,90438,87244,127664,64665,62999,50018,25773,24245
1513,C4114,28,553,District - Anantapur (22),55-59,144326,67235,77091,104096,47273,56823,40230,19962,20268
1514,C4114,28,553,District - Anantapur (22),60-64,160958,77316,83642,122833,58870,63963,38125,18446,19679
1515,C4114,28,553,District - Anantapur (22),65-69,112177,55584,56593,86493,43587,42906,25684,11997,13687
1516,C4114,28,553,District - Anantapur (22),70-74,74481,37257,37224,57408,29068,28340,17073,8189,8884
1517,C4114,28,553,District - Anantapur (22),75-79,31409,15194,16215,23492,11449,12043,7917,3745,4172
1518,C4114,28,553,District - Anantapur (22),80+,38579,16349,22230,29094,12534,16560,9485,3815,5670
1519,C4114,28,553,District - Anantapur (22),Age not stated,47575,23633,23942,37548,18685,18863,10027,4948,5079
1520,C4114,28,554,District - Chittoor (23),All ages,4174064,2090204,2083860,2942678,1474052,1468626,1231386,616152,615234
1521,C4114,28,554,District - Chittoor (23),0-4,309945,160415,149530,223286,115469,107817,86659,44946,41713
1522,C4114,28,554,District - Chittoor (23),5-9,344242,177578,166664,247444,127561,119883,96798,50017,46781
1523,C4114,28,554,District - Chittoor (23),10-14,375547,193464,182083,264674,136797,127877,110873,56667,54206
1524,C4114,28,554,District - Chittoor (23),15-19,376355,195547,180808,256746,135097,121649,119609,60450,59159
1525,C4114,28,554,District - Chittoor (23),20-24,375703,184000,191703,254509,127076,127433,121194,56924,64270
1526,C4114,28,554,District - Chittoor (23),25-29,366387,177163,189224,251682,122121,129561,114705,55042,59663
1527,C4114,28,554,District - Chittoor (23),30-34,316953,158317,158636,216770,108320,108450,100183,49997,50186
1528,C4114,28,554,District - Chittoor (23),35-39,322550,157841,164709,221167,107661,113506,101383,50180,51203
1529,C4114,28,554,District - Chittoor (23),40-44,269875,137976,131899,186012,94337,91675,83863,43639,40224
1530,C4114,28,554,District - Chittoor (23),45-49,249675,127179,122496,174020,87792,86228,75655,39387,36268
1531,C4114,28,554,District - Chittoor (23),50-54,195552,99491,96061,138340,69510,68830,57212,29981,27231
1532,C4114,28,554,District - Chittoor (23),55-59,160097,76948,83149,115039,54054,60985,45058,22894,22164
1533,C4114,28,554,District - Chittoor (23),60-64,168830,80338,88492,127673,60224,67449,41157,20114,21043
1534,C4114,28,554,District - Chittoor (23),65-69,116627,55204,61423,90456,43018,47438,26171,12186,13985
1535,C4114,28,554,District - Chittoor (23),70-74,84192,41798,42394,65856,32952,32904,18336,8846,9490
1536,C4114,28,554,District - Chittoor (23),75-79,39002,19032,19970,29947,14792,15155,9055,4240,4815
1537,C4114,28,554,District - Chittoor (23),80+,43130,18324,24806,32937,14271,18666,10193,4053,6140
1538,C4114,28,554,District - Chittoor (23),Age not stated,59402,29589,29813,46120,23000,23120,13282,6589,6693
1539,C4114,18,0,State - ASSAM (18),All ages,31205576,15939443,15266133,26807034,13678989,13128045,4398542,2260454,2138088
1540,C4114,18,0,State - ASSAM (18),0-4,3212833,1634922,1577911,2900310,1474612,1425698,312523,160310,152213
1541,C4114,18,0,State - ASSAM (18),5-9,3544339,1806346,1737993,3191197,1624618,1566579,353142,181728,171414
1542,C4114,18,0,State - ASSAM (18),10-14,3491727,1789381,1702346,3099766,1587764,1512002,391961,201617,190344
1543,C4114,18,0,State - ASSAM (18),15-19,3068581,1595489,1473092,2664091,1388492,1275599,404490,206997,197493
1544,C4114,18,0,State - ASSAM (18),20-24,2909405,1415580,1493825,2477603,1203111,1274492,431802,212469,219333
1545,C4114,18,0,State - ASSAM (18),25-29,2815147,1393042,1422105,2386510,1183063,1203447,428637,209979,218658
1546,C4114,18,0,State - ASSAM (18),30-34,2330060,1174247,1155813,1949510,984620,964890,380550,189627,190923
1547,C4114,18,0,State - ASSAM (18),35-39,2260473,1153679,1106794,1879751,962030,917721,380722,191649,189073
1548,C4114,18,0,State - ASSAM (18),40-44,1831206,965463,865743,1507048,793546,713502,324158,171917,152241
1549,C4114,18,0,State - ASSAM (18),45-49,1595249,846081,749168,1310964,693457,617507,284285,152624,131661
1550,C4114,18,0,State - ASSAM (18),50-54,1192363,642260,550103,974992,519994,454998,217371,122266,95105
1551,C4114,18,0,State - ASSAM (18),55-59,856825,458242,398583,702760,371541,331219,154065,86701,67364
1552,C4114,18,0,State - ASSAM (18),60-64,775698,394563,381135,649041,327339,321702,126657,67224,59433
1553,C4114,18,0,State - ASSAM (18),65-69,503642,253973,249669,422443,211838,210605,81199,42135,39064
1554,C4114,18,0,State - ASSAM (18),70-74,385277,196445,188832,327588,166867,160721,57689,29578,28111
1555,C4114,18,0,State - ASSAM (18),75-79,184352,96599,87753,153054,80838,72216,31298,15761,15537
1556,C4114,18,0,State - ASSAM (18),80+,229575,113237,116338,195387,97407,97980,34188,15830,18358
1557,C4114,18,0,State - ASSAM (18),Age not stated,18824,9894,8930,15019,7852,7167,3805,2042,1763
1558,C4114,18,300,District - Kokrajhar (01),All ages,887142,452905,434237,832201,424446,407755,54941,28459,26482
1559,C4114,18,300,District - Kokrajhar (01),0-4,93936,47871,46065,90137,45919,44218,3799,1952,1847
1560,C4114,18,300,District - Kokrajhar (01),5-9,104910,53764,51146,100633,51543,49090,4277,2221,2056
1561,C4114,18,300,District - Kokrajhar (01),10-14,101991,52377,49614,97213,49944,47269,4778,2433,2345
1562,C4114,18,300,District - Kokrajhar (01),15-19,91091,47788,43303,85982,45132,40850,5109,2656,2453
1563,C4114,18,300,District - Kokrajhar (01),20-24,81497,39679,41818,76169,36980,39189,5328,2699,2629
1564,C4114,18,300,District - Kokrajhar (01),25-29,79246,39920,39326,73905,37224,36681,5341,2696,2645
1565,C4114,18,300,District - Kokrajhar (01),30-34,63643,31687,31956,58962,29355,29607,4681,2332,2349
1566,C4114,18,300,District - Kokrajhar (01),35-39,64832,32903,31929,59774,30390,29384,5058,2513,2545
1567,C4114,18,300,District - Kokrajhar (01),40-44,51303,26703,24600,46941,24334,22607,4362,2369,1993
1568,C4114,18,300,District - Kokrajhar (01),45-49,44937,23703,21234,41282,21647,19635,3655,2056,1599
1569,C4114,18,300,District - Kokrajhar (01),50-54,31562,16815,14747,28902,15331,13571,2660,1484,1176
1570,C4114,18,300,District - Kokrajhar (01),55-59,23108,12444,10664,21255,11391,9864,1853,1053,800
1571,C4114,18,300,District - Kokrajhar (01),60-64,19256,9583,9673,17934,8911,9023,1322,672,650
1572,C4114,18,300,District - Kokrajhar (01),65-69,13302,6396,6906,12324,5937,6387,978,459,519
1573,C4114,18,300,District - Kokrajhar (01),70-74,10073,4971,5102,9428,4647,4781,645,324,321
1574,C4114,18,300,District - Kokrajhar (01),75-79,5318,2727,2591,4921,2535,2386,397,192,205
1575,C4114,18,300,District - Kokrajhar (01),80+,6337,3150,3187,5943,2961,2982,394,189,205
1576,C4114,18,300,District - Kokrajhar (01),Age not stated,800,424,376,496,265,231,304,159,145
1577,C4114,18,301,District - Dhubri (02),All ages,1949258,997848,951410,1745557,893914,851643,203701,103934,99767
1578,C4114,18,301,District - Dhubri (02),0-4,258825,131349,127476,242723,123019,119704,16102,8330,7772
1579,C4114,18,301,District - Dhubri (02),5-9,265880,135374,130506,248406,126474,121932,17474,8900,8574
1580,C4114,18,301,District - Dhubri (02),10-14,232151,120946,111205,212895,110996,101899,19256,9950,9306
1581,C4114,18,301,District - Dhubri (02),15-19,185117,99147,85970,165775,89395,76380,19342,9752,9590
1582,C4114,18,301,District - Dhubri (02),20-24,180560,88433,92127,160262,78470,81792,20298,9963,10335
1583,C4114,18,301,District - Dhubri (02),25-29,164059,82678,81381,145090,72956,72134,18969,9722,9247
1584,C4114,18,301,District - Dhubri (02),30-34,132763,68084,64679,115825,59545,56280,16938,8539,8399
1585,C4114,18,301,District - Dhubri (02),35-39,123002,63051,59951,106656,54755,51901,16346,8296,8050
1586,C4114,18,301,District - Dhubri (02),40-44,99926,52476,47450,85903,45069,40834,14023,7407,6616
1587,C4114,18,301,District - Dhubri (02),45-49,83684,43534,40150,71441,37187,34254,12243,6347,5896
1588,C4114,18,301,District - Dhubri (02),50-54,63968,34197,29771,54369,28922,25447,9599,5275,4324
1589,C4114,18,301,District - Dhubri (02),55-59,45079,23882,21197,38104,20080,18024,6975,3802,3173
1590,C4114,18,301,District - Dhubri (02),60-64,40077,20090,19987,34139,17096,17043,5938,2994,2944
1591,C4114,18,301,District - Dhubri (02),65-69,25973,12341,13632,22198,10507,11691,3775,1834,1941
1592,C4114,18,301,District - Dhubri (02),70-74,21473,9849,11624,18616,8572,10044,2857,1277,1580
1593,C4114,18,301,District - Dhubri (02),75-79,10721,5034,5687,9111,4304,4807,1610,730,880
1594,C4114,18,301,District - Dhubri (02),80+,14454,6575,7879,12631,5821,6810,1823,754,1069
1595,C4114,18,301,District - Dhubri (02),Age not stated,1546,808,738,1413,746,667,133,62,71
1596,C4114,18,302,District - Goalpara (03),All ages,1008183,513292,494891,870121,443244,426877,138062,70048,68014
1597,C4114,18,302,District - Goalpara (03),0-4,120960,61649,59311,107133,54598,52535,13827,7051,6776
1598,C4114,18,302,District - Goalpara (03),5-9,124597,63416,61181,110218,56144,54074,14379,7272,7107
1599,C4114,18,302,District - Goalpara (03),10-14,118515,61087,57428,103968,53741,50227,14547,7346,7201
1600,C4114,18,302,District - Goalpara (03),15-19,102641,54846,47795,89052,47698,41354,13589,7148,6441
1601,C4114,18,302,District - Goalpara (03),20-24,94834,45526,49308,80988,38908,42080,13846,6618,7228
1602,C4114,18,302,District - Goalpara (03),25-29,88962,44433,44529,75992,37959,38033,12970,6474,6496
1603,C4114,18,302,District - Goalpara (03),30-34,69734,35460,34274,58991,30086,28905,10743,5374,5369
1604,C4114,18,302,District - Goalpara (03),35-39,67490,34222,33268,57029,28933,28096,10461,5289,5172
1605,C4114,18,302,District - Goalpara (03),40-44,54761,28179,26582,46018,23597,22421,8743,4582,4161
1606,C4114,18,302,District - Goalpara (03),45-49,47846,24909,22937,40368,21078,19290,7478,3831,3647
1607,C4114,18,302,District - Goalpara (03),50-54,34845,18762,16083,29306,15754,13552,5539,3008,2531
1608,C4114,18,302,District - Goalpara (03),55-59,24649,12974,11675,20962,10909,10053,3687,2065,1622
1609,C4114,18,302,District - Goalpara (03),60-64,20560,9968,10592,17516,8401,9115,3044,1567,1477
1610,C4114,18,302,District - Goalpara (03),65-69,14264,6823,7441,12272,5908,6364,1992,915,1077
1611,C4114,18,302,District - Goalpara (03),70-74,10720,4930,5790,9171,4201,4970,1549,729,820
1612,C4114,18,302,District - Goalpara (03),75-79,5505,2663,2842,4777,2309,2468,728,354,374
1613,C4114,18,302,District - Goalpara (03),80+,6884,3234,3650,6000,2836,3164,884,398,486
1614,C4114,18,302,District - Goalpara (03),Age not stated,416,211,205,360,184,176,56,27,29
1615,C4114,18,303,District - Barpeta (04),All ages,1693622,867004,826618,1546269,791789,754480,147353,75215,72138
1616,C4114,18,303,District - Barpeta (04),0-4,199823,101735,98088,189745,96671,93074,10078,5064,5014
1617,C4114,18,303,District - Barpeta (04),5-9,218263,110952,107311,206822,105096,101726,11441,5856,5585
1618,C4114,18,303,District - Barpeta (04),10-14,198779,103144,95635,185380,96144,89236,13399,7000,6399
1619,C4114,18,303,District - Barpeta (04),15-19,156404,87787,68617,142454,80457,61997,13950,7330,6620
1620,C4114,18,303,District - Barpeta (04),20-24,153925,74412,79513,139225,67124,72101,14700,7288,7412
1621,C4114,18,303,District - Barpeta (04),25-29,145118,71685,73433,131454,64899,66555,13664,6786,6878
1622,C4114,18,303,District - Barpeta (04),30-34,119874,60448,59426,107275,54144,53131,12599,6304,6295
1623,C4114,18,303,District - Barpeta (04),35-39,113521,57930,55591,101160,51806,49354,12361,6124,6237
1624,C4114,18,303,District - Barpeta (04),40-44,92238,48070,44168,81329,42391,38938,10909,5679,5230
1625,C4114,18,303,District - Barpeta (04),45-49,79413,41316,38097,69905,36290,33615,9508,5026,4482
1626,C4114,18,303,District - Barpeta (04),50-54,61385,32574,28811,54080,28523,25557,7305,4051,3254
1627,C4114,18,303,District - Barpeta (04),55-59,44080,23511,20569,38890,20636,18254,5190,2875,2315
1628,C4114,18,303,District - Barpeta (04),60-64,38752,19287,19465,34394,17077,17317,4358,2210,2148
1629,C4114,18,303,District - Barpeta (04),65-69,25179,12272,12907,22193,10828,11365,2986,1444,1542
1630,C4114,18,303,District - Barpeta (04),70-74,21022,9889,11133,18795,8881,9914,2227,1008,1219
1631,C4114,18,303,District - Barpeta (04),75-79,10728,5147,5581,9495,4572,4923,1233,575,658
1632,C4114,18,303,District - Barpeta (04),80+,14209,6385,7824,12821,5819,7002,1388,566,822
1633,C4114,18,303,District - Barpeta (04),Age not stated,909,460,449,852,431,421,57,29,28
1634,C4114,18,304,District - Morigaon (05),All ages,957423,486651,470772,884125,449123,435002,73298,37528,35770
1635,C4114,18,304,District - Morigaon (05),0-4,113579,57987,55592,107628,54910,52718,5951,3077,2874
1636,C4114,18,304,District - Morigaon (05),5-9,124347,63226,61121,117559,59769,57790,6788,3457,3331
1637,C4114,18,304,District - Morigaon (05),10-14,114433,58521,55912,107263,54873,52390,7170,3648,3522
1638,C4114,18,304,District - Morigaon (05),15-19,92456,48555,43901,85243,44903,40340,7213,3652,3561
1639,C4114,18,304,District - Morigaon (05),20-24,85234,41056,44178,77805,37504,40301,7429,3552,3877
1640,C4114,18,304,District - Morigaon (05),25-29,82688,40912,41776,75621,37370,38251,7067,3542,3525
1641,C4114,18,304,District - Morigaon (05),30-34,67532,33840,33692,61661,30861,30800,5871,2979,2892
1642,C4114,18,304,District - Morigaon (05),35-39,63440,32273,31167,57522,29451,28071,5918,2822,3096
1643,C4114,18,304,District - Morigaon (05),40-44,50621,26426,24195,45588,23780,21808,5033,2646,2387
1644,C4114,18,304,District - Morigaon (05),45-49,43631,22769,20862,39092,20341,18751,4539,2428,2111
1645,C4114,18,304,District - Morigaon (05),50-54,33459,17661,15798,29965,15582,14383,3494,2079,1415
1646,C4114,18,304,District - Morigaon (05),55-59,22830,12065,10765,20544,10673,9871,2286,1392,894
1647,C4114,18,304,District - Morigaon (05),60-64,22619,11115,11504,20899,10246,10653,1720,869,851
1648,C4114,18,304,District - Morigaon (05),65-69,14043,6975,7068,12985,6451,6534,1058,524,534
1649,C4114,18,304,District - Morigaon (05),70-74,11960,6038,5922,11199,5660,5539,761,378,383
1650,C4114,18,304,District - Morigaon (05),75-79,5288,2713,2575,4922,2533,2389,366,180,186
1651,C4114,18,304,District - Morigaon (05),80+,8072,3870,4202,7545,3622,3923,527,248,279
1652,C4114,18,304,District - Morigaon (05),Age not stated,1191,649,542,1084,594,490,107,55,52
1653,C4114,18,305,District - Nagaon (06),All ages,2823768,1439112,1384656,2454234,1250985,1203249,369534,188127,181407
1654,C4114,18,305,District - Nagaon (06),0-4,321027,163098,157929,293874,149352,144522,27153,13746,13407
1655,C4114,18,305,District - Nagaon (06),5-9,346879,176692,170187,316052,160841,155211,30827,15851,14976
1656,C4114,18,305,District - Nagaon (06),10-14,337490,171406,166084,303547,154148,149399,33943,17258,16685
1657,C4114,18,305,District - Nagaon (06),15-19,273468,142792,130676,239028,125259,113769,34440,17533,16907
1658,C4114,18,305,District - Nagaon (06),20-24,255222,124381,130841,219548,107138,112410,35674,17243,18431
1659,C4114,18,305,District - Nagaon (06),25-29,244191,121158,123033,208995,104041,104954,35196,17117,18079
1660,C4114,18,305,District - Nagaon (06),30-34,199547,100308,99239,168852,85165,83687,30695,15143,15552
1661,C4114,18,305,District - Nagaon (06),35-39,190984,97027,93957,160161,81685,78476,30823,15342,15481
1662,C4114,18,305,District - Nagaon (06),40-44,154763,81416,73347,128332,67425,60907,26431,13991,12440
1663,C4114,18,305,District - Nagaon (06),45-49,132740,69330,63410,109462,56905,52557,23278,12425,10853
1664,C4114,18,305,District - Nagaon (06),50-54,102976,55222,47754,84835,45110,39725,18141,10112,8029
1665,C4114,18,305,District - Nagaon (06),55-59,71952,38515,33437,59141,31339,27802,12811,7176,5635
1666,C4114,18,305,District - Nagaon (06),60-64,69347,35177,34170,58309,29373,28936,11038,5804,5234
1667,C4114,18,305,District - Nagaon (06),65-69,44443,22717,21726,37174,19013,18161,7269,3704,3565
1668,C4114,18,305,District - Nagaon (06),70-74,35701,18046,17655,30368,15460,14908,5333,2586,2747
1669,C4114,18,305,District - Nagaon (06),75-79,17475,9225,8250,14524,7774,6750,2951,1451,1500
1670,C4114,18,305,District - Nagaon (06),80+,24218,11920,12298,20827,10347,10480,3391,1573,1818
1671,C4114,18,305,District - Nagaon (06),Age not stated,1345,682,663,1205,610,595,140,72,68
1672,C4114,18,306,District - Sonitpur (07),All ages,1924110,983904,940206,1750265,894985,855280,173845,88919,84926
1673,C4114,18,306,District - Sonitpur (07),0-4,191456,97202,94254,179621,91222,88399,11835,5980,5855
1674,C4114,18,306,District - Sonitpur (07),5-9,215897,109801,106096,202724,103003,99721,13173,6798,6375
1675,C4114,18,306,District - Sonitpur (07),10-14,212378,107940,104438,197538,100478,97060,14840,7462,7378
1676,C4114,18,306,District - Sonitpur (07),15-19,186590,94712,91878,171135,86835,84300,15455,7877,7578
1677,C4114,18,306,District - Sonitpur (07),20-24,177180,84940,92240,160705,76985,83720,16475,7955,8520
1678,C4114,18,306,District - Sonitpur (07),25-29,176490,87655,88835,160123,79790,80333,16367,7865,8502
1679,C4114,18,306,District - Sonitpur (07),30-34,145666,74262,71404,130756,66893,63863,14910,7369,7541
1680,C4114,18,306,District - Sonitpur (07),35-39,139402,71663,67739,124254,64185,60069,15148,7478,7670
1681,C4114,18,306,District - Sonitpur (07),40-44,114197,60510,53687,100929,53607,47322,13268,6903,6365
1682,C4114,18,306,District - Sonitpur (07),45-49,101974,54564,47410,89936,48033,41903,12038,6531,5507
1683,C4114,18,306,District - Sonitpur (07),50-54,76429,41709,34720,67064,36373,30691,9365,5336,4029
1684,C4114,18,306,District - Sonitpur (07),55-59,54392,29024,25368,47826,25292,22534,6566,3732,2834
1685,C4114,18,306,District - Sonitpur (07),60-64,50387,26571,23816,44704,23487,21217,5683,3084,2599
1686,C4114,18,306,District - Sonitpur (07),65-69,31793,16626,15167,28348,14762,13586,3445,1864,1581
1687,C4114,18,306,District - Sonitpur (07),70-74,24131,13020,11111,21668,11711,9957,2463,1309,1154
1688,C4114,18,306,District - Sonitpur (07),75-79,10945,6031,4914,9576,5352,4224,1369,679,690
1689,C4114,18,306,District - Sonitpur (07),80+,13571,6991,6580,12179,6322,5857,1392,669,723
1690,C4114,18,306,District - Sonitpur (07),Age not stated,1232,683,549,1179,655,524,53,28,25
1691,C4114,18,307,District - Lakhimpur (08),All ages,1042137,529674,512463,950804,482582,468222,91333,47092,44241
1692,C4114,18,307,District - Lakhimpur (08),0-4,107700,55105,52595,100586,51406,49180,7114,3699,3415
1693,C4114,18,307,District - Lakhimpur (08),5-9,120883,61255,59628,112509,56982,55527,8374,4273,4101
1694,C4114,18,307,District - Lakhimpur (08),10-14,118490,60864,57626,109730,56288,53442,8760,4576,4184
1695,C4114,18,307,District - Lakhimpur (08),15-19,102738,52527,50211,94095,48173,45922,8643,4354,4289
1696,C4114,18,307,District - Lakhimpur (08),20-24,95594,45629,49965,86892,41487,45405,8702,4142,4560
1697,C4114,18,307,District - Lakhimpur (08),25-29,93980,45488,48492,85333,41316,44017,8647,4172,4475
1698,C4114,18,307,District - Lakhimpur (08),30-34,81142,40559,40583,73169,36553,36616,7973,4006,3967
1699,C4114,18,307,District - Lakhimpur (08),35-39,75760,38946,36814,68086,35078,33008,7674,3868,3806
1700,C4114,18,307,District - Lakhimpur (08),40-44,59859,31662,28197,53228,28089,25139,6631,3573,3058
1701,C4114,18,307,District - Lakhimpur (08),45-49,52111,27760,24351,46353,24576,21777,5758,3184,2574
1702,C4114,18,307,District - Lakhimpur (08),50-54,37285,20003,17282,33138,17590,15548,4147,2413,1734
1703,C4114,18,307,District - Lakhimpur (08),55-59,27247,14362,12885,24463,12741,11722,2784,1621,1163
1704,C4114,18,307,District - Lakhimpur (08),60-64,25835,13126,12709,23396,11848,11548,2439,1278,1161
1705,C4114,18,307,District - Lakhimpur (08),65-69,16912,8326,8586,15365,7514,7851,1547,812,735
1706,C4114,18,307,District - Lakhimpur (08),70-74,12853,6767,6086,11804,6208,5596,1049,559,490
1707,C4114,18,307,District - Lakhimpur (08),75-79,6099,3276,2823,5584,3004,2580,515,272,243
1708,C4114,18,307,District - Lakhimpur (08),80+,7384,3884,3500,6834,3607,3227,550,277,273
1709,C4114,18,307,District - Lakhimpur (08),Age not stated,265,135,130,239,122,117,26,13,13
1710,C4114,18,308,District - Dhemaji (09),All ages,686133,351249,334884,637848,326278,311570,48285,24971,23314
1711,C4114,18,308,District - Dhemaji (09),0-4,71053,36437,34616,67007,34349,32658,4046,2088,1958
1712,C4114,18,308,District - Dhemaji (09),5-9,81761,41925,39836,77106,39490,37616,4655,2435,2220
1713,C4114,18,308,District - Dhemaji (09),10-14,82165,42008,40157,76994,39345,37649,5171,2663,2508
1714,C4114,18,308,District - Dhemaji (09),15-19,70330,36254,34076,65307,33672,31635,5023,2582,2441
1715,C4114,18,308,District - Dhemaji (09),20-24,64718,31160,33558,59871,28765,31106,4847,2395,2452
1716,C4114,18,308,District - Dhemaji (09),25-29,64194,31747,32447,59583,29535,30048,4611,2212,2399
1717,C4114,18,308,District - Dhemaji (09),30-34,52844,27030,25814,48803,24990,23813,4041,2040,2001
1718,C4114,18,308,District - Dhemaji (09),35-39,47748,24782,22966,43836,22800,21036,3912,1982,1930
1719,C4114,18,308,District - Dhemaji (09),40-44,37101,19636,17465,33920,17945,15975,3181,1691,1490
1720,C4114,18,308,District - Dhemaji (09),45-49,31937,17214,14723,29105,15637,13468,2832,1577,1255
1721,C4114,18,308,District - Dhemaji (09),50-54,22908,12186,10722,20989,11096,9893,1919,1090,829
1722,C4114,18,308,District - Dhemaji (09),55-59,16963,8842,8121,15710,8130,7580,1253,712,541
1723,C4114,18,308,District - Dhemaji (09),60-64,15787,8150,7637,14650,7542,7108,1137,608,529
1724,C4114,18,308,District - Dhemaji (09),65-69,10327,5141,5186,9632,4753,4879,695,388,307
1725,C4114,18,308,District - Dhemaji (09),70-74,7869,4183,3686,7420,3941,3479,449,242,207
1726,C4114,18,308,District - Dhemaji (09),75-79,3894,2185,1709,3657,2053,1604,237,132,105
1727,C4114,18,308,District - Dhemaji (09),80+,4303,2252,2051,4043,2125,1918,260,127,133
1728,C4114,18,308,District - Dhemaji (09),Age not stated,231,117,114,215,110,105,16,7,9
1729,C4114,18,309,District - Tinsukia (10),All ages,1327929,680231,647698,1063186,541395,521791,264743,138836,125907
1730,C4114,18,309,District - Tinsukia (10),0-4,124831,63616,61215,106517,54069,52448,18314,9547,8767
1731,C4114,18,309,District - Tinsukia (10),5-9,142791,72812,69979,121651,61825,59826,21140,10987,10153
1732,C4114,18,309,District - Tinsukia (10),10-14,144499,74462,70037,121189,62250,58939,23310,12212,11098
1733,C4114,18,309,District - Tinsukia (10),15-19,133626,68076,65550,109597,55599,53998,24029,12477,11552
1734,C4114,18,309,District - Tinsukia (10),20-24,129219,62089,67130,103479,49234,54245,25740,12855,12885
1735,C4114,18,309,District - Tinsukia (10),25-29,124908,62195,62713,99537,49510,50027,25371,12685,12686
1736,C4114,18,309,District - Tinsukia (10),30-34,102664,52484,50180,79999,40902,39097,22665,11582,11083
1737,C4114,18,309,District - Tinsukia (10),35-39,97097,50368,46729,74261,38417,35844,22836,11951,10885
1738,C4114,18,309,District - Tinsukia (10),40-44,80794,42244,38550,61138,31727,29411,19656,10517,9139
1739,C4114,18,309,District - Tinsukia (10),45-49,71603,38123,33480,53760,28385,25375,17843,9738,8105
1740,C4114,18,309,District - Tinsukia (10),50-54,52834,29060,23774,39163,21077,18086,13671,7983,5688
1741,C4114,18,309,District - Tinsukia (10),55-59,37878,20406,17472,28448,14936,13512,9430,5470,3960
1742,C4114,18,309,District - Tinsukia (10),60-64,33949,17670,16279,26131,13424,12707,7818,4246,3572
1743,C4114,18,309,District - Tinsukia (10),65-69,19894,10013,9881,15009,7474,7535,4885,2539,2346
1744,C4114,18,309,District - Tinsukia (10),70-74,15262,8145,7117,11668,6318,5350,3594,1827,1767
1745,C4114,18,309,District - Tinsukia (10),75-79,7268,3931,3337,5200,2847,2353,2068,1084,984
1746,C4114,18,309,District - Tinsukia (10),80+,8292,4270,4022,6021,3187,2834,2271,1083,1188
1747,C4114,18,309,District - Tinsukia (10),Age not stated,520,267,253,418,214,204,102,53,49
1748,C4114,18,310,District - Dibrugarh (11),All ages,1326335,676434,649901,1082605,550299,532306,243730,126135,117595
1749,C4114,18,310,District - Dibrugarh (11),0-4,112158,57178,54980,96264,48943,47321,15894,8235,7659
1750,C4114,18,310,District - Dibrugarh (11),5-9,128890,65820,63070,110890,56545,54345,18000,9275,8725
1751,C4114,18,310,District - Dibrugarh (11),10-14,136430,70279,66151,116574,59952,56622,19856,10327,9529
1752,C4114,18,310,District - Dibrugarh (11),15-19,131642,66811,64831,110112,55774,54338,21530,11037,10493
1753,C4114,18,310,District - Dibrugarh (11),20-24,129599,62113,67486,105870,50428,55442,23729,11685,12044
1754,C4114,18,310,District - Dibrugarh (11),25-29,128428,63701,64727,104339,51913,52426,24089,11788,12301
1755,C4114,18,310,District - Dibrugarh (11),30-34,106968,54535,52433,85585,43781,41804,21383,10754,10629
1756,C4114,18,310,District - Dibrugarh (11),35-39,103446,52779,50667,81912,41956,39956,21534,10823,10711
1757,C4114,18,310,District - Dibrugarh (11),40-44,84519,44007,40512,65913,34261,31652,18606,9746,8860
1758,C4114,18,310,District - Dibrugarh (11),45-49,76931,40535,36396,59781,31334,28447,17150,9201,7949
1759,C4114,18,310,District - Dibrugarh (11),50-54,56162,30495,25667,42870,22809,20061,13292,7686,5606
1760,C4114,18,310,District - Dibrugarh (11),55-59,41144,21825,19319,31754,16346,15408,9390,5479,3911
1761,C4114,18,310,District - Dibrugarh (11),60-64,35569,18103,17466,28249,14227,14022,7320,3876,3444
1762,C4114,18,310,District - Dibrugarh (11),65-69,21817,11137,10680,17172,8711,8461,4645,2426,2219
1763,C4114,18,310,District - Dibrugarh (11),70-74,15710,8220,7490,12442,6465,5977,3268,1755,1513
1764,C4114,18,310,District - Dibrugarh (11),75-79,7600,4160,3440,5741,3186,2555,1859,974,885
1765,C4114,18,310,District - Dibrugarh (11),80+,8772,4417,4355,6717,3430,3287,2055,987,1068
1766,C4114,18,310,District - Dibrugarh (11),Age not stated,550,319,231,420,238,182,130,81,49
1767,C4114,18,311,District - Sivasagar (12),All ages,1151050,589216,561834,1040954,531286,509668,110096,57930,52166
1768,C4114,18,311,District - Sivasagar (12),0-4,96532,49214,47318,88747,45237,43510,7785,3977,3808
1769,C4114,18,311,District - Sivasagar (12),5-9,110106,56161,53945,101468,51626,49842,8638,4535,4103
1770,C4114,18,311,District - Sivasagar (12),10-14,116152,59653,56499,106767,54752,52015,9385,4901,4484
1771,C4114,18,311,District - Sivasagar (12),15-19,110261,56061,54200,100573,51071,49502,9688,4990,4698
1772,C4114,18,311,District - Sivasagar (12),20-24,108099,52081,56018,97704,46896,50808,10395,5185,5210
1773,C4114,18,311,District - Sivasagar (12),25-29,106906,52483,54423,96101,47136,48965,10805,5347,5458
1774,C4114,18,311,District - Sivasagar (12),30-34,91388,46077,45311,81637,41119,40518,9751,4958,4793
1775,C4114,18,311,District - Sivasagar (12),35-39,93072,47363,45709,82987,42115,40872,10085,5248,4837
1776,C4114,18,311,District - Sivasagar (12),40-44,76714,40605,36109,67984,35809,32175,8730,4796,3934
1777,C4114,18,311,District - Sivasagar (12),45-49,69773,37749,32024,62261,33438,28823,7512,4311,3201
1778,C4114,18,311,District - Sivasagar (12),50-54,49774,27181,22593,44151,23801,20350,5623,3380,2243
1779,C4114,18,311,District - Sivasagar (12),55-59,36690,19423,17267,33045,17351,15694,3645,2072,1573
1780,C4114,18,311,District - Sivasagar (12),60-64,32673,16710,15963,29608,15113,14495,3065,1597,1468
1781,C4114,18,311,District - Sivasagar (12),65-69,21527,11245,10282,19419,10131,9288,2108,1114,994
1782,C4114,18,311,District - Sivasagar (12),70-74,15541,8461,7080,14171,7719,6452,1370,742,628
1783,C4114,18,311,District - Sivasagar (12),75-79,7309,4162,3147,6585,3765,2820,724,397,327
1784,C4114,18,311,District - Sivasagar (12),80+,8196,4411,3785,7433,4044,3389,763,367,396
1785,C4114,18,311,District - Sivasagar (12),Age not stated,337,176,161,313,163,150,24,13,11
1786,C4114,18,312,District - Jorhat (13),All ages,1092256,556805,535451,871722,442968,428754,220534,113837,106697
1787,C4114,18,312,District - Jorhat (13),0-4,85654,43612,42042,70875,36050,34825,14779,7562,7217
1788,C4114,18,312,District - Jorhat (13),5-9,98489,50066,48423,81915,41488,40427,16574,8578,7996
1789,C4114,18,312,District - Jorhat (13),10-14,108807,56136,52671,90093,46335,43758,18714,9801,8913
1790,C4114,18,312,District - Jorhat (13),15-19,105318,53456,51862,85948,43431,42517,19370,10025,9345
1791,C4114,18,312,District - Jorhat (13),20-24,102529,49435,53094,81467,39178,42289,21062,10257,10805
1792,C4114,18,312,District - Jorhat (13),25-29,104111,50848,53263,82474,40154,42320,21637,10694,10943
1793,C4114,18,312,District - Jorhat (13),30-34,90776,45546,45230,71391,35813,35578,19385,9733,9652
1794,C4114,18,312,District - Jorhat (13),35-39,88730,45063,43667,69274,35217,34057,19456,9846,9610
1795,C4114,18,312,District - Jorhat (13),40-44,71951,38222,33729,55388,29419,25969,16563,8803,7760
1796,C4114,18,312,District - Jorhat (13),45-49,64093,34182,29911,49367,26220,23147,14726,7962,6764
1797,C4114,18,312,District - Jorhat (13),50-54,47649,25510,22139,36193,19208,16985,11456,6302,5154
1798,C4114,18,312,District - Jorhat (13),55-59,35505,18326,17179,27193,13790,13403,8312,4536,3776
1799,C4114,18,312,District - Jorhat (13),60-64,33722,17198,16524,26589,13443,13146,7133,3755,3378
1800,C4114,18,312,District - Jorhat (13),65-69,22522,11607,10915,17924,9141,8783,4598,2466,2132
1801,C4114,18,312,District - Jorhat (13),70-74,15679,8534,7145,12544,6859,5685,3135,1675,1460
1802,C4114,18,312,District - Jorhat (13),75-79,7482,4166,3316,5771,3270,2501,1711,896,815
1803,C4114,18,312,District - Jorhat (13),80+,8503,4503,4000,6693,3623,3070,1810,880,930
1804,C4114,18,312,District - Jorhat (13),Age not stated,736,395,341,623,329,294,113,66,47
1805,C4114,18,313,District - Golaghat (14),All ages,1066888,543161,523727,969152,493125,476027,97736,50036,47700
1806,C4114,18,313,District - Golaghat (14),0-4,92766,47098,45668,86145,43681,42464,6621,3417,3204
1807,C4114,18,313,District - Golaghat (14),5-9,106240,53992,52248,98549,50038,48511,7691,3954,3737
1808,C4114,18,313,District - Golaghat (14),10-14,117308,60011,57297,108452,55441,53011,8856,4570,4286
1809,C4114,18,313,District - Golaghat (14),15-19,108123,54589,53534,99251,50101,49150,8872,4488,4384
1810,C4114,18,313,District - Golaghat (14),20-24,102501,48740,53761,93361,44379,48982,9140,4361,4779
1811,C4114,18,313,District - Golaghat (14),25-29,102215,50308,51907,93004,45912,47092,9211,4396,4815
1812,C4114,18,313,District - Golaghat (14),30-34,84554,42785,41769,75939,38672,37267,8615,4113,4502
1813,C4114,18,313,District - Golaghat (14),35-39,82109,41832,40277,72883,37269,35614,9226,4563,4663
1814,C4114,18,313,District - Golaghat (14),40-44,64562,34466,30096,57039,30349,26690,7523,4117,3406
1815,C4114,18,313,District - Golaghat (14),45-49,57860,30764,27096,51499,27230,24269,6361,3534,2827
1816,C4114,18,313,District - Golaghat (14),50-54,42803,22807,19996,38132,20140,17992,4671,2667,2004
1817,C4114,18,313,District - Golaghat (14),55-59,31598,16830,14768,28385,15008,13377,3213,1822,1391
1818,C4114,18,313,District - Golaghat (14),60-64,28645,14680,13965,25717,13147,12570,2928,1533,1395
1819,C4114,18,313,District - Golaghat (14),65-69,18970,9887,9083,17032,8914,8118,1938,973,965
1820,C4114,18,313,District - Golaghat (14),70-74,13082,7030,6052,11749,6298,5451,1333,732,601
1821,C4114,18,313,District - Golaghat (14),75-79,6119,3399,2720,5400,3024,2376,719,375,344
1822,C4114,18,313,District - Golaghat (14),80+,7027,3727,3300,6250,3328,2922,777,399,378
1823,C4114,18,313,District - Golaghat (14),Age not stated,406,216,190,365,194,171,41,22,19
1824,C4114,18,314,District - Karbi Anglong (15),All ages,956313,490167,466146,843347,431924,411423,112966,58243,54723
1825,C4114,18,314,District - Karbi Anglong (15),0-4,103728,52909,50819,94564,48213,46351,9164,4696,4468
1826,C4114,18,314,District - Karbi Anglong (15),5-9,116868,59813,57055,106336,54335,52001,10532,5478,5054
1827,C4114,18,314,District - Karbi Anglong (15),10-14,115294,58717,56577,103214,52527,50687,12080,6190,5890
1828,C4114,18,314,District - Karbi Anglong (15),15-19,106030,53922,52108,92845,47409,45436,13185,6513,6672
1829,C4114,18,314,District - Karbi Anglong (15),20-24,90423,44184,46239,77919,38089,39830,12504,6095,6409
1830,C4114,18,314,District - Karbi Anglong (15),25-29,86290,42721,43569,75059,37146,37913,11231,5575,5656
1831,C4114,18,314,District - Karbi Anglong (15),30-34,68647,34720,33927,59469,30141,29328,9178,4579,4599
1832,C4114,18,314,District - Karbi Anglong (15),35-39,67751,35024,32727,58696,30421,28275,9055,4603,4452
1833,C4114,18,314,District - Karbi Anglong (15),40-44,52650,28344,24306,45091,24243,20848,7559,4101,3458
1834,C4114,18,314,District - Karbi Anglong (15),45-49,44691,24130,20561,38474,20659,17815,6217,3471,2746
1835,C4114,18,314,District - Karbi Anglong (15),50-54,31412,17457,13955,27127,14914,12213,4285,2543,1742
1836,C4114,18,314,District - Karbi Anglong (15),55-59,21758,11702,10056,18960,10016,8944,2798,1686,1112
1837,C4114,18,314,District - Karbi Anglong (15),60-64,18776,9906,8870,16760,8817,7943,2016,1089,927
1838,C4114,18,314,District - Karbi Anglong (15),65-69,11781,5962,5819,10589,5361,5228,1192,601,591
1839,C4114,18,314,District - Karbi Anglong (15),70-74,9176,4883,4293,8266,4390,3876,910,493,417
1840,C4114,18,314,District - Karbi Anglong (15),75-79,4284,2309,1975,3844,2074,1770,440,235,205
1841,C4114,18,314,District - Karbi Anglong (15),80+,5936,3040,2896,5395,2793,2602,541,247,294
1842,C4114,18,314,District - Karbi Anglong (15),Age not stated,818,424,394,739,376,363,79,48,31
1843,C4114,18,315,District - Dima Hasao (16),All ages,214102,110802,103300,151613,77817,73796,62489,32985,29504
1844,C4114,18,315,District - Dima Hasao (16),0-4,22653,11488,11165,17560,8907,8653,5093,2581,2512
1845,C4114,18,315,District - Dima Hasao (16),5-9,24127,12338,11789,18424,9376,9048,5703,2962,2741
1846,C4114,18,315,District - Dima Hasao (16),10-14,24937,12766,12171,18381,9429,8952,6556,3337,3219
1847,C4114,18,315,District - Dima Hasao (16),15-19,22807,11400,11407,16399,8202,8197,6408,3198,3210
1848,C4114,18,315,District - Dima Hasao (16),20-24,21102,10318,10784,14622,7064,7558,6480,3254,3226
1849,C4114,18,315,District - Dima Hasao (16),25-29,19837,10050,9787,13451,6750,6701,6386,3300,3086
1850,C4114,18,315,District - Dima Hasao (16),30-34,16057,8507,7550,10450,5463,4987,5607,3044,2563
1851,C4114,18,315,District - Dima Hasao (16),35-39,14723,7721,7002,9498,4919,4579,5225,2802,2423
1852,C4114,18,315,District - Dima Hasao (16),40-44,12363,6721,5642,7748,4146,3602,4615,2575,2040
1853,C4114,18,315,District - Dima Hasao (16),45-49,10556,5709,4847,7034,3719,3315,3522,1990,1532
1854,C4114,18,315,District - Dima Hasao (16),50-54,7937,4392,3545,5361,2871,2490,2576,1521,1055
1855,C4114,18,315,District - Dima Hasao (16),55-59,5601,3248,2353,3957,2225,1732,1644,1023,621
1856,C4114,18,315,District - Dima Hasao (16),60-64,4391,2375,2016,3320,1769,1551,1071,606,465
1857,C4114,18,315,District - Dima Hasao (16),65-69,2622,1431,1191,2013,1111,902,609,320,289
1858,C4114,18,315,District - Dima Hasao (16),70-74,1904,1006,898,1490,798,692,414,208,206
1859,C4114,18,315,District - Dima Hasao (16),75-79,1135,633,502,854,492,362,281,141,140
1860,C4114,18,315,District - Dima Hasao (16),80+,1240,644,596,958,528,430,282,116,166
1861,C4114,18,315,District - Dima Hasao (16),Age not stated,110,55,55,93,48,45,17,7,10
1862,C4114,18,316,District - Cachar (17),All ages,1736617,886284,850333,1421153,727083,694070,315464,159201,156263
1863,C4114,18,316,District - Cachar (17),0-4,179618,91675,87943,155801,79489,76312,23817,12186,11631
1864,C4114,18,316,District - Cachar (17),5-9,190601,97510,93091,164201,84089,80112,26400,13421,12979
1865,C4114,18,316,District - Cachar (17),10-14,188152,96099,92053,160223,81714,78509,27929,14385,13544
1866,C4114,18,316,District - Cachar (17),15-19,176440,90121,86319,147659,75666,71993,28781,14455,14326
1867,C4114,18,316,District - Cachar (17),20-24,163281,81137,82144,132726,66211,66515,30555,14926,15629
1868,C4114,18,316,District - Cachar (17),25-29,150898,74479,76419,121051,60054,60997,29847,14425,15422
1869,C4114,18,316,District - Cachar (17),30-34,126719,63177,63542,100977,50474,50503,25742,12703,13039
1870,C4114,18,316,District - Cachar (17),35-39,125710,63848,61862,100153,51025,49128,25557,12823,12734
1871,C4114,18,316,District - Cachar (17),40-44,103609,54563,49046,81751,43189,38562,21858,11374,10484
1872,C4114,18,316,District - Cachar (17),45-49,88861,46710,42151,69471,36811,32660,19390,9899,9491
1873,C4114,18,316,District - Cachar (17),50-54,69247,36792,32455,53357,28403,24954,15890,8389,7501
1874,C4114,18,316,District - Cachar (17),55-59,50824,27288,23536,38735,20889,17846,12089,6399,5690
1875,C4114,18,316,District - Cachar (17),60-64,45604,23411,22193,35283,18086,17197,10321,5325,4996
1876,C4114,18,316,District - Cachar (17),65-69,29851,15396,14455,23079,11911,11168,6772,3485,3287
1877,C4114,18,316,District - Cachar (17),70-74,22384,11602,10782,17528,9164,8364,4856,2438,2418
1878,C4114,18,316,District - Cachar (17),75-79,10590,5582,5008,7937,4310,3627,2653,1272,1381
1879,C4114,18,316,District - Cachar (17),80+,13276,6392,6884,10375,5157,5218,2901,1235,1666
1880,C4114,18,316,District - Cachar (17),Age not stated,952,502,450,846,441,405,106,61,45
1881,C4114,18,317,District - Karimganj (18),All ages,1228686,625864,602822,1118986,570510,548476,109700,55354,54346
1882,C4114,18,317,District - Karimganj (18),0-4,148573,75388,73185,140559,71352,69207,8014,4036,3978
1883,C4114,18,317,District - Karimganj (18),5-9,153648,78098,75550,144578,73419,71159,9070,4679,4391
1884,C4114,18,317,District - Karimganj (18),10-14,139930,71147,68783,130615,66389,64226,9315,4758,4557
1885,C4114,18,317,District - Karimganj (18),15-19,123965,62775,61190,114112,57863,56249,9853,4912,4941
1886,C4114,18,317,District - Karimganj (18),20-24,112858,56340,56518,102524,51359,51165,10334,4981,5353
1887,C4114,18,317,District - Karimganj (18),25-29,100876,50614,50262,90914,45757,45157,9962,4857,5105
1888,C4114,18,317,District - Karimganj (18),30-34,82193,41297,40896,73262,36947,36315,8931,4350,4581
1889,C4114,18,317,District - Karimganj (18),35-39,79954,40751,39203,70781,36185,34596,9173,4566,4607
1890,C4114,18,317,District - Karimganj (18),40-44,66822,34898,31924,58548,30557,27991,8274,4341,3933
1891,C4114,18,317,District - Karimganj (18),45-49,55399,29251,26148,48338,25486,22852,7061,3765,3296
1892,C4114,18,317,District - Karimganj (18),50-54,44851,23986,20865,39190,20930,18260,5661,3056,2605
1893,C4114,18,317,District - Karimganj (18),55-59,32911,17930,14981,28630,15585,13045,4281,2345,1936
1894,C4114,18,317,District - Karimganj (18),60-64,31100,15730,15370,27499,13913,13586,3601,1817,1784
1895,C4114,18,317,District - Karimganj (18),65-69,20627,10518,10109,18258,9343,8915,2369,1175,1194
1896,C4114,18,317,District - Karimganj (18),70-74,16041,8020,8021,14357,7205,7152,1684,815,869
1897,C4114,18,317,District - Karimganj (18),75-79,7763,3880,3883,6763,3434,3329,1000,446,554
1898,C4114,18,317,District - Karimganj (18),80+,10697,4993,5704,9608,4555,5053,1089,438,651
1899,C4114,18,317,District - Karimganj (18),Age not stated,478,248,230,450,231,219,28,17,11
1900,C4114,18,318,District - Hailakandi (19),All ages,659296,337890,321406,611156,313747,297409,48140,24143,23997
1901,C4114,18,318,District - Hailakandi (19),0-4,77348,39641,37707,74109,37992,36117,3239,1649,1590
1902,C4114,18,318,District - Hailakandi (19),5-9,83223,41969,41254,79475,40099,39376,3748,1870,1878
1903,C4114,18,318,District - Hailakandi (19),10-14,78267,39661,38606,73963,37461,36502,4304,2200,2104
1904,C4114,18,318,District - Hailakandi (19),15-19,68236,35153,33083,63789,32910,30879,4447,2243,2204
1905,C4114,18,318,District - Hailakandi (19),20-24,58960,29856,29104,54441,27617,26824,4519,2239,2280
1906,C4114,18,318,District - Hailakandi (19),25-29,53887,26627,27260,49667,24619,25048,4220,2008,2212
1907,C4114,18,318,District - Hailakandi (19),30-34,45447,22849,22598,41555,20993,20562,3892,1856,2036
1908,C4114,18,318,District - Hailakandi (19),35-39,44788,22925,21863,40783,20986,19797,4005,1939,2066
1909,C4114,18,318,District - Hailakandi (19),40-44,36706,19452,17254,33050,17623,15427,3656,1829,1827
1910,C4114,18,318,District - Hailakandi (19),45-49,29302,15693,13609,26240,14067,12173,3062,1626,1436
1911,C4114,18,318,District - Hailakandi (19),50-54,23663,12679,10984,21002,11196,9806,2661,1483,1178
1912,C4114,18,318,District - Hailakandi (19),55-59,16188,8775,7413,14230,7660,6570,1958,1115,843
1913,C4114,18,318,District - Hailakandi (19),60-64,16609,8632,7977,15013,7841,7172,1596,791,805
1914,C4114,18,318,District - Hailakandi (19),65-69,10416,5501,4915,9346,4982,4364,1070,519,551
1915,C4114,18,318,District - Hailakandi (19),70-74,8172,4282,3890,7369,3908,3461,803,374,429
1916,C4114,18,318,District - Hailakandi (19),75-79,3283,1786,1497,2886,1607,1279,397,179,218
1917,C4114,18,318,District - Hailakandi (19),80+,4510,2241,2269,3994,2048,1946,516,193,323
1918,C4114,18,318,District - Hailakandi (19),Age not stated,291,168,123,244,138,106,47,30,17
1919,C4114,18,319,District - Bongaigaon (20),All ages,738804,375818,362986,628994,319786,309208,109810,56032,53778
1920,C4114,18,319,District - Bongaigaon (20),0-4,81161,40923,40238,73452,36922,36530,7709,4001,3708
1921,C4114,18,319,District - Bongaigaon (20),5-9,87468,44739,42729,78769,40248,38521,8699,4491,4208
1922,C4114,18,319,District - Bongaigaon (20),10-14,84618,43575,41043,75032,38560,36472,9586,5015,4571
1923,C4114,18,319,District - Bongaigaon (20),15-19,70896,38537,32359,60834,33449,27385,10062,5088,4974
1924,C4114,18,319,District - Bongaigaon (20),20-24,69865,33420,36445,59068,28181,30887,10797,5239,5558
1925,C4114,18,319,District - Bongaigaon (20),25-29,64788,32404,32384,54539,27393,27146,10249,5011,5238
1926,C4114,18,319,District - Bongaigaon (20),30-34,52115,26341,25774,42953,21846,21107,9162,4495,4667
1927,C4114,18,319,District - Bongaigaon (20),35-39,51099,25299,25800,41888,20919,20969,9211,4380,4831
1928,C4114,18,319,District - Bongaigaon (20),40-44,43359,22267,21092,34741,17922,16819,8618,4345,4273
1929,C4114,18,319,District - Bongaigaon (20),45-49,38276,19835,18441,30482,15769,14713,7794,4066,3728
1930,C4114,18,319,District - Bongaigaon (20),50-54,28436,15297,13139,22449,11752,10697,5987,3545,2442
1931,C4114,18,319,District - Bongaigaon (20),55-59,19917,10847,9070,15641,8300,7341,4276,2547,1729
1932,C4114,18,319,District - Bongaigaon (20),60-64,16467,8024,8443,13702,6611,7091,2765,1413,1352
1933,C4114,18,319,District - Bongaigaon (20),65-69,11207,5304,5903,9214,4265,4949,1993,1039,954
1934,C4114,18,319,District - Bongaigaon (20),70-74,8912,4139,4773,7658,3529,4129,1254,610,644
1935,C4114,18,319,District - Bongaigaon (20),75-79,4503,2194,2309,3754,1853,1901,749,341,408
1936,C4114,18,319,District - Bongaigaon (20),80+,5497,2557,2940,4687,2201,2486,810,356,454
1937,C4114,18,319,District - Bongaigaon (20),Age not stated,220,116,104,131,66,65,89,50,39
1938,C4114,18,320,District - Chirang (21),All ages,482162,244860,237302,446825,226895,219930,35337,17965,17372
1939,C4114,18,320,District - Chirang (21),0-4,50070,25447,24623,47319,24074,23245,2751,1373,1378
1940,C4114,18,320,District - Chirang (21),5-9,57724,29418,28306,54424,27710,26714,3300,1708,1592
1941,C4114,18,320,District - Chirang (21),10-14,57354,29315,28039,53921,27582,26339,3433,1733,1700
1942,C4114,18,320,District - Chirang (21),15-19,49625,25908,23717,46370,24222,22148,3255,1686,1569
1943,C4114,18,320,District - Chirang (21),20-24,43470,20989,22481,40081,19289,20792,3389,1700,1689
1944,C4114,18,320,District - Chirang (21),25-29,43275,21212,22063,39799,19513,20286,3476,1699,1777
1945,C4114,18,320,District - Chirang (21),30-34,35035,17373,17662,32064,15919,16145,2971,1454,1517
1946,C4114,18,320,District - Chirang (21),35-39,35354,17914,17440,32495,16482,16013,2859,1432,1427
1947,C4114,18,320,District - Chirang (21),40-44,27874,14407,13467,25437,13166,12271,2437,1241,1196
1948,C4114,18,320,District - Chirang (21),45-49,23981,12725,11256,21859,11555,10304,2122,1170,952
1949,C4114,18,320,District - Chirang (21),50-54,16818,8918,7900,15211,8029,7182,1607,889,718
1950,C4114,18,320,District - Chirang (21),55-59,12339,6567,5772,11224,5968,5256,1115,599,516
1951,C4114,18,320,District - Chirang (21),60-64,10696,5363,5333,9787,4893,4894,909,470,439
1952,C4114,18,320,District - Chirang (21),65-69,6954,3462,3492,6310,3154,3156,644,308,336
1953,C4114,18,320,District - Chirang (21),70-74,5368,2656,2712,4883,2419,2464,485,237,248
1954,C4114,18,320,District - Chirang (21),75-79,2616,1373,1243,2365,1255,1110,251,118,133
1955,C4114,18,320,District - Chirang (21),80+,3491,1749,1742,3168,1607,1561,323,142,181
1956,C4114,18,320,District - Chirang (21),Age not stated,118,64,54,108,58,50,10,6,4
1957,C4114,18,321,District - Kamrup (22),All ages,1517542,778461,739081,1375148,706140,669008,142394,72321,70073
1958,C4114,18,321,District - Kamrup (22),0-4,138330,70356,67974,129205,65683,63522,9125,4673,4452
1959,C4114,18,321,District - Kamrup (22),5-9,156992,79809,77183,146186,74270,71916,10806,5539,5267
1960,C4114,18,321,District - Kamrup (22),10-14,164088,84230,79858,151110,77622,73488,12978,6608,6370
1961,C4114,18,321,District - Kamrup (22),15-19,148648,78960,69688,134547,71770,62777,14101,7190,6911
1962,C4114,18,321,District - Kamrup (22),20-24,144435,71198,73237,129373,63666,65707,15062,7532,7530
1963,C4114,18,321,District - Kamrup (22),25-29,143282,70982,72300,128943,63920,65023,14339,7062,7277
1964,C4114,18,321,District - Kamrup (22),30-34,117381,58756,58625,105493,53068,52425,11888,5688,6200
1965,C4114,18,321,District - Kamrup (22),35-39,116523,59940,56583,104270,53863,50407,12253,6077,6176
1966,C4114,18,321,District - Kamrup (22),40-44,92738,49934,42804,82737,44704,38033,10001,5230,4771
1967,C4114,18,321,District - Kamrup (22),45-49,81590,44119,37471,72549,39317,33232,9041,4802,4239
1968,C4114,18,321,District - Kamrup (22),50-54,59764,32262,27502,53050,28567,24483,6714,3695,3019
1969,C4114,18,321,District - Kamrup (22),55-59,43839,23818,20021,38978,21131,17847,4861,2687,2174
1970,C4114,18,321,District - Kamrup (22),60-64,40740,20222,20518,36318,18009,18309,4422,2213,2209
1971,C4114,18,321,District - Kamrup (22),65-69,27408,13337,14071,24583,11954,12629,2825,1383,1442
1972,C4114,18,321,District - Kamrup (22),70-74,20220,9905,10315,18236,8911,9325,1984,994,990
1973,C4114,18,321,District - Kamrup (22),75-79,9350,4705,4645,8398,4248,4150,952,457,495
1974,C4114,18,321,District - Kamrup (22),80+,11419,5510,5909,10418,5044,5374,1001,466,535
1975,C4114,18,321,District - Kamrup (22),Age not stated,795,418,377,754,393,361,41,25,16
1976,C4114,18,322,District - Kamrup Metropolitan (23),All ages,1253938,647585,606353,216927,111062,105865,1037011,536523,500488
1977,C4114,18,322,District - Kamrup Metropolitan (23),0-4,86740,44463,42277,18931,9520,9411,67809,34943,32866
1978,C4114,18,322,District - Kamrup Metropolitan (23),5-9,97775,50380,47395,21317,10803,10514,76458,39577,36881
1979,C4114,18,322,District - Kamrup Metropolitan (23),10-14,109683,56136,53547,23411,11853,11558,86272,44283,41989
1980,C4114,18,322,District - Kamrup Metropolitan (23),15-19,112387,57893,54494,21915,11185,10730,90472,46708,43764
1981,C4114,18,322,District - Kamrup Metropolitan (23),20-24,124612,62083,62529,21869,10830,11039,102743,51253,51490
1982,C4114,18,322,District - Kamrup Metropolitan (23),25-29,128256,62306,65950,21486,10605,10881,106770,51701,55069
1983,C4114,18,322,District - Kamrup Metropolitan (23),30-34,113804,56867,56937,17168,8664,8504,96636,48203,48433
1984,C4114,18,322,District - Kamrup Metropolitan (23),35-39,113605,57671,55934,17418,8886,8532,96187,48785,47402
1985,C4114,18,322,District - Kamrup Metropolitan (23),40-44,93183,49943,43240,13627,7339,6288,79556,42604,36952
1986,C4114,18,322,District - Kamrup Metropolitan (23),45-49,80908,43474,37434,11968,6578,5390,68940,36896,32044
1987,C4114,18,322,District - Kamrup Metropolitan (23),50-54,60329,33673,26656,8340,4582,3758,51989,29091,22898
1988,C4114,18,322,District - Kamrup Metropolitan (23),55-59,42962,24100,18862,5625,3117,2508,37337,20983,16354
1989,C4114,18,322,District - Kamrup Metropolitan (23),60-64,34798,19242,15556,5211,2665,2546,29587,16577,13010
1990,C4114,18,322,District - Kamrup Metropolitan (23),65-69,21381,11697,9684,3230,1678,1552,18151,10019,8132
1991,C4114,18,322,District - Kamrup Metropolitan (23),70-74,14992,8197,6795,2642,1386,1256,12350,6811,5539
1992,C4114,18,322,District - Kamrup Metropolitan (23),75-79,7890,4183,3707,1186,608,578,6704,3575,3129
1993,C4114,18,322,District - Kamrup Metropolitan (23),80+,8556,4173,4383,1530,737,793,7026,3436,3590
1994,C4114,18,322,District - Kamrup Metropolitan (23),Age not stated,2077,1104,973,53,26,27,2024,1078,946
1995,C4114,18,323,District - Nalbari (24),All ages,771639,396006,375633,688909,353677,335232,82730,42329,40401
1996,C4114,18,323,District - Nalbari (24),0-4,65510,33303,32207,60305,30611,29694,5205,2692,2513
1997,C4114,18,323,District - Nalbari (24),5-9,74999,38288,36711,68783,35123,33660,6216,3165,3051
1998,C4114,18,323,District - Nalbari (24),10-14,81286,41415,39871,73936,37654,36282,7350,3761,3589
1999,C4114,18,323,District - Nalbari (24),15-19,74719,38941,35778,67022,35041,31981,7697,3900,3797
2000,C4114,18,323,District - Nalbari (24),20-24,73124,36417,36707,65072,32446,32626,8052,3971,4081
2001,C4114,18,323,District - Nalbari (24),25-29,72423,35542,36881,64241,31634,32607,8182,3908,4274
2002,C4114,18,323,District - Nalbari (24),30-34,61165,30987,30178,53975,27419,26556,7190,3568,3622
2003,C4114,18,323,District - Nalbari (24),35-39,60165,31060,29105,52918,27443,25475,7247,3617,3630
2004,C4114,18,323,District - Nalbari (24),40-44,48003,26075,21928,41982,22824,19158,6021,3251,2770
2005,C4114,18,323,District - Nalbari (24),45-49,41987,22921,19066,36664,19991,16673,5323,2930,2393
2006,C4114,18,323,District - Nalbari (24),50-54,31997,17442,14555,27884,15104,12780,4113,2338,1775
2007,C4114,18,323,District - Nalbari (24),55-59,22827,12385,10442,20020,10840,9180,2807,1545,1262
2008,C4114,18,323,District - Nalbari (24),60-64,22067,10792,11275,19447,9444,10003,2620,1348,1272
2009,C4114,18,323,District - Nalbari (24),65-69,16792,8158,8634,14871,7193,7678,1921,965,956
2010,C4114,18,323,District - Nalbari (24),70-74,12744,6288,6456,11241,5557,5684,1503,731,772
2011,C4114,18,323,District - Nalbari (24),75-79,5529,2872,2657,4900,2545,2355,629,327,302
2012,C4114,18,323,District - Nalbari (24),80+,5853,2903,2950,5222,2602,2620,631,301,330
2013,C4114,18,323,District - Nalbari (24),Age not stated,449,217,232,426,206,220,23,11,12
2014,C4114,18,324,District - Baksa (25),All ages,950075,481330,468745,937833,475027,462806,12242,6303,5939
2015,C4114,18,324,District - Baksa (25),0-4,84122,42736,41386,83065,42179,40886,1057,557,500
2016,C4114,18,324,District - Baksa (25),5-9,98774,50352,48422,97598,49786,47812,1176,566,610
2017,C4114,18,324,District - Baksa (25),10-14,105760,53778,51982,104431,53108,51323,1329,670,659
2018,C4114,18,324,District - Baksa (25),15-19,97629,50442,47187,96361,49761,46600,1268,681,587
2019,C4114,18,324,District - Baksa (25),20-24,87953,42900,45053,86798,42328,44470,1155,572,583
2020,C4114,18,324,District - Baksa (25),25-29,88851,43324,45527,87648,42711,44937,1203,613,590
2021,C4114,18,324,District - Baksa (25),30-34,73632,36405,37227,72630,35893,36737,1002,512,490
2022,C4114,18,324,District - Baksa (25),35-39,73872,37578,36294,72878,37075,35803,994,503,491
2023,C4114,18,324,District - Baksa (25),40-44,58439,30815,27624,57637,30360,27277,802,455,347
2024,C4114,18,324,District - Baksa (25),45-49,50339,26773,23566,49691,26428,23263,648,345,303
2025,C4114,18,324,District - Baksa (25),50-54,36552,19389,17163,36090,19131,16959,462,258,204
2026,C4114,18,324,District - Baksa (25),55-59,27126,13987,13139,26768,13794,12974,358,193,165
2027,C4114,18,324,District - Baksa (25),60-64,24530,11850,12680,24238,11703,12535,292,147,145
2028,C4114,18,324,District - Baksa (25),65-69,16782,8146,8636,16603,8067,8536,179,79,100
2029,C4114,18,324,District - Baksa (25),70-74,12505,6219,6286,12350,6138,6212,155,81,74
2030,C4114,18,324,District - Baksa (25),75-79,5807,2989,2818,5727,2948,2779,80,41,39
2031,C4114,18,324,District - Baksa (25),80+,6781,3344,3437,6705,3316,3389,76,28,48
2032,C4114,18,324,District - Baksa (25),Age not stated,621,303,318,615,301,314,6,2,4
2033,C4114,18,325,District - Darrang (26),All ages,928500,475273,453227,873006,446460,426546,55494,28813,26681
2034,C4114,18,325,District - Darrang (26),0-4,107190,54299,52891,103414,52321,51093,3776,1978,1798
2035,C4114,18,325,District - Darrang (26),5-9,121542,62228,59314,116964,59876,57088,4578,2352,2226
2036,C4114,18,325,District - Darrang (26),10-14,109659,56408,53251,104406,53721,50685,5253,2687,2566
2037,C4114,18,325,District - Darrang (26),15-19,84706,45938,38768,79633,43280,36353,5073,2658,2415
2038,C4114,18,325,District - Darrang (26),20-24,80066,38805,41261,74927,36155,38772,5139,2650,2489
2039,C4114,18,325,District - Darrang (26),25-29,80273,39490,40783,75016,36905,38111,5257,2585,2672
2040,C4114,18,325,District - Darrang (26),30-34,66184,32878,33306,61354,30531,30823,4830,2347,2483
2041,C4114,18,325,District - Darrang (26),35-39,63904,32182,31722,59070,29846,29224,4834,2336,2498
2042,C4114,18,325,District - Darrang (26),40-44,51337,26954,24383,46984,24633,22351,4353,2321,2032
2043,C4114,18,325,District - Darrang (26),45-49,45100,24159,20941,41384,22052,19332,3716,2107,1609
2044,C4114,18,325,District - Darrang (26),50-54,34189,18189,16000,31439,16571,14868,2750,1618,1132
2045,C4114,18,325,District - Darrang (26),55-59,23975,12832,11143,22089,11772,10317,1886,1060,826
2046,C4114,18,325,District - Darrang (26),60-64,22149,11242,10907,20630,10413,10217,1519,829,690
2047,C4114,18,325,District - Darrang (26),65-69,14005,7177,6828,13079,6702,6377,926,475,451
2048,C4114,18,325,District - Darrang (26),70-74,11746,5997,5749,11003,5620,5383,743,377,366
2049,C4114,18,325,District - Darrang (26),75-79,5340,2925,2415,4916,2714,2202,424,211,213
2050,C4114,18,325,District - Darrang (26),80+,6698,3341,3357,6273,3127,3146,425,214,211
2051,C4114,18,325,District - Darrang (26),Age not stated,437,229,208,425,221,204,12,8,4
2052,C4114,18,326,District - Udalguri (27),All ages,831668,421617,410051,794094,402442,391652,37574,19175,18399
2053,C4114,18,326,District - Udalguri (27),0-4,77490,39143,38347,75024,37923,37101,2466,1220,1246
2054,C4114,18,326,District - Udalguri (27),5-9,90665,46148,44517,87640,44620,43020,3025,1528,1497
2055,C4114,18,326,District - Udalguri (27),10-14,93111,47300,45811,89520,45457,44063,3591,1843,1748
2056,C4114,18,326,District - Udalguri (27),15-19,82688,42098,40590,79053,40234,38819,3635,1864,1771
2057,C4114,18,326,District - Udalguri (27),20-24,78545,38259,40286,74837,36400,38437,3708,1859,1849
2058,C4114,18,326,District - Udalguri (27),25-29,76715,38080,38635,73145,36341,36804,3570,1739,1831
2059,C4114,18,326,District - Udalguri (27),30-34,62586,30985,31601,59315,29383,29932,3271,1602,1669
2060,C4114,18,326,District - Udalguri (27),35-39,62392,31564,30828,59108,29923,29185,3284,1641,1643
2061,C4114,18,326,District - Udalguri (27),40-44,50814,26468,24346,48065,25038,23027,2749,1430,1319
2062,C4114,18,326,District - Udalguri (27),45-49,45726,24130,21596,43198,22724,20474,2528,1406,1122
2063,C4114,18,326,District - Udalguri (27),50-54,33129,17602,15527,31335,16628,14707,1794,974,820
2064,C4114,18,326,District - Udalguri (27),55-59,23443,12334,11109,22183,11622,10561,1260,712,548
2065,C4114,18,326,District - Udalguri (27),60-64,20593,10346,10247,19598,9840,9758,995,506,489
2066,C4114,18,326,District - Udalguri (27),65-69,12850,6378,6472,12221,6073,6148,629,305,324
2067,C4114,18,326,District - Udalguri (27),70-74,10037,5168,4869,9522,4902,4620,515,266,249
2068,C4114,18,326,District - Udalguri (27),75-79,4511,2349,2162,4260,2222,2038,251,127,124
2069,C4114,18,326,District - Udalguri (27),80+,5399,2761,2638,5117,2620,2497,282,141,141
2070,C4114,18,326,District - Udalguri (27),Age not stated,974,504,470,953,492,461,21,12,9
2071,C4114,10,0,State - BIHAR (10),All ages,104099452,54278157,49821295,92341436,48073850,44267586,11758016,6204307,5553709
2072,C4114,10,0,State - BIHAR (10),0-4,12765029,6576871,6188158,11600288,5969825,5630463,1164741,607046,557695
2073,C4114,10,0,State - BIHAR (10),5-9,15036277,7796359,7239918,13630801,7057963,6572838,1405476,738396,667080
2074,C4114,10,0,State - BIHAR (10),10-14,13919882,7323831,6596051,12472947,6563975,5908972,1446935,759856,687079
2075,C4114,10,0,State - BIHAR (10),15-19,9472695,5290581,4182114,8243729,4622498,3621231,1228966,668083,560883
2076,C4114,10,0,State - BIHAR (10),20-24,8064735,4210585,3854150,7011053,3644529,3366524,1053682,566056,487626
2077,C4114,10,0,State - BIHAR (10),25-29,7671705,3828687,3843018,6722688,3340162,3382526,949017,488525,460492
2078,C4114,10,0,State - BIHAR (10),30-34,7055737,3510596,3545141,6203044,3074406,3128638,852693,436190,416503
2079,C4114,10,0,State - BIHAR (10),35-39,6457261,3308161,3149100,5671251,2902365,2768886,786010,405796,380214
2080,C4114,10,0,State - BIHAR (10),40-44,5165692,2756809,2408883,4510868,2404576,2106292,654824,352233,302591
2081,C4114,10,0,State - BIHAR (10),45-49,4270374,2209994,2060380,3721533,1918799,1802734,548841,291195,257646
2082,C4114,10,0,State - BIHAR (10),50-54,3312740,1808425,1504315,2885694,1575237,1310457,427046,233188,193858
2083,C4114,10,0,State - BIHAR (10),55-59,2796678,1330356,1466322,2450329,1151517,1298812,346349,178839,167510
2084,C4114,10,0,State - BIHAR (10),60-64,3008008,1559925,1448083,2677437,1385714,1291723,330571,174211,156360
2085,C4114,10,0,State - BIHAR (10),65-69,2089779,1103718,986061,1870640,986570,884070,219139,117148,101991
2086,C4114,10,0,State - BIHAR (10),70-74,1379531,784383,595148,1231828,701151,530677,147703,83232,64471
2087,C4114,10,0,State - BIHAR (10),75-79,550479,297973,252506,486894,263161,223733,63585,34812,28773
2088,C4114,10,0,State - BIHAR (10),80+,679348,360594,318754,601387,320855,280532,77961,39739,38222
2089,C4114,10,0,State - BIHAR (10),Age not stated,403502,220309,183193,349025,190547,158478,54477,29762,24715
2090,C4114,10,203,District - Pashchim Champaran (01),All ages,3935042,2061110,1873932,3541877,1853809,1688068,393165,207301,185864
2091,C4114,10,203,District - Pashchim Champaran (01),0-4,509830,259958,249872,468027,238315,229712,41803,21643,20160
2092,C4114,10,203,District - Pashchim Champaran (01),5-9,615677,317700,297977,563467,290389,273078,52210,27311,24899
2093,C4114,10,203,District - Pashchim Champaran (01),10-14,526888,277964,248924,476593,251845,224748,50295,26119,24176
2094,C4114,10,203,District - Pashchim Champaran (01),15-19,331086,189463,141623,290885,167335,123550,40201,22128,18073
2095,C4114,10,203,District - Pashchim Champaran (01),20-24,278401,146737,131664,244785,128210,116575,33616,18527,15089
2096,C4114,10,203,District - Pashchim Champaran (01),25-29,282323,139565,142758,252258,124007,128251,30065,15558,14507
2097,C4114,10,203,District - Pashchim Champaran (01),30-34,274148,136647,137501,246375,122676,123699,27773,13971,13802
2098,C4114,10,203,District - Pashchim Champaran (01),35-39,253856,131593,122263,227811,118219,109592,26045,13374,12671
2099,C4114,10,203,District - Pashchim Champaran (01),40-44,197574,108255,89319,176086,96681,79405,21488,11574,9914
2100,C4114,10,203,District - Pashchim Champaran (01),45-49,162627,84507,78120,144539,74713,69826,18088,9794,8294
2101,C4114,10,203,District - Pashchim Champaran (01),50-54,125414,70935,54479,111707,63417,48290,13707,7518,6189
2102,C4114,10,203,District - Pashchim Champaran (01),55-59,103876,48804,55072,93135,43372,49763,10741,5432,5309
2103,C4114,10,203,District - Pashchim Champaran (01),60-64,113023,59876,53147,102126,54307,47819,10897,5569,5328
2104,C4114,10,203,District - Pashchim Champaran (01),65-69,75680,40839,34841,68224,36895,31329,7456,3944,3512
2105,C4114,10,203,District - Pashchim Champaran (01),70-74,46277,27139,19138,41716,24554,17162,4561,2585,1976
2106,C4114,10,203,District - Pashchim Champaran (01),75-79,15630,8514,7116,13871,7555,6316,1759,959,800
2107,C4114,10,203,District - Pashchim Champaran (01),80+,17893,9719,8174,15818,8643,7175,2075,1076,999
2108,C4114,10,203,District - Pashchim Champaran (01),Age not stated,4839,2895,1944,4454,2676,1778,385,219,166
2109,C4114,10,204,District - Purba Champaran (02),All ages,5099371,2681209,2418162,4698028,2468181,2229847,401343,213028,188315
2110,C4114,10,204,District - Purba Champaran (02),0-4,674726,347874,326852,628834,324001,304833,45892,23873,22019
2111,C4114,10,204,District - Purba Champaran (02),5-9,799329,416282,383047,744807,387729,357078,54522,28553,25969
2112,C4114,10,204,District - Purba Champaran (02),10-14,685087,365982,319105,634009,338713,295296,51078,27269,23809
2113,C4114,10,204,District - Purba Champaran (02),15-19,421622,248553,173069,382802,226575,156227,38820,21978,16842
2114,C4114,10,204,District - Purba Champaran (02),20-24,365803,190512,175291,332473,172445,160028,33330,18067,15263
2115,C4114,10,204,District - Purba Champaran (02),25-29,369855,182548,187307,338798,166634,172164,31057,15914,15143
2116,C4114,10,204,District - Purba Champaran (02),30-34,348944,173132,175812,319977,158480,161497,28967,14652,14315
2117,C4114,10,204,District - Purba Champaran (02),35-39,320042,164527,155515,293283,150621,142662,26759,13906,12853
2118,C4114,10,204,District - Purba Champaran (02),40-44,248016,133907,114109,226324,122166,104158,21692,11741,9951
2119,C4114,10,204,District - Purba Champaran (02),45-49,205338,105249,100089,187713,95829,91884,17625,9420,8205
2120,C4114,10,204,District - Purba Champaran (02),50-54,159818,88123,71695,146305,80780,65525,13513,7343,6170
2121,C4114,10,204,District - Purba Champaran (02),55-59,137994,63879,74115,126684,58175,68509,11310,5704,5606
2122,C4114,10,204,District - Purba Champaran (02),60-64,149816,81165,68651,138698,75237,63461,11118,5928,5190
2123,C4114,10,204,District - Purba Champaran (02),65-69,93765,50563,43202,86977,46866,40111,6788,3697,3091
2124,C4114,10,204,District - Purba Champaran (02),70-74,59967,35415,24552,55566,32874,22692,4401,2541,1860
2125,C4114,10,204,District - Purba Champaran (02),75-79,21243,11998,9245,19502,11010,8492,1741,988,753
2126,C4114,10,204,District - Purba Champaran (02),80+,25406,13875,11531,23245,12742,10503,2161,1133,1028
2127,C4114,10,204,District - Purba Champaran (02),Age not stated,12600,7625,4975,12031,7304,4727,569,321,248
2128,C4114,10,205,District - Sheohar (03),All ages,656246,346673,309573,628130,331792,296338,28116,14881,13235
2129,C4114,10,205,District - Sheohar (03),0-4,86516,44449,42067,82840,42575,40265,3676,1874,1802
2130,C4114,10,205,District - Sheohar (03),5-9,97812,51645,46167,93676,49439,44237,4136,2206,1930
2131,C4114,10,205,District - Sheohar (03),10-14,87688,46852,40836,83885,44817,39068,3803,2035,1768
2132,C4114,10,205,District - Sheohar (03),15-19,55574,32259,23315,52993,30814,22179,2581,1445,1136
2133,C4114,10,205,District - Sheohar (03),20-24,47865,25179,22686,45649,24008,21641,2216,1171,1045
2134,C4114,10,205,District - Sheohar (03),25-29,45786,23177,22609,43632,22058,21574,2154,1119,1035
2135,C4114,10,205,District - Sheohar (03),30-34,42958,21507,21451,41040,20521,20519,1918,986,932
2136,C4114,10,205,District - Sheohar (03),35-39,40126,20896,19230,38461,20044,18417,1665,852,813
2137,C4114,10,205,District - Sheohar (03),40-44,31347,17183,14164,30019,16408,13611,1328,775,553
2138,C4114,10,205,District - Sheohar (03),45-49,25478,13327,12151,24412,12778,11634,1066,549,517
2139,C4114,10,205,District - Sheohar (03),50-54,19820,11001,8819,19012,10560,8452,808,441,367
2140,C4114,10,205,District - Sheohar (03),55-59,17750,8206,9544,17021,7864,9157,729,342,387
2141,C4114,10,205,District - Sheohar (03),60-64,22089,11191,10898,21204,10724,10480,885,467,418
2142,C4114,10,205,District - Sheohar (03),65-69,16320,8965,7355,15755,8661,7094,565,304,261
2143,C4114,10,205,District - Sheohar (03),70-74,9666,5716,3950,9354,5541,3813,312,175,137
2144,C4114,10,205,District - Sheohar (03),75-79,3649,1957,1692,3533,1902,1631,116,55,61
2145,C4114,10,205,District - Sheohar (03),80+,4104,2217,1887,3970,2146,1824,134,71,63
2146,C4114,10,205,District - Sheohar (03),Age not stated,1698,946,752,1674,932,742,24,14,10
2147,C4114,10,206,District - Sitamarhi (04),All ages,3423574,1803252,1620322,3233076,1701685,1531391,190498,101567,88931
2148,C4114,10,206,District - Sitamarhi (04),0-4,444809,229393,215416,424424,218556,205868,20385,10837,9548
2149,C4114,10,206,District - Sitamarhi (04),5-9,510474,267096,243378,486229,254233,231996,24245,12863,11382
2150,C4114,10,206,District - Sitamarhi (04),10-14,459182,246079,213103,435490,233514,201976,23692,12565,11127
2151,C4114,10,206,District - Sitamarhi (04),15-19,292234,169406,122828,273840,159068,114772,18394,10338,8056
2152,C4114,10,206,District - Sitamarhi (04),20-24,256750,134693,122057,240538,125999,114539,16212,8694,7518
2153,C4114,10,206,District - Sitamarhi (04),25-29,242891,122183,120708,227991,114525,113466,14900,7658,7242
2154,C4114,10,206,District - Sitamarhi (04),30-34,228548,114720,113828,214789,107559,107230,13759,7161,6598
2155,C4114,10,206,District - Sitamarhi (04),35-39,207509,107527,99982,194869,100929,93940,12640,6598,6042
2156,C4114,10,206,District - Sitamarhi (04),40-44,167140,89944,77196,156983,84420,72563,10157,5524,4633
2157,C4114,10,206,District - Sitamarhi (04),45-49,136785,71045,65740,128406,66553,61853,8379,4492,3887
2158,C4114,10,206,District - Sitamarhi (04),50-54,107367,58805,48562,100749,55235,45514,6618,3570,3048
2159,C4114,10,206,District - Sitamarhi (04),55-59,91739,43337,48402,86219,40547,45672,5520,2790,2730
2160,C4114,10,206,District - Sitamarhi (04),60-64,102870,53242,49628,97456,50408,47048,5414,2834,2580
2161,C4114,10,206,District - Sitamarhi (04),65-69,69375,37492,31883,65978,35617,30361,3397,1875,1522
2162,C4114,10,206,District - Sitamarhi (04),70-74,42960,24488,18472,40890,23297,17593,2070,1191,879
2163,C4114,10,206,District - Sitamarhi (04),75-79,15898,8665,7233,15049,8198,6851,849,467,382
2164,C4114,10,206,District - Sitamarhi (04),80+,18826,9864,8962,17745,9292,8453,1081,572,509
2165,C4114,10,206,District - Sitamarhi (04),Age not stated,28217,15273,12944,25431,13735,11696,2786,1538,1248
2166,C4114,10,207,District - Madhubani (05),All ages,4487379,2329313,2158066,4325884,2244287,2081597,161495,85026,76469
2167,C4114,10,207,District - Madhubani (05),0-4,541301,279110,262191,523910,270061,253849,17391,9049,8342
2168,C4114,10,207,District - Madhubani (05),5-9,651850,336606,315244,631539,326097,305442,20311,10509,9802
2169,C4114,10,207,District - Madhubani (05),10-14,604694,316723,287971,584313,305905,278408,20381,10818,9563
2170,C4114,10,207,District - Madhubani (05),15-19,392964,221114,171850,376847,212289,164558,16117,8825,7292
2171,C4114,10,207,District - Madhubani (05),20-24,340878,177729,163149,326796,170093,156703,14082,7636,6446
2172,C4114,10,207,District - Madhubani (05),25-29,328768,162960,165808,316227,156494,159733,12541,6466,6075
2173,C4114,10,207,District - Madhubani (05),30-34,308226,151964,156262,296684,146099,150585,11542,5865,5677
2174,C4114,10,207,District - Madhubani (05),35-39,284956,146045,138911,274183,140412,133771,10773,5633,5140
2175,C4114,10,207,District - Madhubani (05),40-44,226055,119536,106519,217321,114948,102373,8734,4588,4146
2176,C4114,10,207,District - Madhubani (05),45-49,190187,98927,91260,182532,94919,87613,7655,4008,3647
2177,C4114,10,207,District - Madhubani (05),50-54,147276,78599,68677,141293,75347,65946,5983,3252,2731
2178,C4114,10,207,District - Madhubani (05),55-59,126740,60879,65861,121910,58374,63536,4830,2505,2325
2179,C4114,10,207,District - Madhubani (05),60-64,135403,68567,66836,130816,66163,64653,4587,2404,2183
2180,C4114,10,207,District - Madhubani (05),65-69,93395,49455,43940,90414,47860,42554,2981,1595,1386
2181,C4114,10,207,District - Madhubani (05),70-74,57556,31312,26244,55761,30339,25422,1795,973,822
2182,C4114,10,207,District - Madhubani (05),75-79,23813,12650,11163,23060,12250,10810,753,400,353
2183,C4114,10,207,District - Madhubani (05),80+,27716,14030,13686,26756,13584,13172,960,446,514
2184,C4114,10,207,District - Madhubani (05),Age not stated,5601,3107,2494,5522,3053,2469,79,54,25
2185,C4114,10,208,District - Supaul (06),All ages,2229076,1155283,1073793,2123518,1099495,1024023,105558,55788,49770
2186,C4114,10,208,District - Supaul (06),0-4,295376,151680,143696,283464,145488,137976,11912,6192,5720
2187,C4114,10,208,District - Supaul (06),5-9,343972,175986,167986,330115,168836,161279,13857,7150,6707
2188,C4114,10,208,District - Supaul (06),10-14,304876,161182,143694,290971,153867,137104,13905,7315,6590
2189,C4114,10,208,District - Supaul (06),15-19,175255,100021,75234,165546,94541,71005,9709,5480,4229
2190,C4114,10,208,District - Supaul (06),20-24,164616,79092,85524,155676,74432,81244,8940,4660,4280
2191,C4114,10,208,District - Supaul (06),25-29,169343,83904,85439,160981,79564,81417,8362,4340,4022
2192,C4114,10,208,District - Supaul (06),30-34,154490,76857,77633,147017,72986,74031,7473,3871,3602
2193,C4114,10,208,District - Supaul (06),35-39,140022,73480,66542,133094,69836,63258,6928,3644,3284
2194,C4114,10,208,District - Supaul (06),40-44,108571,57474,51097,102859,54331,48528,5712,3143,2569
2195,C4114,10,208,District - Supaul (06),45-49,91937,48186,43751,87051,45613,41438,4886,2573,2313
2196,C4114,10,208,District - Supaul (06),50-54,70308,37907,32401,66446,35822,30624,3862,2085,1777
2197,C4114,10,208,District - Supaul (06),55-59,59465,29428,30037,56175,27672,28503,3290,1756,1534
2198,C4114,10,208,District - Supaul (06),60-64,58597,30412,28185,55864,28935,26929,2733,1477,1256
2199,C4114,10,208,District - Supaul (06),65-69,41234,22069,19165,39441,21109,18332,1793,960,833
2200,C4114,10,208,District - Supaul (06),70-74,24608,13663,10945,23484,13068,10416,1124,595,529
2201,C4114,10,208,District - Supaul (06),75-79,10433,5548,4885,9957,5293,4664,476,255,221
2202,C4114,10,208,District - Supaul (06),80+,12965,6738,6227,12444,6487,5957,521,251,270
2203,C4114,10,208,District - Supaul (06),Age not stated,3008,1656,1352,2933,1615,1318,75,41,34
2204,C4114,10,209,District - Araria (07),All ages,2811569,1463333,1348236,2642792,1374254,1268538,168777,89079,79698
2205,C4114,10,209,District - Araria (07),0-4,390464,198661,191803,371438,189033,182405,19026,9628,9398
2206,C4114,10,209,District - Araria (07),5-9,442536,227253,215283,420536,215787,204749,22000,11466,10534
2207,C4114,10,209,District - Araria (07),10-14,384787,201419,183368,362975,189987,172988,21812,11432,10380
2208,C4114,10,209,District - Araria (07),15-19,242051,137282,104769,225289,128277,97012,16762,9005,7757
2209,C4114,10,209,District - Araria (07),20-24,208174,105196,102978,193564,97480,96084,14610,7716,6894
2210,C4114,10,209,District - Araria (07),25-29,204931,102392,102539,191512,95473,96039,13419,6919,6500
2211,C4114,10,209,District - Araria (07),30-34,185551,91592,93959,173795,85539,88256,11756,6053,5703
2212,C4114,10,209,District - Araria (07),35-39,174334,90574,83760,163119,84670,78449,11215,5904,5311
2213,C4114,10,209,District - Araria (07),40-44,137862,73353,64509,128723,68296,60427,9139,5057,4082
2214,C4114,10,209,District - Araria (07),45-49,114265,60601,53664,106524,56416,50108,7741,4185,3556
2215,C4114,10,209,District - Araria (07),50-54,86580,47209,39371,80701,43936,36765,5879,3273,2606
2216,C4114,10,209,District - Araria (07),55-59,68922,33965,34957,64176,31477,32699,4746,2488,2258
2217,C4114,10,209,District - Araria (07),60-64,69851,36761,33090,65505,34368,31137,4346,2393,1953
2218,C4114,10,209,District - Araria (07),65-69,47840,26184,21656,44849,24511,20338,2991,1673,1318
2219,C4114,10,209,District - Araria (07),70-74,28012,16404,11608,26307,15423,10884,1705,981,724
2220,C4114,10,209,District - Araria (07),75-79,10398,5935,4463,9695,5539,4156,703,396,307
2221,C4114,10,209,District - Araria (07),80+,12488,7096,5392,11661,6658,5003,827,438,389
2222,C4114,10,209,District - Araria (07),Age not stated,2523,1456,1067,2423,1384,1039,100,72,28
2223,C4114,10,210,District - Kishanganj (08),All ages,1690400,866970,823430,1529277,783318,745959,161123,83652,77471
2224,C4114,10,210,District - Kishanganj (08),0-4,235019,119038,115981,216742,109734,107008,18277,9304,8973
2225,C4114,10,210,District - Kishanganj (08),5-9,260905,132507,128398,240285,122077,118208,20620,10430,10190
2226,C4114,10,210,District - Kishanganj (08),10-14,235574,119952,115622,215199,109635,105564,20375,10317,10058
2227,C4114,10,210,District - Kishanganj (08),15-19,164326,86245,78081,147569,77331,70238,16757,8914,7843
2228,C4114,10,210,District - Kishanganj (08),20-24,126113,66333,59780,112378,59208,53170,13735,7125,6610
2229,C4114,10,210,District - Kishanganj (08),25-29,117678,58917,58761,105098,52586,52512,12580,6331,6249
2230,C4114,10,210,District - Kishanganj (08),30-34,102972,50634,52338,92062,45116,46946,10910,5518,5392
2231,C4114,10,210,District - Kishanganj (08),35-39,101549,50895,50654,90910,45397,45513,10639,5498,5141
2232,C4114,10,210,District - Kishanganj (08),40-44,85148,44386,40762,76244,39611,36633,8904,4775,4129
2233,C4114,10,210,District - Kishanganj (08),45-49,71445,37834,33611,63878,33775,30103,7567,4059,3508
2234,C4114,10,210,District - Kishanganj (08),50-54,54157,29541,24616,48025,26135,21890,6132,3406,2726
2235,C4114,10,210,District - Kishanganj (08),55-59,39926,20595,19331,35505,18159,17346,4421,2436,1985
2236,C4114,10,210,District - Kishanganj (08),60-64,39444,20485,18959,35320,18237,17083,4124,2248,1876
2237,C4114,10,210,District - Kishanganj (08),65-69,26147,13627,12520,23562,12204,11358,2585,1423,1162
2238,C4114,10,210,District - Kishanganj (08),70-74,15764,8450,7314,13978,7454,6524,1786,996,790
2239,C4114,10,210,District - Kishanganj (08),75-79,5657,2956,2701,4999,2604,2395,658,352,306
2240,C4114,10,210,District - Kishanganj (08),80+,7352,3874,3478,6451,3428,3023,901,446,455
2241,C4114,10,210,District - Kishanganj (08),Age not stated,1224,701,523,1072,627,445,152,74,78
2242,C4114,10,211,District - Purnia (09),All ages,3264619,1699370,1565249,2921614,1519522,1402092,343005,179848,163157
2243,C4114,10,211,District - Purnia (09),0-4,446102,227968,218134,409723,209357,200366,36379,18611,17768
2244,C4114,10,211,District - Purnia (09),5-9,495231,253884,241347,454142,232687,221455,41089,21197,19892
2245,C4114,10,211,District - Purnia (09),10-14,439691,230529,209162,397733,208576,189157,41958,21953,20005
2246,C4114,10,211,District - Purnia (09),15-19,290647,161677,128970,257437,143686,113751,33210,17991,15219
2247,C4114,10,211,District - Purnia (09),20-24,250487,127770,122717,220438,112192,108246,30049,15578,14471
2248,C4114,10,211,District - Purnia (09),25-29,233354,116778,116576,205741,102797,102944,27613,13981,13632
2249,C4114,10,211,District - Purnia (09),30-34,210625,105052,105573,186090,92568,93522,24535,12484,12051
2250,C4114,10,211,District - Purnia (09),35-39,196360,101605,94755,173386,89655,83731,22974,11950,11024
2251,C4114,10,211,District - Purnia (09),40-44,158445,84082,74363,139582,73869,65713,18863,10213,8650
2252,C4114,10,211,District - Purnia (09),45-49,131126,69165,61961,115323,60634,54689,15803,8531,7272
2253,C4114,10,211,District - Purnia (09),50-54,100611,54938,45673,88675,48305,40370,11936,6633,5303
2254,C4114,10,211,District - Purnia (09),55-59,80476,40235,40241,70733,35116,35617,9743,5119,4624
2255,C4114,10,211,District - Purnia (09),60-64,80592,42415,38177,71425,37553,33872,9167,4862,4305
2256,C4114,10,211,District - Purnia (09),65-69,53293,29349,23944,47326,26110,21216,5967,3239,2728
2257,C4114,10,211,District - Purnia (09),70-74,30889,17955,12934,27270,15843,11427,3619,2112,1507
2258,C4114,10,211,District - Purnia (09),75-79,11268,6225,5043,9729,5393,4336,1539,832,707
2259,C4114,10,211,District - Purnia (09),80+,15563,8534,7029,13417,7415,6002,2146,1119,1027
2260,C4114,10,211,District - Purnia (09),Age not stated,39859,21209,18650,33444,17766,15678,6415,3443,2972
2261,C4114,10,212,District - Katihar (10),All ages,3071029,1600430,1470599,2797207,1455744,1341463,273822,144686,129136
2262,C4114,10,212,District - Katihar (10),0-4,421448,214700,206748,394172,200668,193504,27276,14032,13244
2263,C4114,10,212,District - Katihar (10),5-9,465853,238270,227583,434264,221905,212359,31589,16365,15224
2264,C4114,10,212,District - Katihar (10),10-14,420901,218657,202244,388148,201637,186511,32753,17020,15733
2265,C4114,10,212,District - Katihar (10),15-19,278480,157249,121231,250236,141953,108283,28244,15296,12948
2266,C4114,10,212,District - Katihar (10),20-24,242945,127163,115782,217681,113590,104091,25264,13573,11691
2267,C4114,10,212,District - Katihar (10),25-29,224575,114052,110523,201628,102191,99437,22947,11861,11086
2268,C4114,10,212,District - Katihar (10),30-34,197318,99018,98300,177199,88619,88580,20119,10399,9720
2269,C4114,10,212,District - Katihar (10),35-39,186608,96222,90386,167688,86234,81454,18920,9988,8932
2270,C4114,10,212,District - Katihar (10),40-44,150829,80445,70384,134965,71920,63045,15864,8525,7339
2271,C4114,10,212,District - Katihar (10),45-49,125648,65988,59660,112436,58905,53531,13212,7083,6129
2272,C4114,10,212,District - Katihar (10),50-54,97414,53308,44106,86859,47343,39516,10555,5965,4590
2273,C4114,10,212,District - Katihar (10),55-59,75404,38440,36964,67049,33886,33163,8355,4554,3801
2274,C4114,10,212,District - Katihar (10),60-64,72711,37648,35063,65536,33919,31617,7175,3729,3446
2275,C4114,10,212,District - Katihar (10),65-69,48971,25778,23193,44080,23114,20966,4891,2664,2227
2276,C4114,10,212,District - Katihar (10),70-74,31811,17409,14402,28499,15574,12925,3312,1835,1477
2277,C4114,10,212,District - Katihar (10),75-79,12040,6366,5674,10659,5598,5061,1381,768,613
2278,C4114,10,212,District - Katihar (10),80+,15132,8116,7016,13568,7306,6262,1564,810,754
2279,C4114,10,212,District - Katihar (10),Age not stated,2941,1601,1340,2540,1382,1158,401,219,182
2280,C4114,10,213,District - Madhepura (11),All ages,2001762,1047559,954203,1913301,1000760,912541,88461,46799,41662
2281,C4114,10,213,District - Madhepura (11),0-4,270598,140084,130514,260943,135089,125854,9655,4995,4660
2282,C4114,10,213,District - Madhepura (11),5-9,315098,162604,152494,303828,156850,146978,11270,5754,5516
2283,C4114,10,213,District - Madhepura (11),10-14,267793,143179,124614,256658,137152,119506,11135,6027,5108
2284,C4114,10,213,District - Madhepura (11),15-19,158110,91435,66675,149498,86607,62891,8612,4828,3784
2285,C4114,10,213,District - Madhepura (11),20-24,150313,73582,76731,142847,69781,73066,7466,3801,3665
2286,C4114,10,213,District - Madhepura (11),25-29,149859,74348,75511,142726,70733,71993,7133,3615,3518
2287,C4114,10,213,District - Madhepura (11),30-34,138982,69539,69443,132398,66210,66188,6584,3329,3255
2288,C4114,10,213,District - Madhepura (11),35-39,125070,65724,59346,118979,62586,56393,6091,3138,2953
2289,C4114,10,213,District - Madhepura (11),40-44,98141,52892,45249,93025,50025,43000,5116,2867,2249
2290,C4114,10,213,District - Madhepura (11),45-49,82042,43204,38838,77906,40910,36996,4136,2294,1842
2291,C4114,10,213,District - Madhepura (11),50-54,62735,34160,28575,59562,32398,27164,3173,1762,1411
2292,C4114,10,213,District - Madhepura (11),55-59,53088,25855,27233,50509,24493,26016,2579,1362,1217
2293,C4114,10,213,District - Madhepura (11),60-64,53330,28433,24897,51017,27165,23852,2313,1268,1045
2294,C4114,10,213,District - Madhepura (11),65-69,34388,18778,15610,32963,17985,14978,1425,793,632
2295,C4114,10,213,District - Madhepura (11),70-74,21315,12292,9023,20427,11804,8623,888,488,400
2296,C4114,10,213,District - Madhepura (11),75-79,7819,4290,3529,7457,4100,3357,362,190,172
2297,C4114,10,213,District - Madhepura (11),80+,9707,5206,4501,9239,4951,4288,468,255,213
2298,C4114,10,213,District - Madhepura (11),Age not stated,3374,1954,1420,3319,1921,1398,55,33,22
2299,C4114,10,214,District - Saharsa (12),All ages,1900661,997174,903487,1744121,913883,830238,156540,83291,73249
2300,C4114,10,214,District - Saharsa (12),0-4,260766,134690,126076,243316,125627,117689,17450,9063,8387
2301,C4114,10,214,District - Saharsa (12),5-9,295181,153485,141696,275368,143016,132352,19813,10469,9344
2302,C4114,10,214,District - Saharsa (12),10-14,252545,136848,115697,233397,126609,106788,19148,10239,8909
2303,C4114,10,214,District - Saharsa (12),15-19,150693,87255,63438,135872,78999,56873,14821,8256,6565
2304,C4114,10,214,District - Saharsa (12),20-24,147119,72673,74446,133580,65690,67890,13539,6983,6556
2305,C4114,10,214,District - Saharsa (12),25-29,143388,72283,71105,130412,65637,64775,12976,6646,6330
2306,C4114,10,214,District - Saharsa (12),30-34,130181,65813,64368,118414,59719,58695,11767,6094,5673
2307,C4114,10,214,District - Saharsa (12),35-39,116093,60553,55540,105526,54925,50601,10567,5628,4939
2308,C4114,10,214,District - Saharsa (12),40-44,92822,50078,42744,84104,45265,38839,8718,4813,3905
2309,C4114,10,214,District - Saharsa (12),45-49,76767,40339,36428,69628,36529,33099,7139,3810,3329
2310,C4114,10,214,District - Saharsa (12),50-54,58806,31927,26879,53177,28883,24294,5629,3044,2585
2311,C4114,10,214,District - Saharsa (12),55-59,49404,23998,25406,44576,21442,23134,4828,2556,2272
2312,C4114,10,214,District - Saharsa (12),60-64,51055,26562,24493,46810,24209,22601,4245,2353,1892
2313,C4114,10,214,District - Saharsa (12),65-69,33950,18022,15928,31323,16508,14815,2627,1514,1113
2314,C4114,10,214,District - Saharsa (12),70-74,21301,11945,9356,19664,10994,8670,1637,951,686
2315,C4114,10,214,District - Saharsa (12),75-79,8691,4537,4154,8013,4165,3848,678,372,306
2316,C4114,10,214,District - Saharsa (12),80+,10663,5432,5231,9819,5006,4813,844,426,418
2317,C4114,10,214,District - Saharsa (12),Age not stated,1236,734,502,1122,660,462,114,74,40
2318,C4114,10,215,District - Darbhanga (13),All ages,3937385,2059949,1877436,3554057,1858545,1695512,383328,201404,181924
2319,C4114,10,215,District - Darbhanga (13),0-4,488423,252253,236170,449998,232157,217841,38425,20096,18329
2320,C4114,10,215,District - Darbhanga (13),5-9,563494,293428,270066,518288,269938,248350,45206,23490,21716
2321,C4114,10,215,District - Darbhanga (13),10-14,530531,280844,249687,483784,256426,227358,46747,24418,22329
2322,C4114,10,215,District - Darbhanga (13),15-19,362906,206514,156392,322639,184776,137863,40267,21738,18529
2323,C4114,10,215,District - Darbhanga (13),20-24,308335,164707,143628,274181,145961,128220,34154,18746,15408
2324,C4114,10,215,District - Darbhanga (13),25-29,281655,141976,139679,251350,126304,125046,30305,15672,14633
2325,C4114,10,215,District - Darbhanga (13),30-34,260582,129900,130682,233400,115919,117481,27182,13981,13201
2326,C4114,10,215,District - Darbhanga (13),35-39,241664,123451,118213,216217,110443,105774,25447,13008,12439
2327,C4114,10,215,District - Darbhanga (13),40-44,197030,103810,93220,175485,92274,83211,21545,11536,10009
2328,C4114,10,215,District - Darbhanga (13),45-49,166695,86654,80041,147837,76826,71011,18858,9828,9030
2329,C4114,10,215,District - Darbhanga (13),50-54,129301,69293,60008,114473,61321,53152,14828,7972,6856
2330,C4114,10,215,District - Darbhanga (13),55-59,108768,52805,55963,96619,46379,50240,12149,6426,5723
2331,C4114,10,215,District - Darbhanga (13),60-64,115390,57699,57691,104048,51865,52183,11342,5834,5508
2332,C4114,10,215,District - Darbhanga (13),65-69,83580,44145,39435,76099,40266,35833,7481,3879,3602
2333,C4114,10,215,District - Darbhanga (13),70-74,50044,27153,22891,45301,24628,20673,4743,2525,2218
2334,C4114,10,215,District - Darbhanga (13),75-79,20059,10587,9472,18011,9537,8474,2048,1050,998
2335,C4114,10,215,District - Darbhanga (13),80+,22172,10866,11306,19980,9902,10078,2192,964,1228
2336,C4114,10,215,District - Darbhanga (13),Age not stated,6756,3864,2892,6347,3623,2724,409,241,168
2337,C4114,10,216,District - Muzaffarpur (14),All ages,4801062,2527497,2273565,4327625,2276812,2050813,473437,250685,222752
2338,C4114,10,216,District - Muzaffarpur (14),0-4,570363,296993,273370,528074,274748,253326,42289,22245,20044
2339,C4114,10,216,District - Muzaffarpur (14),5-9,652308,340738,311570,601301,313736,287565,51007,27002,24005
2340,C4114,10,216,District - Muzaffarpur (14),10-14,624324,329481,294843,570517,300923,269594,53807,28558,25249
2341,C4114,10,216,District - Muzaffarpur (14),15-19,439487,253836,185651,391080,227378,163702,48407,26458,21949
2342,C4114,10,216,District - Muzaffarpur (14),20-24,375457,202206,173251,332228,179015,153213,43229,23191,20038
2343,C4114,10,216,District - Muzaffarpur (14),25-29,354796,177894,176902,315279,157623,157656,39517,20271,19246
2344,C4114,10,216,District - Muzaffarpur (14),30-34,331339,165776,165563,295296,147455,147841,36043,18321,17722
2345,C4114,10,216,District - Muzaffarpur (14),35-39,304866,157027,147839,271235,139702,131533,33631,17325,16306
2346,C4114,10,216,District - Muzaffarpur (14),40-44,242682,130224,112458,214546,115153,99393,28136,15071,13065
2347,C4114,10,216,District - Muzaffarpur (14),45-49,200302,103801,96501,176193,91076,85117,24109,12725,11384
2348,C4114,10,216,District - Muzaffarpur (14),50-54,156432,84973,71459,137838,74829,63009,18594,10144,8450
2349,C4114,10,216,District - Muzaffarpur (14),55-59,137659,64478,73181,122205,56481,65724,15454,7997,7457
2350,C4114,10,216,District - Muzaffarpur (14),60-64,157249,80648,76601,142170,72615,69555,15079,8033,7046
2351,C4114,10,216,District - Muzaffarpur (14),65-69,112522,60736,51786,102241,55001,47240,10281,5735,4546
2352,C4114,10,216,District - Muzaffarpur (14),70-74,70902,40663,30239,64421,36957,27464,6481,3706,2775
2353,C4114,10,216,District - Muzaffarpur (14),75-79,27700,15100,12600,24768,13507,11261,2932,1593,1339
2354,C4114,10,216,District - Muzaffarpur (14),80+,34644,18174,16470,31007,16336,14671,3637,1838,1799
2355,C4114,10,216,District - Muzaffarpur (14),Age not stated,8030,4749,3281,7226,4277,2949,804,472,332
2356,C4114,10,217,District - Gopalganj (15),All ages,2562012,1267666,1294346,2399207,1184967,1214240,162805,82699,80106
2357,C4114,10,217,District - Gopalganj (15),0-4,294316,150113,144203,277526,141549,135977,16790,8564,8226
2358,C4114,10,217,District - Gopalganj (15),5-9,370409,190251,180158,348562,178871,169691,21847,11380,10467
2359,C4114,10,217,District - Gopalganj (15),10-14,360209,183266,176943,338427,172040,166387,21782,11226,10556
2360,C4114,10,217,District - Gopalganj (15),15-19,259925,132373,127552,242401,123209,119192,17524,9164,8360
2361,C4114,10,217,District - Gopalganj (15),20-24,184707,91622,93085,171401,84744,86657,13306,6878,6428
2362,C4114,10,217,District - Gopalganj (15),25-29,173241,78249,94992,161453,72587,88866,11788,5662,6126
2363,C4114,10,217,District - Gopalganj (15),30-34,162609,71764,90845,151573,66485,85088,11036,5279,5757
2364,C4114,10,217,District - Gopalganj (15),35-39,154206,70654,83552,143744,65675,78069,10462,4979,5483
2365,C4114,10,217,District - Gopalganj (15),40-44,124301,60934,63367,115681,56473,59208,8620,4461,4159
2366,C4114,10,217,District - Gopalganj (15),45-49,105086,49837,55249,97955,46328,51627,7131,3509,3622
2367,C4114,10,217,District - Gopalganj (15),50-54,84265,43725,40540,78393,40611,37782,5872,3114,2758
2368,C4114,10,217,District - Gopalganj (15),55-59,74485,32918,41567,69663,30615,39048,4822,2303,2519
2369,C4114,10,217,District - Gopalganj (15),60-64,82871,42734,40137,78124,40301,37823,4747,2433,2314
2370,C4114,10,217,District - Gopalganj (15),65-69,54461,27731,26730,51636,26262,25374,2825,1469,1356
2371,C4114,10,217,District - Gopalganj (15),70-74,39528,21789,17739,37413,20635,16778,2115,1154,961
2372,C4114,10,217,District - Gopalganj (15),75-79,15713,8257,7456,14821,7778,7043,892,479,413
2373,C4114,10,217,District - Gopalganj (15),80+,19339,10155,9184,18333,9642,8691,1006,513,493
2374,C4114,10,217,District - Gopalganj (15),Age not stated,2341,1294,1047,2101,1162,939,240,132,108
2375,C4114,10,218,District - Siwan (16),All ages,3330464,1675090,1655374,3147551,1579685,1567866,182913,95405,87508
2376,C4114,10,218,District - Siwan (16),0-4,359530,184338,175192,342934,175675,167259,16596,8663,7933
2377,C4114,10,218,District - Siwan (16),5-9,459640,237404,222236,438147,226080,212067,21493,11324,10169
2378,C4114,10,218,District - Siwan (16),10-14,465065,237207,227858,441317,224903,216414,23748,12304,11444
2379,C4114,10,218,District - Siwan (16),15-19,350890,182602,168288,329673,171409,158264,21217,11193,10024
2380,C4114,10,218,District - Siwan (16),20-24,250016,130831,119185,233145,121715,111430,16871,9116,7755
2381,C4114,10,218,District - Siwan (16),25-29,230307,108792,121515,215889,101419,114470,14418,7373,7045
2382,C4114,10,218,District - Siwan (16),30-34,215126,98616,116510,202602,92353,110249,12524,6263,6261
2383,C4114,10,218,District - Siwan (16),35-39,202488,96062,106426,190313,89913,100400,12175,6149,6026
2384,C4114,10,218,District - Siwan (16),40-44,161635,81112,80523,151401,75716,75685,10234,5396,4838
2385,C4114,10,218,District - Siwan (16),45-49,134348,65237,69111,126046,60905,65141,8302,4332,3970
2386,C4114,10,218,District - Siwan (16),50-54,105872,55520,50352,99310,51955,47355,6562,3565,2997
2387,C4114,10,218,District - Siwan (16),55-59,94180,40951,53229,88919,38371,50548,5261,2580,2681
2388,C4114,10,218,District - Siwan (16),60-64,111812,56062,55750,106660,53370,53290,5152,2692,2460
2389,C4114,10,218,District - Siwan (16),65-69,79283,40408,38875,75917,38650,37267,3366,1758,1608
2390,C4114,10,218,District - Siwan (16),70-74,56477,31477,25000,54237,30242,23995,2240,1235,1005
2391,C4114,10,218,District - Siwan (16),75-79,22830,12147,10683,21906,11617,10289,924,530,394
2392,C4114,10,218,District - Siwan (16),80+,27845,14549,13296,26591,13927,12664,1254,622,632
2393,C4114,10,218,District - Siwan (16),Age not stated,3120,1775,1345,2544,1465,1079,576,310,266
2394,C4114,10,219,District - Saran (17),All ages,3951862,2022821,1929041,3598660,1838119,1760541,353202,184702,168500
2395,C4114,10,219,District - Saran (17),0-4,447100,231775,215325,411573,213237,198336,35527,18538,16989
2396,C4114,10,219,District - Saran (17),5-9,554676,287645,267031,511122,264861,246261,43554,22784,20770
2397,C4114,10,219,District - Saran (17),10-14,544769,280696,264073,499975,257477,242498,44794,23219,21575
2398,C4114,10,219,District - Saran (17),15-19,403131,218813,184318,364478,197792,166686,38653,21021,17632
2399,C4114,10,219,District - Saran (17),20-24,293745,155523,138222,262944,138863,124081,30801,16660,14141
2400,C4114,10,219,District - Saran (17),25-29,272694,132453,140241,245831,118542,127289,26863,13911,12952
2401,C4114,10,219,District - Saran (17),30-34,254354,120287,134067,230086,108066,122020,24268,12221,12047
2402,C4114,10,219,District - Saran (17),35-39,239584,116238,123346,217336,105000,112336,22248,11238,11010
2403,C4114,10,219,District - Saran (17),40-44,193066,99969,93097,174033,89933,84100,19033,10036,8997
2404,C4114,10,219,District - Saran (17),45-49,160027,79052,80975,143902,70678,73224,16125,8374,7751
2405,C4114,10,219,District - Saran (17),50-54,126565,67056,59509,113709,60303,53406,12856,6753,6103
2406,C4114,10,219,District - Saran (17),55-59,110272,49158,61114,99676,43803,55873,10596,5355,5241
2407,C4114,10,219,District - Saran (17),60-64,127706,64459,63247,117451,59228,58223,10255,5231,5024
2408,C4114,10,219,District - Saran (17),65-69,93088,47734,45354,85944,44035,41909,7144,3699,3445
2409,C4114,10,219,District - Saran (17),70-74,67308,37807,29501,62184,34967,27217,5124,2840,2284
2410,C4114,10,219,District - Saran (17),75-79,27719,14891,12828,25538,13716,11822,2181,1175,1006
2411,C4114,10,219,District - Saran (17),80+,32728,17283,15445,30075,15933,14142,2653,1350,1303
2412,C4114,10,219,District - Saran (17),Age not stated,3330,1982,1348,2803,1685,1118,527,297,230
2413,C4114,10,220,District - Vaishali (18),All ages,3495021,1844535,1650486,3261942,1721221,1540721,233079,123314,109765
2414,C4114,10,220,District - Vaishali (18),0-4,409152,214404,194748,385432,201916,183516,23720,12488,11232
2415,C4114,10,220,District - Vaishali (18),5-9,458820,240183,218637,430851,225487,205364,27969,14696,13273
2416,C4114,10,220,District - Vaishali (18),10-14,455565,241265,214300,426292,225801,200491,29273,15464,13809
2417,C4114,10,220,District - Vaishali (18),15-19,312449,182569,129880,289273,169444,119829,23176,13125,10051
2418,C4114,10,220,District - Vaishali (18),20-24,281636,152136,129500,261345,141097,120248,20291,11039,9252
2419,C4114,10,220,District - Vaishali (18),25-29,259079,130231,128848,241086,121003,120083,17993,9228,8765
2420,C4114,10,220,District - Vaishali (18),30-34,238959,119617,119342,222380,111299,111081,16579,8318,8261
2421,C4114,10,220,District - Vaishali (18),35-39,213899,110438,103461,198817,102652,96165,15082,7786,7296
2422,C4114,10,220,District - Vaishali (18),40-44,169507,91087,78420,157312,84528,72784,12195,6559,5636
2423,C4114,10,220,District - Vaishali (18),45-49,136767,70817,65950,126752,65515,61237,10015,5302,4713
2424,C4114,10,220,District - Vaishali (18),50-54,106144,57329,48815,98365,53179,45186,7779,4150,3629
2425,C4114,10,220,District - Vaishali (18),55-59,93309,43239,50070,86661,39984,46677,6648,3255,3393
2426,C4114,10,220,District - Vaishali (18),60-64,104294,52894,51400,97585,49365,48220,6709,3529,3180
2427,C4114,10,220,District - Vaishali (18),65-69,79595,42233,37362,74799,39682,35117,4796,2551,2245
2428,C4114,10,220,District - Vaishali (18),70-74,52095,30071,22024,48911,28270,20641,3184,1801,1383
2429,C4114,10,220,District - Vaishali (18),75-79,21842,11919,9923,20513,11163,9350,1329,756,573
2430,C4114,10,220,District - Vaishali (18),80+,28753,15117,13636,26910,14204,12706,1843,913,930
2431,C4114,10,220,District - Vaishali (18),Age not stated,73156,38986,34170,68658,36632,32026,4498,2354,2144
2432,C4114,10,221,District - Samastipur (19),All ages,4261566,2230003,2031563,4113769,2152273,1961496,147797,77730,70067
2433,C4114,10,221,District - Samastipur (19),0-4,541232,280689,260543,527005,273247,253758,14227,7442,6785
2434,C4114,10,221,District - Samastipur (19),5-9,612408,318296,294112,595600,309464,286136,16808,8832,7976
2435,C4114,10,221,District - Samastipur (19),10-14,584896,308132,276764,566558,298508,268050,18338,9624,8714
2436,C4114,10,221,District - Samastipur (19),15-19,371310,215162,156148,356025,206860,149165,15285,8302,6983
2437,C4114,10,221,District - Samastipur (19),20-24,341312,177620,163692,327871,170388,157483,13441,7232,6209
2438,C4114,10,221,District - Samastipur (19),25-29,315772,157470,158302,304119,151431,152688,11653,6039,5614
2439,C4114,10,221,District - Samastipur (19),30-34,288854,145097,143757,278129,139626,138503,10725,5471,5254
2440,C4114,10,221,District - Samastipur (19),35-39,254383,132440,121943,244647,127417,117230,9736,5023,4713
2441,C4114,10,221,District - Samastipur (19),40-44,200698,106476,94222,192406,102124,90282,8292,4352,3940
2442,C4114,10,221,District - Samastipur (19),45-49,169404,86541,82863,161862,82679,79183,7542,3862,3680
2443,C4114,10,221,District - Samastipur (19),50-54,135333,72357,62976,129401,69156,60245,5932,3201,2731
2444,C4114,10,221,District - Samastipur (19),55-59,117349,56074,61275,112510,53406,59104,4839,2668,2171
2445,C4114,10,221,District - Samastipur (19),60-64,125880,64420,61460,121797,62304,59493,4083,2116,1967
2446,C4114,10,221,District - Samastipur (19),65-69,86713,46270,40443,83937,44792,39145,2776,1478,1298
2447,C4114,10,221,District - Samastipur (19),70-74,55097,30684,24413,53371,29754,23617,1726,930,796
2448,C4114,10,221,District - Samastipur (19),75-79,22519,12231,10288,21722,11836,9886,797,395,402
2449,C4114,10,221,District - Samastipur (19),80+,25921,13185,12736,25068,12793,12275,853,392,461
2450,C4114,10,221,District - Samastipur (19),Age not stated,12485,6859,5626,11741,6488,5253,744,371,373
2451,C4114,10,222,District - Begusarai (20),All ages,2970541,1567660,1402881,2400718,1266308,1134410,569823,301352,268471
2452,C4114,10,222,District - Begusarai (20),0-4,367734,190897,176837,302541,156955,145586,65193,33942,31251
2453,C4114,10,222,District - Begusarai (20),5-9,429605,224332,205273,354427,184984,169443,75178,39348,35830
2454,C4114,10,222,District - Begusarai (20),10-14,412088,217991,194097,336790,178338,158452,75298,39653,35645
2455,C4114,10,222,District - Begusarai (20),15-19,265781,155379,110402,209388,123350,86038,56393,32029,24364
2456,C4114,10,222,District - Begusarai (20),20-24,245902,129191,116711,195837,102528,93309,50065,26663,23402
2457,C4114,10,222,District - Begusarai (20),25-29,230578,116743,113835,184224,93032,91192,46354,23711,22643
2458,C4114,10,222,District - Begusarai (20),30-34,206795,105499,101296,165507,84174,81333,41288,21325,19963
2459,C4114,10,222,District - Begusarai (20),35-39,183090,96201,86889,145853,76767,69086,37237,19434,17803
2460,C4114,10,222,District - Begusarai (20),40-44,141230,76606,64624,112146,60684,51462,29084,15922,13162
2461,C4114,10,222,District - Begusarai (20),45-49,113759,59560,54199,90351,47158,43193,23408,12402,11006
2462,C4114,10,222,District - Begusarai (20),50-54,87649,47709,39940,69801,38042,31759,17848,9667,8181
2463,C4114,10,222,District - Begusarai (20),55-59,74549,35434,39115,59681,27966,31715,14868,7468,7400
2464,C4114,10,222,District - Begusarai (20),60-64,83714,42673,41041,68683,34965,33718,15031,7708,7323
2465,C4114,10,222,District - Begusarai (20),65-69,56420,29972,26448,46447,24770,21677,9973,5202,4771
2466,C4114,10,222,District - Begusarai (20),70-74,36276,20453,15823,29789,16837,12952,6487,3616,2871
2467,C4114,10,222,District - Begusarai (20),75-79,13860,7591,6269,11351,6219,5132,2509,1372,1137
2468,C4114,10,222,District - Begusarai (20),80+,17528,9029,8499,14492,7507,6985,3036,1522,1514
2469,C4114,10,222,District - Begusarai (20),Age not stated,3983,2400,1583,3410,2032,1378,573,368,205
2470,C4114,10,223,District - Khagaria (21),All ages,1666886,883786,783100,1579727,837281,742446,87159,46505,40654
2471,C4114,10,223,District - Khagaria (21),0-4,230391,119495,110896,220837,114568,106269,9554,4927,4627
2472,C4114,10,223,District - Khagaria (21),5-9,256917,134005,122912,245941,128189,117752,10976,5816,5160
2473,C4114,10,223,District - Khagaria (21),10-14,230659,123627,107032,219306,117751,101555,11353,5876,5477
2474,C4114,10,223,District - Khagaria (21),15-19,142900,84867,58033,134043,79940,54103,8857,4927,3930
2475,C4114,10,223,District - Khagaria (21),20-24,130795,67910,62885,122957,63696,59261,7838,4214,3624
2476,C4114,10,223,District - Khagaria (21),25-29,122983,62588,60395,116190,58928,57262,6793,3660,3133
2477,C4114,10,223,District - Khagaria (21),30-34,111990,56632,55358,105786,53473,52313,6204,3159,3045
2478,C4114,10,223,District - Khagaria (21),35-39,101096,53480,47616,95464,50494,44970,5632,2986,2646
2479,C4114,10,223,District - Khagaria (21),40-44,78678,43063,35615,73961,40493,33468,4717,2570,2147
2480,C4114,10,223,District - Khagaria (21),45-49,63767,33800,29967,59704,31552,28152,4063,2248,1815
2481,C4114,10,223,District - Khagaria (21),50-54,48447,27052,21395,45411,25307,20104,3036,1745,1291
2482,C4114,10,223,District - Khagaria (21),55-59,40282,19351,20931,37895,18048,19847,2387,1303,1084
2483,C4114,10,223,District - Khagaria (21),60-64,43379,22383,20996,41265,21277,19988,2114,1106,1008
2484,C4114,10,223,District - Khagaria (21),65-69,30346,16392,13954,28781,15572,13209,1565,820,745
2485,C4114,10,223,District - Khagaria (21),70-74,18167,10477,7690,17177,9915,7262,990,562,428
2486,C4114,10,223,District - Khagaria (21),75-79,6741,3680,3061,6263,3425,2838,478,255,223
2487,C4114,10,223,District - Khagaria (21),80+,8434,4442,3992,7913,4160,3753,521,282,239
2488,C4114,10,223,District - Khagaria (21),Age not stated,914,542,372,833,493,340,81,49,32
2489,C4114,10,224,District - Bhagalpur (22),All ages,3037766,1615663,1422103,2435234,1295386,1139848,602532,320277,282255
2490,C4114,10,224,District - Bhagalpur (22),0-4,365123,188147,176976,305544,157133,148411,59579,31014,28565
2491,C4114,10,224,District - Bhagalpur (22),5-9,427050,221266,205784,356311,184296,172015,70739,36970,33769
2492,C4114,10,224,District - Bhagalpur (22),10-14,399054,211531,187523,326422,173438,152984,72632,38093,34539
2493,C4114,10,224,District - Bhagalpur (22),15-19,283976,165165,118811,221045,131004,90041,62931,34161,28770
2494,C4114,10,224,District - Bhagalpur (22),20-24,246480,135459,111021,190394,104729,85665,56086,30730,25356
2495,C4114,10,224,District - Bhagalpur (22),25-29,231196,119337,111859,181759,93343,88416,49437,25994,23443
2496,C4114,10,224,District - Bhagalpur (22),30-34,207274,106314,100960,163887,83750,80137,43387,22564,20823
2497,C4114,10,224,District - Bhagalpur (22),35-39,191368,100632,90736,151706,79866,71840,39662,20766,18896
2498,C4114,10,224,District - Bhagalpur (22),40-44,151916,83588,68328,118676,65512,53164,33240,18076,15164
2499,C4114,10,224,District - Bhagalpur (22),45-49,124102,66130,57972,95918,51091,44827,28184,15039,13145
2500,C4114,10,224,District - Bhagalpur (22),50-54,96960,53274,43686,74816,41141,33675,22144,12133,10011
2501,C4114,10,224,District - Bhagalpur (22),55-59,80375,39108,41267,62461,29848,32613,17914,9260,8654
2502,C4114,10,224,District - Bhagalpur (22),60-64,87101,45026,42075,69001,35337,33664,18100,9689,8411
2503,C4114,10,224,District - Bhagalpur (22),65-69,61029,32812,28217,48981,26192,22789,12048,6620,5428
2504,C4114,10,224,District - Bhagalpur (22),70-74,38720,22552,16168,30910,17995,12915,7810,4557,3253
2505,C4114,10,224,District - Bhagalpur (22),75-79,14888,8418,6470,11593,6573,5020,3295,1845,1450
2506,C4114,10,224,District - Bhagalpur (22),80+,18581,9937,8644,14622,7942,6680,3959,1995,1964
2507,C4114,10,224,District - Bhagalpur (22),Age not stated,12573,6967,5606,11188,6196,4992,1385,771,614
2508,C4114,10,225,District - Banka (23),All ages,2034763,1067140,967623,1963450,1029097,934353,71313,38043,33270
2509,C4114,10,225,District - Banka (23),0-4,252194,129464,122730,244286,125308,118978,7908,4156,3752
2510,C4114,10,225,District - Banka (23),5-9,290282,149495,140787,281462,144889,136573,8820,4606,4214
2511,C4114,10,225,District - Banka (23),10-14,260896,138720,122176,252245,134148,118097,8651,4572,4079
2512,C4114,10,225,District - Banka (23),15-19,174756,101359,73397,167922,97536,70386,6834,3823,3011
2513,C4114,10,225,District - Banka (23),20-24,157870,82760,75110,151938,79508,72430,5932,3252,2680
2514,C4114,10,225,District - Banka (23),25-29,155237,77588,77649,149642,74646,74996,5595,2942,2653
2515,C4114,10,225,District - Banka (23),30-34,141306,71419,69887,136273,68834,67439,5033,2585,2448
2516,C4114,10,225,District - Banka (23),35-39,131150,67841,63309,126321,65336,60985,4829,2505,2324
2517,C4114,10,225,District - Banka (23),40-44,104367,56991,47376,100357,54768,45589,4010,2223,1787
2518,C4114,10,225,District - Banka (23),45-49,85257,44601,40656,81848,42790,39058,3409,1811,1598
2519,C4114,10,225,District - Banka (23),50-54,66168,36555,29613,63515,35052,28463,2653,1503,1150
2520,C4114,10,225,District - Banka (23),55-59,54825,25888,28937,52735,24830,27905,2090,1058,1032
2521,C4114,10,225,District - Banka (23),60-64,59163,30198,28965,57091,29087,28004,2072,1111,961
2522,C4114,10,225,District - Banka (23),65-69,43437,22465,20972,42008,21710,20298,1429,755,674
2523,C4114,10,225,District - Banka (23),70-74,29181,16394,12787,28159,15820,12339,1022,574,448
2524,C4114,10,225,District - Banka (23),75-79,11464,6058,5406,11039,5810,5229,425,248,177
2525,C4114,10,225,District - Banka (23),80+,14625,7798,6827,14077,7515,6562,548,283,265
2526,C4114,10,225,District - Banka (23),Age not stated,2585,1546,1039,2532,1510,1022,53,36,17
2527,C4114,10,226,District - Munger (24),All ages,1367765,729041,638724,987645,527299,460346,380120,201742,178378
2528,C4114,10,226,District - Munger (24),0-4,154566,80207,74359,118758,61470,57288,35808,18737,17071
2529,C4114,10,226,District - Munger (24),5-9,178687,93809,84878,137006,71769,65237,41681,22040,19641
2530,C4114,10,226,District - Munger (24),10-14,174685,93543,81142,130302,70364,59938,44383,23179,21204
2531,C4114,10,226,District - Munger (24),15-19,131384,76179,55205,90246,53604,36642,41138,22575,18563
2532,C4114,10,226,District - Munger (24),20-24,113935,62635,51300,78185,43128,35057,35750,19507,16243
2533,C4114,10,226,District - Munger (24),25-29,106890,55217,51673,75677,38784,36893,31213,16433,14780
2534,C4114,10,226,District - Munger (24),30-34,96091,49795,46296,69104,35609,33495,26987,14186,12801
2535,C4114,10,226,District - Munger (24),35-39,87575,45695,41880,62753,32906,29847,24822,12789,12033
2536,C4114,10,226,District - Munger (24),40-44,72219,38944,33275,50324,27579,22745,21895,11365,10530
2537,C4114,10,226,District - Munger (24),45-49,60828,32220,28608,41237,21788,19449,19591,10432,9159
2538,C4114,10,226,District - Munger (24),50-54,47195,26220,20975,31799,17668,14131,15396,8552,6844
2539,C4114,10,226,District - Munger (24),55-59,37955,18905,19050,25963,12373,13590,11992,6532,5460
2540,C4114,10,226,District - Munger (24),60-64,39637,20158,19479,28703,14467,14236,10934,5691,5243
2541,C4114,10,226,District - Munger (24),65-69,27670,14319,13351,20310,10522,9788,7360,3797,3563
2542,C4114,10,226,District - Munger (24),70-74,19037,10783,8254,13816,7964,5852,5221,2819,2402
2543,C4114,10,226,District - Munger (24),75-79,7654,4125,3529,5323,2853,2470,2331,1272,1059
2544,C4114,10,226,District - Munger (24),80+,9171,4824,4347,6528,3530,2998,2643,1294,1349
2545,C4114,10,226,District - Munger (24),Age not stated,2586,1463,1123,1611,921,690,975,542,433
2546,C4114,10,227,District - Lakhisarai (25),All ages,1000912,526345,474567,857901,450863,407038,143011,75482,67529
2547,C4114,10,227,District - Lakhisarai (25),0-4,125356,65255,60101,109186,56704,52482,16170,8551,7619
2548,C4114,10,227,District - Lakhisarai (25),5-9,146641,76463,70178,127978,66640,61338,18663,9823,8840
2549,C4114,10,227,District - Lakhisarai (25),10-14,134594,71228,63366,116133,61573,54560,18461,9655,8806
2550,C4114,10,227,District - Lakhisarai (25),15-19,91127,51420,39707,76727,43542,33185,14400,7878,6522
2551,C4114,10,227,District - Lakhisarai (25),20-24,78164,40838,37326,65896,34355,31541,12268,6483,5785
2552,C4114,10,227,District - Lakhisarai (25),25-29,74760,37527,37233,63437,31768,31669,11323,5759,5564
2553,C4114,10,227,District - Lakhisarai (25),30-34,68206,34469,33737,58094,29267,28827,10112,5202,4910
2554,C4114,10,227,District - Lakhisarai (25),35-39,61945,32004,29941,52855,27260,25595,9090,4744,4346
2555,C4114,10,227,District - Lakhisarai (25),40-44,48890,26846,22044,41429,22779,18650,7461,4067,3394
2556,C4114,10,227,District - Lakhisarai (25),45-49,39799,20716,19083,33631,17404,16227,6168,3312,2856
2557,C4114,10,227,District - Lakhisarai (25),50-54,31494,17411,14083,26833,14840,11993,4661,2571,2090
2558,C4114,10,227,District - Lakhisarai (25),55-59,25965,12381,13584,22123,10510,11613,3842,1871,1971
2559,C4114,10,227,District - Lakhisarai (25),60-64,28229,14579,13650,24111,12451,11660,4118,2128,1990
2560,C4114,10,227,District - Lakhisarai (25),65-69,20297,10520,9777,17498,9051,8447,2799,1469,1330
2561,C4114,10,227,District - Lakhisarai (25),70-74,13630,8152,5478,11829,7081,4748,1801,1071,730
2562,C4114,10,227,District - Lakhisarai (25),75-79,5140,2904,2236,4429,2501,1928,711,403,308
2563,C4114,10,227,District - Lakhisarai (25),80+,5900,3195,2705,5040,2759,2281,860,436,424
2564,C4114,10,227,District - Lakhisarai (25),Age not stated,775,437,338,672,378,294,103,59,44
2565,C4114,10,228,District - Sheikhpura (26),All ages,636342,329743,306599,527340,272360,254980,109002,57383,51619
2566,C4114,10,228,District - Sheikhpura (26),0-4,80772,41588,39184,68514,35147,33367,12258,6441,5817
2567,C4114,10,228,District - Sheikhpura (26),5-9,95168,49202,45966,80000,41341,38659,15168,7861,7307
2568,C4114,10,228,District - Sheikhpura (26),10-14,86377,45600,40777,71632,37834,33798,14745,7766,6979
2569,C4114,10,228,District - Sheikhpura (26),15-19,56663,30745,25918,45831,24724,21107,10832,6021,4811
2570,C4114,10,228,District - Sheikhpura (26),20-24,48697,24819,23878,39785,20057,19728,8912,4762,4150
2571,C4114,10,228,District - Sheikhpura (26),25-29,45798,22706,23092,37610,18525,19085,8188,4181,4007
2572,C4114,10,228,District - Sheikhpura (26),30-34,42064,20663,21401,34350,16812,17538,7714,3851,3863
2573,C4114,10,228,District - Sheikhpura (26),35-39,38632,19677,18955,31632,16093,15539,7000,3584,3416
2574,C4114,10,228,District - Sheikhpura (26),40-44,30957,16582,14375,25103,13386,11717,5854,3196,2658
2575,C4114,10,228,District - Sheikhpura (26),45-49,25245,13117,12128,20767,10674,10093,4478,2443,2035
2576,C4114,10,228,District - Sheikhpura (26),50-54,19384,10675,8709,16032,8832,7200,3352,1843,1509
2577,C4114,10,228,District - Sheikhpura (26),55-59,16785,7847,8938,13955,6492,7463,2830,1355,1475
2578,C4114,10,228,District - Sheikhpura (26),60-64,19151,9933,9218,16068,8383,7685,3083,1550,1533
2579,C4114,10,228,District - Sheikhpura (26),65-69,13037,6867,6170,10919,5742,5177,2118,1125,993
2580,C4114,10,228,District - Sheikhpura (26),70-74,8882,5052,3830,7560,4287,3273,1322,765,557
2581,C4114,10,228,District - Sheikhpura (26),75-79,3560,1964,1596,3066,1665,1401,494,299,195
2582,C4114,10,228,District - Sheikhpura (26),80+,4246,2214,2032,3694,1931,1763,552,283,269
2583,C4114,10,228,District - Sheikhpura (26),Age not stated,924,492,432,822,435,387,102,57,45
2584,C4114,10,229,District - Nalanda (27),All ages,2877653,1497060,1380593,2419759,1257728,1162031,457894,239332,218562
2585,C4114,10,229,District - Nalanda (27),0-4,345016,177930,167086,297132,153180,143952,47884,24750,23134
2586,C4114,10,229,District - Nalanda (27),5-9,410670,213594,197076,351990,183065,168925,58680,30529,28151
2587,C4114,10,229,District - Nalanda (27),10-14,375815,198200,177615,316460,167348,149112,59355,30852,28503
2588,C4114,10,229,District - Nalanda (27),15-19,258764,140407,118357,210536,115024,95512,48228,25383,22845
2589,C4114,10,229,District - Nalanda (27),20-24,224277,115678,108599,184003,94429,89574,40274,21249,19025
2590,C4114,10,229,District - Nalanda (27),25-29,214586,107296,107290,178474,88764,89710,36112,18532,17580
2591,C4114,10,229,District - Nalanda (27),30-34,199555,100206,99349,166631,83416,83215,32924,16790,16134
2592,C4114,10,229,District - Nalanda (27),35-39,178418,91395,87023,148535,75958,72577,29883,15437,14446
2593,C4114,10,229,District - Nalanda (27),40-44,145922,78668,67254,121326,65110,56216,24596,13558,11038
2594,C4114,10,229,District - Nalanda (27),45-49,118302,61447,56855,98803,51096,47707,19499,10351,9148
2595,C4114,10,229,District - Nalanda (27),50-54,91804,50476,41328,76499,42082,34417,15305,8394,6911
2596,C4114,10,229,District - Nalanda (27),55-59,78170,37164,41006,65750,30985,34765,12420,6179,6241
2597,C4114,10,229,District - Nalanda (27),60-64,87128,44186,42942,74548,37643,36905,12580,6543,6037
2598,C4114,10,229,District - Nalanda (27),65-69,64918,33876,31042,56385,29369,27016,8533,4507,4026
2599,C4114,10,229,District - Nalanda (27),70-74,43393,24616,18777,37460,21287,16173,5933,3329,2604
2600,C4114,10,229,District - Nalanda (27),75-79,17762,9667,8095,15462,8439,7023,2300,1228,1072
2601,C4114,10,229,District - Nalanda (27),80+,19954,10522,9432,17168,9133,8035,2786,1389,1397
2602,C4114,10,229,District - Nalanda (27),Age not stated,3199,1732,1467,2597,1400,1197,602,332,270
2603,C4114,10,230,District - Patna (28),All ages,5838465,3078512,2759953,3323875,1746025,1577850,2514590,1332487,1182103
2604,C4114,10,230,District - Patna (28),0-4,629479,328687,300792,411026,213238,197788,218453,115449,103004
2605,C4114,10,230,District - Patna (28),5-9,744089,391552,352537,475123,248195,226928,268966,143357,125609
2606,C4114,10,230,District - Patna (28),10-14,723673,383717,339956,434713,230844,203869,288960,152873,136087
2607,C4114,10,230,District - Patna (28),15-19,573514,315393,258121,304424,169173,135251,269090,146220,122870
2608,C4114,10,230,District - Patna (28),20-24,492670,260913,231757,258368,135309,123059,234302,125604,108698
2609,C4114,10,230,District - Patna (28),25-29,463139,235105,228034,250157,126275,123882,212982,108830,104152
2610,C4114,10,230,District - Patna (28),30-34,425675,217524,208151,232920,118362,114558,192755,99162,93593
2611,C4114,10,230,District - Patna (28),35-39,383353,198018,185335,206226,106689,99537,177127,91329,85798
2612,C4114,10,230,District - Patna (28),40-44,313543,169227,144316,163716,89202,74514,149827,80025,69802
2613,C4114,10,230,District - Patna (28),45-49,260083,136003,124080,132865,68747,64118,127218,67256,59962
2614,C4114,10,230,District - Patna (28),50-54,202257,111943,90314,102338,57318,45020,99919,54625,45294
2615,C4114,10,230,District - Patna (28),55-59,165602,82559,83043,85481,40366,45115,80121,42193,37928
2616,C4114,10,230,District - Patna (28),60-64,168354,88510,79844,95274,49345,45929,73080,39165,33915
2617,C4114,10,230,District - Patna (28),65-69,115856,61055,54801,68576,35771,32805,47280,25284,21996
2618,C4114,10,230,District - Patna (28),70-74,81827,46622,35205,48359,27696,20663,33468,18926,14542
2619,C4114,10,230,District - Patna (28),75-79,35930,19726,16204,20285,11035,9250,15645,8691,6954
2620,C4114,10,230,District - Patna (28),80+,45812,24275,21537,27014,14525,12489,18798,9750,9048
2621,C4114,10,230,District - Patna (28),Age not stated,13609,7683,5926,7010,3935,3075,6599,3748,2851
2622,C4114,10,231,District - Bhojpur (29),All ages,2728407,1430380,1298027,2338546,1224274,1114272,389861,206106,183755
2623,C4114,10,231,District - Bhojpur (29),0-4,299259,154922,144337,262079,135636,126443,37180,19286,17894
2624,C4114,10,231,District - Bhojpur (29),5-9,375911,197545,178366,328920,172556,156364,46991,24989,22002
2625,C4114,10,231,District - Bhojpur (29),10-14,357014,188855,168159,308043,163245,144798,48971,25610,23361
2626,C4114,10,231,District - Bhojpur (29),15-19,268265,147836,120429,225719,124696,101023,42546,23140,19406
2627,C4114,10,231,District - Bhojpur (29),20-24,217957,117121,100836,182857,97975,84882,35100,19146,15954
2628,C4114,10,231,District - Bhojpur (29),25-29,203981,103208,100773,172782,86876,85906,31199,16332,14867
2629,C4114,10,231,District - Bhojpur (29),30-34,187150,92852,94298,159456,78661,80795,27694,14191,13503
2630,C4114,10,231,District - Bhojpur (29),35-39,170949,86716,84233,145446,73689,71757,25503,13027,12476
2631,C4114,10,231,District - Bhojpur (29),40-44,139323,73965,65358,118055,62547,55508,21268,11418,9850
2632,C4114,10,231,District - Bhojpur (29),45-49,115650,59311,56339,98091,50075,48016,17559,9236,8323
2633,C4114,10,231,District - Bhojpur (29),50-54,91013,49647,41366,77261,42148,35113,13752,7499,6253
2634,C4114,10,231,District - Bhojpur (29),55-59,76245,36239,40006,65048,30626,34422,11197,5613,5584
2635,C4114,10,231,District - Bhojpur (29),60-64,80513,42486,38027,69111,36563,32548,11402,5923,5479
2636,C4114,10,231,District - Bhojpur (29),65-69,56516,29483,27033,48909,25426,23483,7607,4057,3550
2637,C4114,10,231,District - Bhojpur (29),70-74,41966,24003,17963,36361,20815,15546,5605,3188,2417
2638,C4114,10,231,District - Bhojpur (29),75-79,18019,10026,7993,15630,8716,6914,2389,1310,1079
2639,C4114,10,231,District - Bhojpur (29),80+,23117,12822,10295,20080,11203,8877,3037,1619,1418
2640,C4114,10,231,District - Bhojpur (29),Age not stated,5559,3343,2216,4698,2821,1877,861,522,339
2641,C4114,10,232,District - Buxar (30),All ages,1706352,887977,818375,1541853,801086,740767,164499,86891,77608
2642,C4114,10,232,District - Buxar (30),0-4,192981,98914,94067,177352,90814,86538,15629,8100,7529
2643,C4114,10,232,District - Buxar (30),5-9,237779,124421,113358,218058,113949,104109,19721,10472,9249
2644,C4114,10,232,District - Buxar (30),10-14,225520,119632,105888,204617,108559,96058,20903,11073,9830
2645,C4114,10,232,District - Buxar (30),15-19,166539,91139,75400,147848,80892,66956,18691,10247,8444
2646,C4114,10,232,District - Buxar (30),20-24,129313,67837,61476,114944,60095,54849,14369,7742,6627
2647,C4114,10,232,District - Buxar (30),25-29,122622,60818,61804,109944,54173,55771,12678,6645,6033
2648,C4114,10,232,District - Buxar (30),30-34,112922,55331,57591,101655,49610,52045,11267,5721,5546
2649,C4114,10,232,District - Buxar (30),35-39,105376,52941,52435,94706,47487,47219,10670,5454,5216
2650,C4114,10,232,District - Buxar (30),40-44,86586,45922,40664,77490,41093,36397,9096,4829,4267
2651,C4114,10,232,District - Buxar (30),45-49,70488,36005,34483,63083,32043,31040,7405,3962,3443
2652,C4114,10,232,District - Buxar (30),50-54,56729,31078,25651,50841,27928,22913,5888,3150,2738
2653,C4114,10,232,District - Buxar (30),55-59,49721,22957,26764,44789,20447,24342,4932,2510,2422
2654,C4114,10,232,District - Buxar (30),60-64,54583,28895,25688,49786,26400,23386,4797,2495,2302
2655,C4114,10,232,District - Buxar (30),65-69,38435,20201,18234,35097,18444,16653,3338,1757,1581
2656,C4114,10,232,District - Buxar (30),70-74,27892,16118,11774,25518,14836,10682,2374,1282,1092
2657,C4114,10,232,District - Buxar (30),75-79,12020,6598,5422,10891,5996,4895,1129,602,527
2658,C4114,10,232,District - Buxar (30),80+,14618,7988,6630,13294,7303,5991,1324,685,639
2659,C4114,10,232,District - Buxar (30),Age not stated,2228,1182,1046,1940,1017,923,288,165,123
2660,C4114,10,233,District - Kaimur (Bhabua) (31),All ages,1626384,847006,779378,1560813,812298,748515,65571,34708,30863
2661,C4114,10,233,District - Kaimur (Bhabua) (31),0-4,196895,101005,95890,190593,97724,92869,6302,3281,3021
2662,C4114,10,233,District - Kaimur (Bhabua) (31),5-9,239251,123959,115292,230980,119587,111393,8271,4372,3899
2663,C4114,10,233,District - Kaimur (Bhabua) (31),10-14,218916,115411,103505,210171,110824,99347,8745,4587,4158
2664,C4114,10,233,District - Kaimur (Bhabua) (31),15-19,150967,82920,68047,143732,79036,64696,7235,3884,3351
2665,C4114,10,233,District - Kaimur (Bhabua) (31),20-24,118335,61113,57222,112708,58043,54665,5627,3070,2557
2666,C4114,10,233,District - Kaimur (Bhabua) (31),25-29,114938,57753,57185,109843,55038,54805,5095,2715,2380
2667,C4114,10,233,District - Kaimur (Bhabua) (31),30-34,105874,52449,53425,101332,50127,51205,4542,2322,2220
2668,C4114,10,233,District - Kaimur (Bhabua) (31),35-39,99836,51617,48219,95587,49430,46157,4249,2187,2062
2669,C4114,10,233,District - Kaimur (Bhabua) (31),40-44,80156,42696,37460,76622,40803,35819,3534,1893,1641
2670,C4114,10,233,District - Kaimur (Bhabua) (31),45-49,67547,35098,32449,64617,33503,31114,2930,1595,1335
2671,C4114,10,233,District - Kaimur (Bhabua) (31),50-54,51724,28693,23031,49387,27444,21943,2337,1249,1088
2672,C4114,10,233,District - Kaimur (Bhabua) (31),55-59,45496,21425,24071,43495,20404,23091,2001,1021,980
2673,C4114,10,233,District - Kaimur (Bhabua) (31),60-64,47472,25223,22249,45672,24291,21381,1800,932,868
2674,C4114,10,233,District - Kaimur (Bhabua) (31),65-69,33505,17301,16204,32281,16617,15664,1224,684,540
2675,C4114,10,233,District - Kaimur (Bhabua) (31),70-74,24287,13762,10525,23471,13298,10173,816,464,352
2676,C4114,10,233,District - Kaimur (Bhabua) (31),75-79,10630,5543,5087,10269,5341,4928,361,202,159
2677,C4114,10,233,District - Kaimur (Bhabua) (31),80+,13694,7280,6414,13242,7057,6185,452,223,229
2678,C4114,10,233,District - Kaimur (Bhabua) (31),Age not stated,6861,3758,3103,6811,3731,3080,50,27,23
2679,C4114,10,234,District - Rohtas (32),All ages,2959918,1543546,1416372,2532153,1318276,1213877,427765,225270,202495
2680,C4114,10,234,District - Rohtas (32),0-4,333287,172062,161225,292125,150665,141460,41162,21397,19765
2681,C4114,10,234,District - Rohtas (32),5-9,412348,214406,197942,359624,186535,173089,52724,27871,24853
2682,C4114,10,234,District - Rohtas (32),10-14,395233,206459,188774,339989,177591,162398,55244,28868,26376
2683,C4114,10,234,District - Rohtas (32),15-19,276877,151175,125702,230263,126357,103906,46614,24818,21796
2684,C4114,10,234,District - Rohtas (32),20-24,233349,123179,110170,194726,101973,92753,38623,21206,17417
2685,C4114,10,234,District - Rohtas (32),25-29,224080,113016,111064,190048,95372,94676,34032,17644,16388
2686,C4114,10,234,District - Rohtas (32),30-34,206885,103124,103761,176470,87603,88867,30415,15521,14894
2687,C4114,10,234,District - Rohtas (32),35-39,188611,96968,91643,160679,82596,78083,27932,14372,13560
2688,C4114,10,234,District - Rohtas (32),40-44,153421,81697,71724,129963,69119,60844,23458,12578,10880
2689,C4114,10,234,District - Rohtas (32),45-49,124825,65191,59634,105583,54914,50669,19242,10277,8965
2690,C4114,10,234,District - Rohtas (32),50-54,95834,52446,43388,80998,44422,36576,14836,8024,6812
2691,C4114,10,234,District - Rohtas (32),55-59,80812,38511,42301,68828,32448,36380,11984,6063,5921
2692,C4114,10,234,District - Rohtas (32),60-64,86526,45297,41229,74571,39073,35498,11955,6224,5731
2693,C4114,10,234,District - Rohtas (32),65-69,61081,31721,29360,52935,27438,25497,8146,4283,3863
2694,C4114,10,234,District - Rohtas (32),70-74,43420,24764,18656,37750,21650,16100,5670,3114,2556
2695,C4114,10,234,District - Rohtas (32),75-79,17579,9400,8179,15231,8110,7121,2348,1290,1058
2696,C4114,10,234,District - Rohtas (32),80+,21941,11941,10000,19057,10495,8562,2884,1446,1438
2697,C4114,10,234,District - Rohtas (32),Age not stated,3809,2189,1620,3313,1915,1398,496,274,222
2698,C4114,10,235,District - Aurangabad (33),All ages,2540073,1318684,1221389,2303219,1194619,1108600,236854,124065,112789
2699,C4114,10,235,District - Aurangabad (33),0-4,299908,153894,146014,275658,141378,134280,24250,12516,11734
2700,C4114,10,235,District - Aurangabad (33),5-9,361997,186525,175472,331610,170715,160895,30387,15810,14577
2701,C4114,10,235,District - Aurangabad (33),10-14,342722,177723,164999,311479,161335,150144,31243,16388,14855
2702,C4114,10,235,District - Aurangabad (33),15-19,236024,126222,109802,209941,112432,97509,26083,13790,12293
2703,C4114,10,235,District - Aurangabad (33),20-24,195979,101220,94759,175151,90183,84968,20828,11037,9791
2704,C4114,10,235,District - Aurangabad (33),25-29,190339,95495,94844,172222,86224,85998,18117,9271,8846
2705,C4114,10,235,District - Aurangabad (33),30-34,175944,87842,88102,159228,79403,79825,16716,8439,8277
2706,C4114,10,235,District - Aurangabad (33),35-39,158962,82004,76958,143520,74020,69500,15442,7984,7458
2707,C4114,10,235,District - Aurangabad (33),40-44,126378,68060,58318,113681,61273,52408,12697,6787,5910
2708,C4114,10,235,District - Aurangabad (33),45-49,103287,53612,49675,93100,48065,45035,10187,5547,4640
2709,C4114,10,235,District - Aurangabad (33),50-54,78030,44015,34015,70217,39725,30492,7813,4290,3523
2710,C4114,10,235,District - Aurangabad (33),55-59,65837,30870,34967,59549,27720,31829,6288,3150,3138
2711,C4114,10,235,District - Aurangabad (33),60-64,72417,38601,33816,66258,35347,30911,6159,3254,2905
2712,C4114,10,235,District - Aurangabad (33),65-69,52112,27149,24963,47759,24848,22911,4353,2301,2052
2713,C4114,10,235,District - Aurangabad (33),70-74,36891,21574,15317,33902,19834,14068,2989,1740,1249
2714,C4114,10,235,District - Aurangabad (33),75-79,15631,8528,7103,14396,7861,6535,1235,667,568
2715,C4114,10,235,District - Aurangabad (33),80+,20030,11119,8911,18458,10304,8154,1572,815,757
2716,C4114,10,235,District - Aurangabad (33),Age not stated,7585,4231,3354,7090,3952,3138,495,279,216
2717,C4114,10,236,District - Gaya (34),All ages,4391418,2266566,2124852,3809817,1960592,1849225,581601,305974,275627
2718,C4114,10,236,District - Gaya (34),0-4,519149,264040,255109,465335,236089,229246,53814,27951,25863
2719,C4114,10,236,District - Gaya (34),5-9,621633,318944,302689,557118,285144,271974,64515,33800,30715
2720,C4114,10,236,District - Gaya (34),10-14,575742,300061,275681,508037,264686,243351,67705,35375,32330
2721,C4114,10,236,District - Gaya (34),15-19,408426,213494,194932,346398,180684,165714,62028,32810,29218
2722,C4114,10,236,District - Gaya (34),20-24,353243,181031,172212,299125,151819,147306,54118,29212,24906
2723,C4114,10,236,District - Gaya (34),25-29,331833,165836,165997,283712,140995,142717,48121,24841,23280
2724,C4114,10,236,District - Gaya (34),30-34,294317,147701,146616,252717,126496,126221,41600,21205,20395
2725,C4114,10,236,District - Gaya (34),35-39,261826,134516,127310,224303,115171,109132,37523,19345,18178
2726,C4114,10,236,District - Gaya (34),40-44,209383,112016,97367,178627,95323,83304,30756,16693,14063
2727,C4114,10,236,District - Gaya (34),45-49,171104,89003,82101,145048,75153,69895,26056,13850,12206
2728,C4114,10,236,District - Gaya (34),50-54,129302,71584,57718,109599,60825,48774,19703,10759,8944
2729,C4114,10,236,District - Gaya (34),55-59,108584,51455,57129,92815,43358,49457,15769,8097,7672
2730,C4114,10,236,District - Gaya (34),60-64,112372,59499,52873,97906,51838,46068,14466,7661,6805
2731,C4114,10,236,District - Gaya (34),65-69,77706,40382,37324,68288,35307,32981,9418,5075,4343
2732,C4114,10,236,District - Gaya (34),70-74,54164,30942,23222,47598,27274,20324,6566,3668,2898
2733,C4114,10,236,District - Gaya (34),75-79,22847,12019,10828,19854,10454,9400,2993,1565,1428
2734,C4114,10,236,District - Gaya (34),80+,32358,17329,15029,27920,15059,12861,4438,2270,2168
2735,C4114,10,236,District - Gaya (34),Age not stated,107429,56714,50715,85417,44917,40500,22012,11797,10215
2736,C4114,10,237,District - Nawada (35),All ages,2219146,1144668,1074478,2003567,1031656,971911,215579,113012,102567
2737,C4114,10,237,District - Nawada (35),0-4,254440,130595,123845,232922,119463,113459,21518,11132,10386
2738,C4114,10,237,District - Nawada (35),5-9,329452,170199,159253,301465,155521,145944,27987,14678,13309
2739,C4114,10,237,District - Nawada (35),10-14,301634,157375,144259,273147,142497,130650,28487,14878,13609
2740,C4114,10,237,District - Nawada (35),15-19,211784,110110,101674,188264,97810,90454,23520,12300,11220
2741,C4114,10,237,District - Nawada (35),20-24,178115,90908,87207,158753,80620,78133,19362,10288,9074
2742,C4114,10,237,District - Nawada (35),25-29,165356,82315,83041,148034,73357,74677,17322,8958,8364
2743,C4114,10,237,District - Nawada (35),30-34,148373,74292,74081,133219,66554,66665,15154,7738,7416
2744,C4114,10,237,District - Nawada (35),35-39,133664,67490,66174,119916,60363,59553,13748,7127,6621
2745,C4114,10,237,District - Nawada (35),40-44,111103,58989,52114,99596,52832,46764,11507,6157,5350
2746,C4114,10,237,District - Nawada (35),45-49,92488,47658,44830,82989,42603,40386,9499,5055,4444
2747,C4114,10,237,District - Nawada (35),50-54,70521,39196,31325,63503,35336,28167,7018,3860,3158
2748,C4114,10,237,District - Nawada (35),55-59,58769,27881,30888,52989,24978,28011,5780,2903,2877
2749,C4114,10,237,District - Nawada (35),60-64,59934,32054,27880,54364,29084,25280,5570,2970,2600
2750,C4114,10,237,District - Nawada (35),65-69,41451,20995,20456,37740,19030,18710,3711,1965,1746
2751,C4114,10,237,District - Nawada (35),70-74,30238,17420,12818,27608,15906,11702,2630,1514,1116
2752,C4114,10,237,District - Nawada (35),75-79,12114,6421,5693,11079,5849,5230,1035,572,463
2753,C4114,10,237,District - Nawada (35),80+,15778,8540,7238,14362,7802,6560,1416,738,678
2754,C4114,10,237,District - Nawada (35),Age not stated,3932,2230,1702,3617,2051,1566,315,179,136
2755,C4114,10,238,District - Jamui (36),All ages,1760405,916064,844341,1615072,839776,775296,145333,76288,69045
2756,C4114,10,238,District - Jamui (36),0-4,215719,109921,105798,200022,101844,98178,15697,8077,7620
2757,C4114,10,238,District - Jamui (36),5-9,252733,130078,122655,234440,120669,113771,18293,9409,8884
2758,C4114,10,238,District - Jamui (36),10-14,226568,120157,106411,208487,110656,97831,18081,9501,8580
2759,C4114,10,238,District - Jamui (36),15-19,158297,85975,72322,143328,78089,65239,14969,7886,7083
2760,C4114,10,238,District - Jamui (36),20-24,143841,73967,69874,130776,67008,63768,13065,6959,6106
2761,C4114,10,238,District - Jamui (36),25-29,138761,69020,69741,126972,62885,64087,11789,6135,5654
2762,C4114,10,238,District - Jamui (36),30-34,122841,62820,60021,112501,57507,54994,10340,5313,5027
2763,C4114,10,238,District - Jamui (36),35-39,109959,57053,52906,100299,52017,48282,9660,5036,4624
2764,C4114,10,238,District - Jamui (36),40-44,87198,47441,39757,79250,43069,36181,7948,4372,3576
2765,C4114,10,238,District - Jamui (36),45-49,72054,37024,35030,65600,33612,31988,6454,3412,3042
2766,C4114,10,238,District - Jamui (36),50-54,56018,31156,24862,51075,28454,22621,4943,2702,2241
2767,C4114,10,238,District - Jamui (36),55-59,46921,22088,24833,42917,19996,22921,4004,2092,1912
2768,C4114,10,238,District - Jamui (36),60-64,50011,26096,23915,46080,24089,21991,3931,2007,1924
2769,C4114,10,238,District - Jamui (36),65-69,33429,17389,16040,30755,15979,14776,2674,1410,1264
2770,C4114,10,238,District - Jamui (36),70-74,22315,13026,9289,20521,11959,8562,1794,1067,727
2771,C4114,10,238,District - Jamui (36),75-79,8145,4352,3793,7416,3945,3471,729,407,322
2772,C4114,10,238,District - Jamui (36),80+,10177,5475,4702,9380,5059,4321,797,416,381
2773,C4114,10,238,District - Jamui (36),Age not stated,5418,3026,2392,5253,2939,2314,165,87,78
2774,C4114,10,239,District - Jehanabad  (37),All ages,1125313,585582,539731,990117,514154,475963,135196,71428,63768
2775,C4114,10,239,District - Jehanabad  (37),0-4,130682,68102,62580,117161,61047,56114,13521,7055,6466
2776,C4114,10,239,District - Jehanabad  (37),5-9,160848,83700,77148,143707,74507,69200,17141,9193,7948
2777,C4114,10,239,District - Jehanabad  (37),10-14,149896,78660,71236,132057,69209,62848,17839,9451,8388
2778,C4114,10,239,District - Jehanabad  (37),15-19,100927,53471,47456,86287,45558,40729,14640,7913,6727
2779,C4114,10,239,District - Jehanabad  (37),20-24,87943,45094,42849,76186,38843,37343,11757,6251,5506
2780,C4114,10,239,District - Jehanabad  (37),25-29,83948,41890,42058,73351,36472,36879,10597,5418,5179
2781,C4114,10,239,District - Jehanabad  (37),30-34,79563,40134,39429,69901,35202,34699,9662,4932,4730
2782,C4114,10,239,District - Jehanabad  (37),35-39,70619,36095,34524,61763,31598,30165,8856,4497,4359
2783,C4114,10,239,District - Jehanabad  (37),40-44,57880,31176,26704,50439,27129,23310,7441,4047,3394
2784,C4114,10,239,District - Jehanabad  (37),45-49,46520,24229,22291,40535,21082,19453,5985,3147,2838
2785,C4114,10,239,District - Jehanabad  (37),50-54,35400,20021,15379,30934,17541,13393,4466,2480,1986
2786,C4114,10,239,District - Jehanabad  (37),55-59,29820,13981,15839,26152,12128,14024,3668,1853,1815
2787,C4114,10,239,District - Jehanabad  (37),60-64,33159,17359,15800,29527,15430,14097,3632,1929,1703
2788,C4114,10,239,District - Jehanabad  (37),65-69,23872,12558,11314,21426,11258,10168,2446,1300,1146
2789,C4114,10,239,District - Jehanabad  (37),70-74,16833,9642,7191,15166,8702,6464,1667,940,727
2790,C4114,10,239,District - Jehanabad  (37),75-79,7108,3786,3322,6325,3358,2967,783,428,355
2791,C4114,10,239,District - Jehanabad  (37),80+,8914,4929,3985,8015,4437,3578,899,492,407
2792,C4114,10,239,District - Jehanabad  (37),Age not stated,1381,755,626,1185,653,532,196,102,94
2793,C4114,10,240,District - Arwal (38),All ages,700843,363497,337346,648994,336420,312574,51849,27077,24772
2794,C4114,10,240,District - Arwal (38),0-4,85007,43576,41431,78842,40429,38413,6165,3147,3018
2795,C4114,10,240,District - Arwal (38),5-9,99543,51601,47942,92514,47930,44584,7029,3671,3358
2796,C4114,10,240,District - Arwal (38),10-14,93731,49084,44647,86676,45400,41276,7055,3684,3371
2797,C4114,10,240,District - Arwal (38),15-19,62584,33497,29087,57404,30704,26700,5180,2793,2387
2798,C4114,10,240,District - Arwal (38),20-24,53198,27608,25590,48944,25320,23624,4254,2288,1966
2799,C4114,10,240,District - Arwal (38),25-29,50385,25057,25328,46599,23097,23502,3786,1960,1826
2800,C4114,10,240,District - Arwal (38),30-34,48146,23998,24148,44707,22251,22456,3439,1747,1692
2801,C4114,10,240,District - Arwal (38),35-39,43217,21867,21350,40069,20295,19774,3148,1572,1576
2802,C4114,10,240,District - Arwal (38),40-44,35673,19185,16488,33008,17734,15274,2665,1451,1214
2803,C4114,10,240,District - Arwal (38),45-49,28995,14958,14037,26868,13868,13000,2127,1090,1037
2804,C4114,10,240,District - Arwal (38),50-54,22593,12568,10025,20835,11617,9218,1758,951,807
2805,C4114,10,240,District - Arwal (38),55-59,19159,9068,10091,17758,8378,9380,1401,690,711
2806,C4114,10,240,District - Arwal (38),60-64,21182,11096,10086,19806,10371,9435,1376,725,651
2807,C4114,10,240,District - Arwal (38),65-69,15062,7883,7179,14080,7396,6684,982,487,495
2808,C4114,10,240,District - Arwal (38),70-74,10835,6199,4636,10120,5777,4343,715,422,293
2809,C4114,10,240,District - Arwal (38),75-79,4466,2394,2072,4189,2250,1939,277,144,133
2810,C4114,10,240,District - Arwal (38),80+,5253,2905,2348,4934,2739,2195,319,166,153
2811,C4114,10,240,District - Arwal (38),Age not stated,1814,953,861,1641,864,777,173,89,84
2812,C4114,22,0,State - CHHATTISGARH (22),All ages,25545198,12832895,12712303,19607961,9797426,9810535,5937237,3035469,2901768
2813,C4114,22,0,State - CHHATTISGARH (22),0-4,2541065,1286970,1254095,2027687,1022795,1004892,513378,264175,249203
2814,C4114,22,0,State - CHHATTISGARH (22),5-9,2758758,1404079,1354679,2206437,1117796,1088641,552321,286283,266038
2815,C4114,22,0,State - CHHATTISGARH (22),10-14,2884013,1461185,1422828,2289627,1155074,1134553,594386,306111,288275
2816,C4114,22,0,State - CHHATTISGARH (22),15-19,2599842,1319451,1280391,1998051,1009334,988717,601791,310117,291674
2817,C4114,22,0,State - CHHATTISGARH (22),20-24,2389497,1193378,1196119,1773929,885162,888767,615568,308216,307352
2818,C4114,22,0,State - CHHATTISGARH (22),25-29,2057300,1049238,1008062,1508182,770527,737655,549118,278711,270407
2819,C4114,22,0,State - CHHATTISGARH (22),30-34,1815058,898023,917035,1340001,656456,683545,475057,241567,233490
2820,C4114,22,0,State - CHHATTISGARH (22),35-39,1779414,891265,888149,1329416,663342,666074,449998,227923,222075
2821,C4114,22,0,State - CHHATTISGARH (22),40-44,1576553,796402,780151,1179152,590214,588938,397401,206188,191213
2822,C4114,22,0,State - CHHATTISGARH (22),45-49,1334374,692974,641400,998323,516444,481879,336051,176530,159521
2823,C4114,22,0,State - CHHATTISGARH (22),50-54,992947,510326,482621,741578,376646,364932,251369,133680,117689
2824,C4114,22,0,State - CHHATTISGARH (22),55-59,789353,389338,400015,603044,290945,312099,186309,98393,87916
2825,C4114,22,0,State - CHHATTISGARH (22),60-64,743742,348956,394786,588321,273504,314817,155421,75452,79969
2826,C4114,22,0,State - CHHATTISGARH (22),65-69,533810,244336,289474,429402,195192,234210,104408,49144,55264
2827,C4114,22,0,State - CHHATTISGARH (22),70-74,373000,174249,198751,299448,139047,160401,73552,35202,38350
2828,C4114,22,0,State - CHHATTISGARH (22),75-79,166578,75545,91033,132135,58945,73190,34443,16600,17843
2829,C4114,22,0,State - CHHATTISGARH (22),80+,186779,85073,101706,149241,68761,80480,37538,16312,21226
2830,C4114,22,0,State - CHHATTISGARH (22),Age not stated,23115,12107,11008,13987,7242,6745,9128,4865,4263
2831,C4114,22,400,District - Koriya (01),All ages,658917,334737,324180,453618,228338,225280,205299,106399,98900
2832,C4114,22,400,District - Koriya (01),0-4,65943,33502,32441,50439,25394,25045,15504,8108,7396
2833,C4114,22,400,District - Koriya (01),5-9,71384,36276,35108,52808,26559,26249,18576,9717,8859
2834,C4114,22,400,District - Koriya (01),10-14,73306,37245,36061,51956,26127,25829,21350,11118,10232
2835,C4114,22,400,District - Koriya (01),15-19,67899,34794,33105,44273,22464,21809,23626,12330,11296
2836,C4114,22,400,District - Koriya (01),20-24,65971,33317,32654,43170,21444,21726,22801,11873,10928
2837,C4114,22,400,District - Koriya (01),25-29,55078,28340,26738,37183,18959,18224,17895,9381,8514
2838,C4114,22,400,District - Koriya (01),30-34,45982,23018,22964,31919,15872,16047,14063,7146,6917
2839,C4114,22,400,District - Koriya (01),35-39,43961,22365,21596,30146,15552,14594,13815,6813,7002
2840,C4114,22,400,District - Koriya (01),40-44,38623,19360,19263,25259,12828,12431,13364,6532,6832
2841,C4114,22,400,District - Koriya (01),45-49,36456,18236,18220,22701,11564,11137,13755,6672,7083
2842,C4114,22,400,District - Koriya (01),50-54,28328,15320,13008,16800,8842,7958,11528,6478,5050
2843,C4114,22,400,District - Koriya (01),55-59,21001,11558,9443,13316,6727,6589,7685,4831,2854
2844,C4114,22,400,District - Koriya (01),60-64,16812,8135,8677,12438,5994,6444,4374,2141,2233
2845,C4114,22,400,District - Koriya (01),65-69,11450,5389,6061,8701,4103,4598,2749,1286,1463
2846,C4114,22,400,District - Koriya (01),70-74,8247,3832,4415,6172,2891,3281,2075,941,1134
2847,C4114,22,400,District - Koriya (01),75-79,3622,1629,1993,2732,1217,1515,890,412,478
2848,C4114,22,400,District - Koriya (01),80+,4613,2289,2324,3438,1710,1728,1175,579,596
2849,C4114,22,400,District - Koriya (01),Age not stated,241,132,109,167,91,76,74,41,33
2850,C4114,22,401,District - Surguja (02),All ages,2359886,1193129,1166757,2116965,1067908,1049057,242921,125221,117700
2851,C4114,22,401,District - Surguja (02),0-4,257859,130680,127179,237375,119994,117381,20484,10686,9798
2852,C4114,22,401,District - Surguja (02),5-9,290067,148354,141713,265587,135431,130156,24480,12923,11557
2853,C4114,22,401,District - Surguja (02),10-14,281136,143057,138079,254423,129275,125148,26713,13782,12931
2854,C4114,22,401,District - Surguja (02),15-19,223980,114878,109102,198047,101635,96412,25933,13243,12690
2855,C4114,22,401,District - Surguja (02),20-24,207910,101989,105921,183067,89823,93244,24843,12166,12677
2856,C4114,22,401,District - Surguja (02),25-29,180484,91498,88986,158861,80595,78266,21623,10903,10720
2857,C4114,22,401,District - Surguja (02),30-34,157419,77648,79771,138610,68188,70422,18809,9460,9349
2858,C4114,22,401,District - Surguja (02),35-39,153418,77321,76097,135241,68073,67168,18177,9248,8929
2859,C4114,22,401,District - Surguja (02),40-44,133845,67753,66092,117695,59308,58387,16150,8445,7705
2860,C4114,22,401,District - Surguja (02),45-49,117233,60868,56365,103806,53531,50275,13427,7337,6090
2861,C4114,22,401,District - Surguja (02),50-54,88219,46582,41637,78260,41043,37217,9959,5539,4420
2862,C4114,22,401,District - Surguja (02),55-59,71932,35380,36552,64970,31502,33468,6962,3878,3084
2863,C4114,22,401,District - Surguja (02),60-64,71792,35153,36639,66123,32385,33738,5669,2768,2901
2864,C4114,22,401,District - Surguja (02),65-69,51345,25139,26206,47371,23192,24179,3974,1947,2027
2865,C4114,22,401,District - Surguja (02),70-74,35129,18108,17021,32338,16667,15671,2791,1441,1350
2866,C4114,22,401,District - Surguja (02),75-79,15164,7095,8069,13939,6467,7472,1225,628,597
2867,C4114,22,401,District - Surguja (02),80+,21496,10864,10632,19892,10091,9801,1604,773,831
2868,C4114,22,401,District - Surguja (02),Age not stated,1458,762,696,1360,708,652,98,54,44
2869,C4114,22,402,District - Jashpur  (03),All ages,851669,424747,426922,775677,386307,389370,75992,38440,37552
2870,C4114,22,402,District - Jashpur  (03),0-4,85219,42807,42412,78485,39405,39080,6734,3402,3332
2871,C4114,22,402,District - Jashpur  (03),5-9,89131,45038,44093,81684,41132,40552,7447,3906,3541
2872,C4114,22,402,District - Jashpur  (03),10-14,92491,46360,46131,83703,41771,41932,8788,4589,4199
2873,C4114,22,402,District - Jashpur  (03),15-19,81408,41550,39858,72573,37077,35496,8835,4473,4362
2874,C4114,22,402,District - Jashpur  (03),20-24,75792,37015,38777,67803,33299,34504,7989,3716,4273
2875,C4114,22,402,District - Jashpur  (03),25-29,64924,32801,32123,58227,29521,28706,6697,3280,3417
2876,C4114,22,402,District - Jashpur  (03),30-34,55545,27205,28340,49863,24347,25516,5682,2858,2824
2877,C4114,22,402,District - Jashpur  (03),35-39,57054,28536,28518,51671,25814,25857,5383,2722,2661
2878,C4114,22,402,District - Jashpur  (03),40-44,53075,25978,27097,48441,23606,24835,4634,2372,2262
2879,C4114,22,402,District - Jashpur  (03),45-49,48781,25220,23561,44716,23030,21686,4065,2190,1875
2880,C4114,22,402,District - Jashpur  (03),50-54,37499,18987,18512,34509,17377,17132,2990,1610,1380
2881,C4114,22,402,District - Jashpur  (03),55-59,31069,15343,15726,28939,14213,14726,2130,1130,1000
2882,C4114,22,402,District - Jashpur  (03),60-64,29196,13899,15297,27409,13049,14360,1787,850,937
2883,C4114,22,402,District - Jashpur  (03),65-69,20853,9818,11035,19669,9262,10407,1184,556,628
2884,C4114,22,402,District - Jashpur  (03),70-74,14644,7087,7557,13798,6675,7123,846,412,434
2885,C4114,22,402,District - Jashpur  (03),75-79,7064,3285,3779,6700,3114,3586,364,171,193
2886,C4114,22,402,District - Jashpur  (03),80+,7775,3730,4045,7340,3529,3811,435,201,234
2887,C4114,22,402,District - Jashpur  (03),Age not stated,149,88,61,147,86,61,2,2,0
2888,C4114,22,403,District - Raigarh (04),All ages,1493984,750278,743706,1247682,623817,623865,246302,126461,119841
2889,C4114,22,403,District - Raigarh (04),0-4,136458,69780,66678,114862,58535,56327,21596,11245,10351
2890,C4114,22,403,District - Raigarh (04),5-9,145775,74610,71165,123000,62638,60362,22775,11972,10803
2891,C4114,22,403,District - Raigarh (04),10-14,157382,79909,77473,133742,67620,66122,23640,12289,11351
2892,C4114,22,403,District - Raigarh (04),15-19,145101,73910,71191,121253,61536,59717,23848,12374,11474
2893,C4114,22,403,District - Raigarh (04),20-24,137385,68385,69000,111893,55681,56212,25492,12704,12788
2894,C4114,22,403,District - Raigarh (04),25-29,119857,61014,58843,95894,48956,46938,23963,12058,11905
2895,C4114,22,403,District - Raigarh (04),30-34,109396,53642,55754,88404,42819,45585,20992,10823,10169
2896,C4114,22,403,District - Raigarh (04),35-39,109687,55167,54520,90686,45405,45281,19001,9762,9239
2897,C4114,22,403,District - Raigarh (04),40-44,96915,49074,47841,80805,40536,40269,16110,8538,7572
2898,C4114,22,403,District - Raigarh (04),45-49,82259,42741,39518,68858,35685,33173,13401,7056,6345
2899,C4114,22,403,District - Raigarh (04),50-54,62409,31792,30617,52257,26398,25859,10152,5394,4758
2900,C4114,22,403,District - Raigarh (04),55-59,50697,25159,25538,43022,21098,21924,7675,4061,3614
2901,C4114,22,403,District - Raigarh (04),60-64,50742,23681,27061,43987,20447,23540,6755,3234,3521
2902,C4114,22,403,District - Raigarh (04),65-69,37469,17475,19994,32818,15270,17548,4651,2205,2446
2903,C4114,22,403,District - Raigarh (04),70-74,26137,12137,14000,22995,10734,12261,3142,1403,1739
2904,C4114,22,403,District - Raigarh (04),75-79,12340,5403,6937,10872,4753,6119,1468,650,818
2905,C4114,22,403,District - Raigarh (04),80+,13694,6246,7448,12090,5574,6516,1604,672,932
2906,C4114,22,403,District - Raigarh (04),Age not stated,281,153,128,244,132,112,37,21,16
2907,C4114,22,404,District - Korba  (05),All ages,1206640,612915,593725,760350,381424,378926,446290,231491,214799
2908,C4114,22,404,District - Korba  (05),0-4,119567,60538,59029,80349,40481,39868,39218,20057,19161
2909,C4114,22,404,District - Korba  (05),5-9,126139,64401,61738,84356,42566,41790,41783,21835,19948
2910,C4114,22,404,District - Korba  (05),10-14,134493,68022,66471,88821,44480,44341,45672,23542,22130
2911,C4114,22,404,District - Korba  (05),15-19,124859,64306,60553,78011,40135,37876,46848,24171,22677
2912,C4114,22,404,District - Korba  (05),20-24,121363,61440,59923,71666,36215,35451,49697,25225,24472
2913,C4114,22,404,District - Korba  (05),25-29,103287,53626,49661,60067,31045,29022,43220,22581,20639
2914,C4114,22,404,District - Korba  (05),30-34,86470,44015,42455,52054,25854,26200,34416,18161,16255
2915,C4114,22,404,District - Korba  (05),35-39,82981,41882,41099,51059,25716,25343,31922,16166,15756
2916,C4114,22,404,District - Korba  (05),40-44,75247,38250,36997,45541,23075,22466,29706,15175,14531
2917,C4114,22,404,District - Korba  (05),45-49,64781,33689,31092,38255,19892,18363,26526,13797,12729
2918,C4114,22,404,District - Korba  (05),50-54,49277,26116,23161,28541,14584,13957,20736,11532,9204
2919,C4114,22,404,District - Korba  (05),55-59,36495,19104,17391,22595,10924,11671,13900,8180,5720
2920,C4114,22,404,District - Korba  (05),60-64,30741,14632,16109,21569,9974,11595,9172,4658,4514
2921,C4114,22,404,District - Korba  (05),65-69,21069,9471,11598,15645,6804,8841,5424,2667,2757
2922,C4114,22,404,District - Korba  (05),70-74,14722,6622,8100,10943,4857,6086,3779,1765,2014
2923,C4114,22,404,District - Korba  (05),75-79,6411,2770,3641,4694,1997,2697,1717,773,944
2924,C4114,22,404,District - Korba  (05),80+,8244,3763,4481,5807,2619,3188,2437,1144,1293
2925,C4114,22,404,District - Korba  (05),Age not stated,494,268,226,377,206,171,117,62,55
2926,C4114,22,405,District - Janjgir - Champa (06),All ages,1619707,815717,803990,1394646,701401,693245,225061,114316,110745
2927,C4114,22,405,District - Janjgir - Champa (06),0-4,154011,78713,75298,133891,68351,65540,20120,10362,9758
2928,C4114,22,405,District - Janjgir - Champa (06),5-9,172880,88499,84381,150920,77015,73905,21960,11484,10476
2929,C4114,22,405,District - Janjgir - Champa (06),10-14,189918,95929,93989,166660,83950,82710,23258,11979,11279
2930,C4114,22,405,District - Janjgir - Champa (06),15-19,182341,92099,90242,158466,79961,78505,23875,12138,11737
2931,C4114,22,405,District - Janjgir - Champa (06),20-24,150923,78498,72425,128475,67211,61264,22448,11287,11161
2932,C4114,22,405,District - Janjgir - Champa (06),25-29,125041,64617,60424,105239,54669,50570,19802,9948,9854
2933,C4114,22,405,District - Janjgir - Champa (06),30-34,109567,55091,54476,92346,46375,45971,17221,8716,8505
2934,C4114,22,405,District - Janjgir - Champa (06),35-39,104795,52422,52373,88641,44209,44432,16154,8213,7941
2935,C4114,22,405,District - Janjgir - Champa (06),40-44,92524,47084,45440,78334,39702,38632,14190,7382,6808
2936,C4114,22,405,District - Janjgir - Champa (06),45-49,76286,39254,37032,64506,33150,31356,11780,6104,5676
2937,C4114,22,405,District - Janjgir - Champa (06),50-54,58218,29606,28612,49378,24901,24477,8840,4705,4135
2938,C4114,22,405,District - Janjgir - Champa (06),55-59,48637,22932,25705,41745,19476,22269,6892,3456,3436
2939,C4114,22,405,District - Janjgir - Champa (06),60-64,54244,24437,29807,47379,21265,26114,6865,3172,3693
2940,C4114,22,405,District - Janjgir - Champa (06),65-69,42256,19473,22783,37410,17261,20149,4846,2212,2634
2941,C4114,22,405,District - Janjgir - Champa (06),70-74,29858,14092,15766,26409,12478,13931,3449,1614,1835
2942,C4114,22,405,District - Janjgir - Champa (06),75-79,13282,6077,7205,11676,5306,6370,1606,771,835
2943,C4114,22,405,District - Janjgir - Champa (06),80+,14403,6623,7780,12750,5905,6845,1653,718,935
2944,C4114,22,405,District - Janjgir - Champa (06),Age not stated,523,271,252,421,216,205,102,55,47
2945,C4114,22,406,District - Bilaspur (07),All ages,2663629,1351574,1312055,1983759,1002520,981239,679870,349054,330816
2946,C4114,22,406,District - Bilaspur (07),0-4,283986,144430,139556,224418,113329,111089,59568,31101,28467
2947,C4114,22,406,District - Bilaspur (07),5-9,305915,156144,149771,242080,123057,119023,63835,33087,30748
2948,C4114,22,406,District - Bilaspur (07),10-14,310771,158607,152164,243318,123478,119840,67453,35129,32324
2949,C4114,22,406,District - Bilaspur (07),15-19,271760,141737,130023,204954,106987,97967,66806,34750,32056
2950,C4114,22,406,District - Bilaspur (07),20-24,240967,122943,118024,173767,89255,84512,67200,33688,33512
2951,C4114,22,406,District - Bilaspur (07),25-29,212085,108405,103680,150272,77308,72964,61813,31097,30716
2952,C4114,22,406,District - Bilaspur (07),30-34,189933,94532,95401,134645,66409,68236,55288,28123,27165
2953,C4114,22,406,District - Bilaspur (07),35-39,180638,91532,89106,128976,64919,64057,51662,26613,25049
2954,C4114,22,406,District - Bilaspur (07),40-44,155735,79876,75859,110735,56445,54290,45000,23431,21569
2955,C4114,22,406,District - Bilaspur (07),45-49,128726,66807,61919,90697,46858,43839,38029,19949,18080
2956,C4114,22,406,District - Bilaspur (07),50-54,96964,50483,46481,68000,35123,32877,28964,15360,13604
2957,C4114,22,406,District - Bilaspur (07),55-59,76691,37494,39197,54832,26274,28558,21859,11220,10639
2958,C4114,22,406,District - Bilaspur (07),60-64,76343,36102,40241,56769,26540,30229,19574,9562,10012
2959,C4114,22,406,District - Bilaspur (07),65-69,54265,25780,28485,41123,19207,21916,13142,6573,6569
2960,C4114,22,406,District - Bilaspur (07),70-74,38956,18248,20708,29470,13573,15897,9486,4675,4811
2961,C4114,22,406,District - Bilaspur (07),75-79,17567,8073,9494,12937,5826,7111,4630,2247,2383
2962,C4114,22,406,District - Bilaspur (07),80+,19328,8873,10455,14493,6797,7696,4835,2076,2759
2963,C4114,22,406,District - Bilaspur (07),Age not stated,2999,1508,1491,2273,1135,1138,726,373,353
2964,C4114,22,407,District - Kabeerdham (08),All ages,822526,412058,410468,735131,367941,367190,87395,44117,43278
2965,C4114,22,407,District - Kabeerdham (08),0-4,100772,50659,50113,91718,46007,45711,9054,4652,4402
2966,C4114,22,407,District - Kabeerdham (08),5-9,102487,51584,50903,93129,46842,46287,9358,4742,4616
2967,C4114,22,407,District - Kabeerdham (08),10-14,97035,49043,47992,87344,44216,43128,9691,4827,4864
2968,C4114,22,407,District - Kabeerdham (08),15-19,78198,40204,37994,69357,35664,33693,8841,4540,4301
2969,C4114,22,407,District - Kabeerdham (08),20-24,74609,37283,37326,66012,33064,32948,8597,4219,4378
2970,C4114,22,407,District - Kabeerdham (08),25-29,62870,31952,30918,55454,28290,27164,7416,3662,3754
2971,C4114,22,407,District - Kabeerdham (08),30-34,57616,27987,29629,50852,24569,26283,6764,3418,3346
2972,C4114,22,407,District - Kabeerdham (08),35-39,54481,27186,27295,48296,24031,24265,6185,3155,3030
2973,C4114,22,407,District - Kabeerdham (08),40-44,48221,24378,23843,42661,21496,21165,5560,2882,2678
2974,C4114,22,407,District - Kabeerdham (08),45-49,38199,19957,18242,33803,17615,16188,4396,2342,2054
2975,C4114,22,407,District - Kabeerdham (08),50-54,27674,14246,13428,24391,12539,11852,3283,1707,1576
2976,C4114,22,407,District - Kabeerdham (08),55-59,21497,10527,10970,19035,9278,9757,2462,1249,1213
2977,C4114,22,407,District - Kabeerdham (08),60-64,20799,9763,11036,18662,8721,9941,2137,1042,1095
2978,C4114,22,407,District - Kabeerdham (08),65-69,15324,7076,8248,13864,6391,7473,1460,685,775
2979,C4114,22,407,District - Kabeerdham (08),70-74,11398,5214,6184,10301,4713,5588,1097,501,596
2980,C4114,22,407,District - Kabeerdham (08),75-79,5060,2245,2815,4553,1997,2556,507,248,259
2981,C4114,22,407,District - Kabeerdham (08),80+,6102,2647,3455,5533,2413,3120,569,234,335
2982,C4114,22,407,District - Kabeerdham (08),Age not stated,184,107,77,166,95,71,18,12,6
2983,C4114,22,408,District - Rajnandgaon (09),All ages,1537133,762855,774278,1264621,626212,638409,272512,136643,135869
2984,C4114,22,408,District - Rajnandgaon (09),0-4,146698,73866,72832,124383,62410,61973,22315,11456,10859
2985,C4114,22,408,District - Rajnandgaon (09),5-9,158648,79762,78886,134597,67528,67069,24051,12234,11817
2986,C4114,22,408,District - Rajnandgaon (09),10-14,173245,86518,86727,147274,73374,73900,25971,13144,12827
2987,C4114,22,408,District - Rajnandgaon (09),15-19,155473,76624,78849,128515,62932,65583,26958,13692,13266
2988,C4114,22,408,District - Rajnandgaon (09),20-24,144827,72579,72248,117130,58769,58361,27697,13810,13887
2989,C4114,22,408,District - Rajnandgaon (09),25-29,120024,61638,58386,96231,49635,46596,23793,12003,11790
2990,C4114,22,408,District - Rajnandgaon (09),30-34,110235,53618,56617,88463,42745,45718,21772,10873,10899
2991,C4114,22,408,District - Rajnandgaon (09),35-39,109586,54209,55377,89004,43873,45131,20582,10336,10246
2992,C4114,22,408,District - Rajnandgaon (09),40-44,101331,50993,50338,82522,41412,41110,18809,9581,9228
2993,C4114,22,408,District - Rajnandgaon (09),45-49,83266,43105,40161,67108,34750,32358,16158,8355,7803
2994,C4114,22,408,District - Rajnandgaon (09),50-54,62434,31240,31194,50268,25021,25247,12166,6219,5947
2995,C4114,22,408,District - Rajnandgaon (09),55-59,50386,24591,25795,40933,19837,21096,9453,4754,4699
2996,C4114,22,408,District - Rajnandgaon (09),60-64,45242,20832,24410,36896,16956,19940,8346,3876,4470
2997,C4114,22,408,District - Rajnandgaon (09),65-69,32032,14136,17896,26040,11463,14577,5992,2673,3319
2998,C4114,22,408,District - Rajnandgaon (09),70-74,22813,10065,12748,18541,8196,10345,4272,1869,2403
2999,C4114,22,408,District - Rajnandgaon (09),75-79,9722,4195,5527,7745,3321,4424,1977,874,1103
3000,C4114,22,408,District - Rajnandgaon (09),80+,10439,4519,5920,8329,3664,4665,2110,855,1255
3001,C4114,22,408,District - Rajnandgaon (09),Age not stated,732,365,367,642,326,316,90,39,51
3002,C4114,22,409,District - Durg (10),All ages,3343872,1682101,1661771,2059107,1026152,1032955,1284765,655949,628816
3003,C4114,22,409,District - Durg (10),0-4,302450,153643,148807,199020,100560,98460,103430,53083,50347
3004,C4114,22,409,District - Durg (10),5-9,322051,164254,157797,211273,106956,104317,110778,57298,53480
3005,C4114,22,409,District - Durg (10),10-14,357471,181323,176148,234797,117866,116931,122674,63457,59217
3006,C4114,22,409,District - Durg (10),15-19,344217,175521,168696,214362,108248,106114,129855,67273,62582
3007,C4114,22,409,District - Durg (10),20-24,321621,162131,159490,188902,95192,93710,132719,66939,65780
3008,C4114,22,409,District - Durg (10),25-29,272022,138669,133353,157172,80480,76692,114850,58189,56661
3009,C4114,22,409,District - Durg (10),30-34,243075,118958,124117,142895,68983,73912,100180,49975,50205
3010,C4114,22,409,District - Durg (10),35-39,245796,121355,124441,145548,71884,73664,100248,49471,50777
3011,C4114,22,409,District - Durg (10),40-44,223704,114003,109701,130564,65487,65077,93140,48516,44624
3012,C4114,22,409,District - Durg (10),45-49,185666,97056,88610,108190,56011,52179,77476,41045,36431
3013,C4114,22,409,District - Durg (10),50-54,138932,71283,67649,81655,40854,40801,57277,30429,26848
3014,C4114,22,409,District - Durg (10),55-59,110461,55341,55120,66894,32406,34488,43567,22935,20632
3015,C4114,22,409,District - Durg (10),60-64,100878,47647,53231,63536,29728,33808,37342,17919,19423
3016,C4114,22,409,District - Durg (10),65-69,72702,32342,40360,46888,20582,26306,25814,11760,14054
3017,C4114,22,409,District - Durg (10),70-74,52831,25259,27572,34221,15755,18466,18610,9504,9106
3018,C4114,22,409,District - Durg (10),75-79,24015,11527,12488,15681,7159,8522,8334,4368,3966
3019,C4114,22,409,District - Durg (10),80+,23837,10698,13139,16043,7243,8800,7794,3455,4339
3020,C4114,22,409,District - Durg (10),Age not stated,2143,1091,1052,1466,758,708,677,333,344
3021,C4114,22,410,District - Raipur (11),All ages,4063872,2048186,2015686,2580583,1288567,1292016,1483289,759619,723670
3022,C4114,22,410,District - Raipur (11),0-4,410866,208299,202567,272553,137368,135185,138313,70931,67382
3023,C4114,22,410,District - Raipur (11),5-9,422502,215135,207367,280216,141444,138772,142286,73691,68595
3024,C4114,22,410,District - Raipur (11),10-14,461956,234989,226967,313413,158457,154956,148543,76532,72011
3025,C4114,22,410,District - Raipur (11),15-19,429067,218134,210933,282417,142184,140233,146650,75950,70700
3026,C4114,22,410,District - Raipur (11),20-24,387787,194390,193397,234038,117928,116110,153749,76462,77287
3027,C4114,22,410,District - Raipur (11),25-29,342121,173600,168521,198963,101540,97423,143158,72060,71098
3028,C4114,22,410,District - Raipur (11),30-34,300993,150199,150794,176304,86395,89909,124689,63804,60885
3029,C4114,22,410,District - Raipur (11),35-39,287984,145597,142387,173237,86427,86810,114747,59170,55577
3030,C4114,22,410,District - Raipur (11),40-44,246581,125239,121342,151135,75096,76039,95446,50143,45303
3031,C4114,22,410,District - Raipur (11),45-49,202597,107227,95370,124702,65699,59003,77895,41528,36367
3032,C4114,22,410,District - Raipur (11),50-54,146332,75026,71306,90082,45338,44744,56250,29688,26562
3033,C4114,22,410,District - Raipur (11),55-59,116483,57349,59134,74681,35922,38759,41802,21427,20375
3034,C4114,22,410,District - Raipur (11),60-64,109413,51291,58122,73689,33511,40178,35724,17780,17944
3035,C4114,22,410,District - Raipur (11),65-69,80546,36846,43700,56860,25516,31344,23686,11330,12356
3036,C4114,22,410,District - Raipur (11),70-74,54610,25227,29383,38384,17573,20811,16226,7654,8572
3037,C4114,22,410,District - Raipur (11),75-79,25159,11449,13710,17095,7601,9494,8064,3848,4216
3038,C4114,22,410,District - Raipur (11),80+,27641,12247,15394,18384,8275,10109,9257,3972,5285
3039,C4114,22,410,District - Raipur (11),Age not stated,11234,5942,5292,4430,2293,2137,6804,3649,3155
3040,C4114,22,411,District - Mahasamund (12),All ages,1032754,511967,520787,912602,451691,460911,120152,60276,59876
3041,C4114,22,411,District - Mahasamund (12),0-4,94250,47758,46492,83556,42308,41248,10694,5450,5244
3042,C4114,22,411,District - Mahasamund (12),5-9,98532,50042,48490,87433,44336,43097,11099,5706,5393
3043,C4114,22,411,District - Mahasamund (12),10-14,113780,57143,56637,101402,50904,50498,12378,6239,6139
3044,C4114,22,411,District - Mahasamund (12),15-19,108701,54607,54094,96040,48198,47842,12661,6409,6252
3045,C4114,22,411,District - Mahasamund (12),20-24,90455,45250,45205,78441,39271,39170,12014,5979,6035
3046,C4114,22,411,District - Mahasamund (12),25-29,76826,38471,38355,66438,33240,33198,10388,5231,5157
3047,C4114,22,411,District - Mahasamund (12),30-34,72223,34516,37707,62851,29861,32990,9372,4655,4717
3048,C4114,22,411,District - Mahasamund (12),35-39,74757,36805,37952,65990,32488,33502,8767,4317,4450
3049,C4114,22,411,District - Mahasamund (12),40-44,67594,33378,34216,59742,29496,30246,7852,3882,3970
3050,C4114,22,411,District - Mahasamund (12),45-49,57435,29914,27521,50540,26326,24214,6895,3588,3307
3051,C4114,22,411,District - Mahasamund (12),50-54,43155,21687,21468,37937,18946,18991,5218,2741,2477
3052,C4114,22,411,District - Mahasamund (12),55-59,36625,17719,18906,32743,15752,16991,3882,1967,1915
3053,C4114,22,411,District - Mahasamund (12),60-64,35128,16110,19018,31744,14472,17272,3384,1638,1746
3054,C4114,22,411,District - Mahasamund (12),65-69,27207,12228,14979,24854,11140,13714,2353,1088,1265
3055,C4114,22,411,District - Mahasamund (12),70-74,18778,8666,10112,17235,7978,9257,1543,688,855
3056,C4114,22,411,District - Mahasamund (12),75-79,8257,3628,4629,7525,3303,4222,732,325,407
3057,C4114,22,411,District - Mahasamund (12),80+,8676,3842,4834,7842,3514,4328,834,328,506
3058,C4114,22,411,District - Mahasamund (12),Age not stated,375,203,172,289,158,131,86,45,41
3059,C4114,22,412,District - Dhamtari  (13),All ages,799781,397897,401884,650586,323420,327166,149195,74477,74718
3060,C4114,22,412,District - Dhamtari  (13),0-4,71667,36307,35360,59369,30126,29243,12298,6181,6117
3061,C4114,22,412,District - Dhamtari  (13),5-9,76061,38095,37966,62975,31472,31503,13086,6623,6463
3062,C4114,22,412,District - Dhamtari  (13),10-14,86560,43222,43338,71413,35574,35839,15147,7648,7499
3063,C4114,22,412,District - Dhamtari  (13),15-19,84876,42563,42313,69451,34705,34746,15425,7858,7567
3064,C4114,22,412,District - Dhamtari  (13),20-24,77438,38650,38788,62140,31025,31115,15298,7625,7673
3065,C4114,22,412,District - Dhamtari  (13),25-29,64523,32920,31603,51590,26327,25263,12933,6593,6340
3066,C4114,22,412,District - Dhamtari  (13),30-34,58296,28588,29708,46760,22921,23839,11536,5667,5869
3067,C4114,22,412,District - Dhamtari  (13),35-39,58757,29434,29323,47280,23732,23548,11477,5702,5775
3068,C4114,22,412,District - Dhamtari  (13),40-44,51551,25512,26039,41585,20492,21093,9966,5020,4946
3069,C4114,22,412,District - Dhamtari  (13),45-49,44417,23223,21194,35671,18775,16896,8746,4448,4298
3070,C4114,22,412,District - Dhamtari  (13),50-54,32419,16323,16096,25968,13025,12943,6451,3298,3153
3071,C4114,22,412,District - Dhamtari  (13),55-59,26652,13062,13590,21633,10539,11094,5019,2523,2496
3072,C4114,22,412,District - Dhamtari  (13),60-64,24210,11268,12942,19849,9183,10666,4361,2085,2276
3073,C4114,22,412,District - Dhamtari  (13),65-69,17778,7855,9923,14794,6543,8251,2984,1312,1672
3074,C4114,22,412,District - Dhamtari  (13),70-74,12555,5568,6987,10404,4624,5780,2151,944,1207
3075,C4114,22,412,District - Dhamtari  (13),75-79,5909,2650,3259,4819,2192,2627,1090,458,632
3076,C4114,22,412,District - Dhamtari  (13),80+,5906,2550,3356,4738,2087,2651,1168,463,705
3077,C4114,22,412,District - Dhamtari  (13),Age not stated,206,107,99,147,78,69,59,29,30
3078,C4114,22,413,District - Uttar Bastar Kanker (14),All ages,748941,373338,375603,672180,335149,337031,76761,38189,38572
3079,C4114,22,413,District - Uttar Bastar Kanker (14),0-4,69218,35046,34172,63316,32033,31283,5902,3013,2889
3080,C4114,22,413,District - Uttar Bastar Kanker (14),5-9,77920,39335,38585,71053,35925,35128,6867,3410,3457
3081,C4114,22,413,District - Uttar Bastar Kanker (14),10-14,80630,40730,39900,73018,37060,35958,7612,3670,3942
3082,C4114,22,413,District - Uttar Bastar Kanker (14),15-19,76068,38358,37710,68264,34547,33717,7804,3811,3993
3083,C4114,22,413,District - Uttar Bastar Kanker (14),20-24,72327,35443,36884,64209,31540,32669,8118,3903,4215
3084,C4114,22,413,District - Uttar Bastar Kanker (14),25-29,61435,31237,30198,54397,27712,26685,7038,3525,3513
3085,C4114,22,413,District - Uttar Bastar Kanker (14),30-34,52959,26543,26416,46691,23383,23308,6268,3160,3108
3086,C4114,22,413,District - Uttar Bastar Kanker (14),35-39,52546,26482,26064,46449,23424,23025,6097,3058,3039
3087,C4114,22,413,District - Uttar Bastar Kanker (14),40-44,48545,23932,24613,43012,21056,21956,5533,2876,2657
3088,C4114,22,413,District - Uttar Bastar Kanker (14),45-49,43553,22482,21071,38918,20102,18816,4635,2380,2255
3089,C4114,22,413,District - Uttar Bastar Kanker (14),50-54,32143,16144,15999,28632,14313,14319,3511,1831,1680
3090,C4114,22,413,District - Uttar Bastar Kanker (14),55-59,24828,12298,12530,22285,10975,11310,2543,1323,1220
3091,C4114,22,413,District - Uttar Bastar Kanker (14),60-64,21061,9846,11215,19226,8933,10293,1835,913,922
3092,C4114,22,413,District - Uttar Bastar Kanker (14),65-69,14673,6419,8254,13408,5834,7574,1265,585,680
3093,C4114,22,413,District - Uttar Bastar Kanker (14),70-74,10485,4600,5885,9618,4238,5380,867,362,505
3094,C4114,22,413,District - Uttar Bastar Kanker (14),75-79,4772,2022,2750,4379,1847,2532,393,175,218
3095,C4114,22,413,District - Uttar Bastar Kanker (14),80+,5488,2287,3201,5045,2111,2934,443,176,267
3096,C4114,22,413,District - Uttar Bastar Kanker (14),Age not stated,290,134,156,260,116,144,30,18,12
3097,C4114,22,414,District - Bastar (15),All ages,1413199,698487,714712,1219705,600652,619053,193494,97835,95659
3098,C4114,22,414,District - Bastar (15),0-4,148265,74220,74045,132690,66152,66538,15575,8068,7507
3099,C4114,22,414,District - Bastar (15),5-9,166765,83779,82986,149750,75058,74692,17015,8721,8294
3100,C4114,22,414,District - Bastar (15),10-14,161362,80848,80514,142284,71197,71087,19078,9651,9427
3101,C4114,22,414,District - Bastar (15),15-19,137808,68048,69760,118400,58252,60148,19408,9796,9612
3102,C4114,22,414,District - Bastar (15),20-24,133562,63617,69945,112754,53096,59658,20808,10521,10287
3103,C4114,22,414,District - Bastar (15),25-29,116510,59051,57459,97706,49258,48448,18804,9793,9011
3104,C4114,22,414,District - Bastar (15),30-34,99622,49330,50292,83998,41331,42667,15624,7999,7625
3105,C4114,22,414,District - Bastar (15),35-39,96869,48130,48739,82165,40852,41313,14704,7278,7426
3106,C4114,22,414,District - Bastar (15),40-44,85816,42405,43411,72562,35690,36872,13254,6715,6539
3107,C4114,22,414,District - Bastar (15),45-49,75850,38422,37428,64357,32570,31787,11493,5852,5641
3108,C4114,22,414,District - Bastar (15),50-54,55792,28376,27416,47144,23960,23184,8648,4416,4232
3109,C4114,22,414,District - Bastar (15),55-59,42785,20570,22215,36506,17418,19088,6279,3152,3127
3110,C4114,22,414,District - Bastar (15),60-64,38056,17809,20247,32892,15378,17514,5164,2431,2733
3111,C4114,22,414,District - Bastar (15),65-69,24348,10662,13686,21126,9167,11959,3222,1495,1727
3112,C4114,22,414,District - Bastar (15),70-74,15796,7074,8722,13565,6092,7473,2231,982,1249
3113,C4114,22,414,District - Bastar (15),75-79,6150,2671,3479,5133,2212,2921,1017,459,558
3114,C4114,22,414,District - Bastar (15),80+,6642,2847,3795,5588,2410,3178,1054,437,617
3115,C4114,22,414,District - Bastar (15),Age not stated,1201,628,573,1085,559,526,116,69,47
3116,C4114,22,415,District - Narayanpur (16),All ages,139820,70104,69716,117714,58653,59061,22106,11451,10655
3117,C4114,22,415,District - Narayanpur (16),0-4,15325,7718,7607,13606,6837,6769,1719,881,838
3118,C4114,22,415,District - Narayanpur (16),5-9,20428,10418,10010,18192,9219,8973,2236,1199,1037
3119,C4114,22,415,District - Narayanpur (16),10-14,18274,9251,9023,15663,7835,7828,2611,1416,1195
3120,C4114,22,415,District - Narayanpur (16),15-19,13518,6665,6853,11042,5431,5611,2476,1234,1242
3121,C4114,22,415,District - Narayanpur (16),20-24,12454,5890,6564,9934,4620,5314,2520,1270,1250
3122,C4114,22,415,District - Narayanpur (16),25-29,11339,5953,5386,9143,4782,4361,2196,1171,1025
3123,C4114,22,415,District - Narayanpur (16),30-34,9542,4889,4653,7843,3989,3854,1699,900,799
3124,C4114,22,415,District - Narayanpur (16),35-39,9379,4697,4682,7808,3875,3933,1571,822,749
3125,C4114,22,415,District - Narayanpur (16),40-44,8217,4263,3954,6868,3554,3314,1349,709,640
3126,C4114,22,415,District - Narayanpur (16),45-49,6818,3518,3300,5705,2947,2758,1113,571,542
3127,C4114,22,415,District - Narayanpur (16),50-54,4706,2504,2202,3864,2058,1806,842,446,396
3128,C4114,22,415,District - Narayanpur (16),55-59,3189,1485,1704,2571,1169,1402,618,316,302
3129,C4114,22,415,District - Narayanpur (16),60-64,2863,1262,1601,2421,1056,1365,442,206,236
3130,C4114,22,415,District - Narayanpur (16),65-69,1688,720,968,1416,605,811,272,115,157
3131,C4114,22,415,District - Narayanpur (16),70-74,1044,439,605,871,353,518,173,86,87
3132,C4114,22,415,District - Narayanpur (16),75-79,386,142,244,292,109,183,94,33,61
3133,C4114,22,415,District - Narayanpur (16),80+,491,206,285,359,158,201,132,48,84
3134,C4114,22,415,District - Narayanpur (16),Age not stated,159,84,75,116,56,60,43,28,15
3135,C4114,22,416,District - Dakshin Bastar Dantewada (17),All ages,533638,264142,269496,437405,213930,223475,96233,50212,46021
3136,C4114,22,416,District - Dakshin Bastar Dantewada (17),0-4,51792,25673,26119,43597,21503,22094,8195,4170,4025
3137,C4114,22,416,District - Dakshin Bastar Dantewada (17),5-9,71719,37074,34645,60868,31402,29466,10851,5672,5179
3138,C4114,22,416,District - Dakshin Bastar Dantewada (17),10-14,62909,32507,30402,52702,27195,25507,10207,5312,4895
3139,C4114,22,416,District - Dakshin Bastar Dantewada (17),15-19,51228,24231,26997,42240,19558,22682,8988,4673,4315
3140,C4114,22,416,District - Dakshin Bastar Dantewada (17),20-24,50796,23610,27186,40568,18428,22140,10228,5182,5046
3141,C4114,22,416,District - Dakshin Bastar Dantewada (17),25-29,46543,23701,22842,36396,18335,18061,10147,5366,4781
3142,C4114,22,416,District - Dakshin Bastar Dantewada (17),30-34,38611,19412,19199,30343,14928,15415,8268,4484,3784
3143,C4114,22,416,District - Dakshin Bastar Dantewada (17),35-39,38817,19283,19534,31396,15308,16088,7421,3975,3446
3144,C4114,22,416,District - Dakshin Bastar Dantewada (17),40-44,33563,16937,16626,27899,13903,13996,5664,3034,2630
3145,C4114,22,416,District - Dakshin Bastar Dantewada (17),45-49,29197,14719,14478,24181,12092,12089,5016,2627,2389
3146,C4114,22,416,District - Dakshin Bastar Dantewada (17),50-54,19757,10093,9664,16041,8240,7801,3716,1853,1863
3147,C4114,22,416,District - Dakshin Bastar Dantewada (17),55-59,14124,6608,7516,11112,4909,6203,3012,1699,1313
3148,C4114,22,416,District - Dakshin Bastar Dantewada (17),60-64,11434,4964,6470,9397,3970,5427,2037,994,1043
3149,C4114,22,416,District - Dakshin Bastar Dantewada (17),65-69,6479,2568,3911,5349,2018,3331,1130,550,580
3150,C4114,22,416,District - Dakshin Bastar Dantewada (17),70-74,3674,1468,2206,2997,1164,1833,677,304,373
3151,C4114,22,416,District - Dakshin Bastar Dantewada (17),75-79,1264,513,751,983,374,609,281,139,142
3152,C4114,22,416,District - Dakshin Bastar Dantewada (17),80+,1438,594,844,1082,443,639,356,151,205
3153,C4114,22,416,District - Dakshin Bastar Dantewada (17),Age not stated,293,187,106,254,160,94,39,27,12
3154,C4114,22,417,District - Bijapur (18),All ages,255230,128663,126567,225630,113344,112286,29600,15319,14281
3155,C4114,22,417,District - Bijapur (18),0-4,26719,13331,13388,24060,12002,12058,2659,1329,1330
3156,C4114,22,417,District - Bijapur (18),5-9,40354,21279,19075,36516,19216,17300,3838,2063,1775
3157,C4114,22,417,District - Bijapur (18),10-14,31294,16482,14812,27694,14695,12999,3600,1787,1813
3158,C4114,22,417,District - Bijapur (18),15-19,23340,11222,12118,20386,9820,10566,2954,1402,1552
3159,C4114,22,417,District - Bijapur (18),20-24,23310,10948,12362,19960,9301,10659,3350,1647,1703
3160,C4114,22,417,District - Bijapur (18),25-29,22331,11745,10586,18949,9875,9074,3382,1870,1512
3161,C4114,22,417,District - Bijapur (18),30-34,17574,8832,8742,15160,7487,7673,2414,1345,1069
3162,C4114,22,417,District - Bijapur (18),35-39,17908,8862,9046,15823,7760,8063,2085,1102,983
3163,C4114,22,417,District - Bijapur (18),40-44,15466,7987,7479,13792,7032,6760,1674,955,719
3164,C4114,22,417,District - Bijapur (18),45-49,12854,6536,6318,11609,5847,5762,1245,689,556
3165,C4114,22,417,District - Bijapur (18),50-54,8689,4518,4171,7851,4084,3767,838,434,404
3166,C4114,22,417,District - Bijapur (18),55-59,5801,2818,2983,5232,2526,2706,569,292,277
3167,C4114,22,417,District - Bijapur (18),60-64,4788,2125,2663,4335,1942,2393,453,183,270
3168,C4114,22,417,District - Bijapur (18),65-69,2326,939,1387,2066,834,1232,260,105,155
3169,C4114,22,417,District - Bijapur (18),70-74,1323,543,780,1186,486,700,137,57,80
3170,C4114,22,417,District - Bijapur (18),75-79,434,171,263,380,150,230,54,21,33
3171,C4114,22,417,District - Bijapur (18),80+,566,248,318,488,218,270,78,30,48
3172,C4114,22,417,District - Bijapur (18),Age not stated,153,77,76,143,69,74,10,8,2
3173,C4114,25,0,State - DAMAN & DIU (25),All ages,243247,150301,92946,60396,32395,28001,182851,117906,64945
3174,C4114,25,0,State - DAMAN & DIU (25),0-4,19158,10020,9138,5174,2692,2482,13984,7328,6656
3175,C4114,25,0,State - DAMAN & DIU (25),5-9,18506,9828,8678,5767,2982,2785,12739,6846,5893
3176,C4114,25,0,State - DAMAN & DIU (25),10-14,17321,9300,8021,6335,3302,3033,10986,5998,4988
3177,C4114,25,0,State - DAMAN & DIU (25),15-19,26314,18239,8075,6655,3766,2889,19659,14473,5186
3178,C4114,25,0,State - DAMAN & DIU (25),20-24,38584,27925,10659,7024,4117,2907,31560,23808,7752
3179,C4114,25,0,State - DAMAN & DIU (25),25-29,33181,22044,11137,6125,3416,2709,27056,18628,8428
3180,C4114,25,0,State - DAMAN & DIU (25),30-34,24031,15314,8717,5077,2823,2254,18954,12491,6463
3181,C4114,25,0,State - DAMAN & DIU (25),35-39,19550,12255,7295,4681,2601,2080,14869,9654,5215
3182,C4114,25,0,State - DAMAN & DIU (25),40-44,13601,8384,5217,3489,1905,1584,10112,6479,3633
3183,C4114,25,0,State - DAMAN & DIU (25),45-49,9618,5649,3969,2766,1496,1270,6852,4153,2699
3184,C4114,25,0,State - DAMAN & DIU (25),50-54,6610,3646,2964,2090,1047,1043,4520,2599,1921
3185,C4114,25,0,State - DAMAN & DIU (25),55-59,5056,2576,2480,1547,740,807,3509,1836,1673
3186,C4114,25,0,State - DAMAN & DIU (25),60-64,4308,1977,2331,1388,592,796,2920,1385,1535
3187,C4114,25,0,State - DAMAN & DIU (25),65-69,2753,1182,1571,870,374,496,1883,808,1075
3188,C4114,25,0,State - DAMAN & DIU (25),70-74,2103,841,1262,675,275,400,1428,566,862
3189,C4114,25,0,State - DAMAN & DIU (25),75-79,1067,437,630,314,112,202,753,325,428
3190,C4114,25,0,State - DAMAN & DIU (25),80+,1130,436,694,336,112,224,794,324,470
3191,C4114,25,0,State - DAMAN & DIU (25),Age not stated,356,248,108,83,43,40,273,205,68
3192,C4114,25,494,District - Diu (01),All ages,52074,25642,26432,28083,14028,14055,23991,11614,12377
3193,C4114,25,494,District - Diu (01),0-4,4449,2320,2129,2745,1420,1325,1704,900,804
3194,C4114,25,494,District - Diu (01),5-9,5299,2744,2555,3289,1683,1606,2010,1061,949
3195,C4114,25,494,District - Diu (01),10-14,5793,2958,2835,3632,1867,1765,2161,1091,1070
3196,C4114,25,494,District - Diu (01),15-19,5467,2721,2746,3225,1620,1605,2242,1101,1141
3197,C4114,25,494,District - Diu (01),20-24,4892,2520,2372,2784,1491,1293,2108,1029,1079
3198,C4114,25,494,District - Diu (01),25-29,4575,2265,2310,2477,1241,1236,2098,1024,1074
3199,C4114,25,494,District - Diu (01),30-34,4167,2073,2094,2107,1068,1039,2060,1005,1055
3200,C4114,25,494,District - Diu (01),35-39,3875,1976,1899,1886,962,924,1989,1014,975
3201,C4114,25,494,District - Diu (01),40-44,3261,1654,1607,1514,760,754,1747,894,853
3202,C4114,25,494,District - Diu (01),45-49,2629,1258,1371,1209,599,610,1420,659,761
3203,C4114,25,494,District - Diu (01),50-54,2006,936,1070,893,418,475,1113,518,595
3204,C4114,25,494,District - Diu (01),55-59,1713,759,954,679,298,381,1034,461,573
3205,C4114,25,494,District - Diu (01),60-64,1412,568,844,596,223,373,816,345,471
3206,C4114,25,494,District - Diu (01),65-69,913,350,563,376,157,219,537,193,344
3207,C4114,25,494,District - Diu (01),70-74,775,271,504,330,120,210,445,151,294
3208,C4114,25,494,District - Diu (01),75-79,428,148,280,155,51,104,273,97,176
3209,C4114,25,494,District - Diu (01),80+,352,93,259,149,34,115,203,59,144
3210,C4114,25,494,District - Diu (01),Age not stated,68,28,40,37,16,21,31,12,19
3211,C4114,25,495,District - Daman (02),All ages,191173,124659,66514,32313,18367,13946,158860,106292,52568
3212,C4114,25,495,District - Daman (02),0-4,14709,7700,7009,2429,1272,1157,12280,6428,5852
3213,C4114,25,495,District - Daman (02),5-9,13207,7084,6123,2478,1299,1179,10729,5785,4944
3214,C4114,25,495,District - Daman (02),10-14,11528,6342,5186,2703,1435,1268,8825,4907,3918
3215,C4114,25,495,District - Daman (02),15-19,20847,15518,5329,3430,2146,1284,17417,13372,4045
3216,C4114,25,495,District - Daman (02),20-24,33692,25405,8287,4240,2626,1614,29452,22779,6673
3217,C4114,25,495,District - Daman (02),25-29,28606,19779,8827,3648,2175,1473,24958,17604,7354
3218,C4114,25,495,District - Daman (02),30-34,19864,13241,6623,2970,1755,1215,16894,11486,5408
3219,C4114,25,495,District - Daman (02),35-39,15675,10279,5396,2795,1639,1156,12880,8640,4240
3220,C4114,25,495,District - Daman (02),40-44,10340,6730,3610,1975,1145,830,8365,5585,2780
3221,C4114,25,495,District - Daman (02),45-49,6989,4391,2598,1557,897,660,5432,3494,1938
3222,C4114,25,495,District - Daman (02),50-54,4604,2710,1894,1197,629,568,3407,2081,1326
3223,C4114,25,495,District - Daman (02),55-59,3343,1817,1526,868,442,426,2475,1375,1100
3224,C4114,25,495,District - Daman (02),60-64,2896,1409,1487,792,369,423,2104,1040,1064
3225,C4114,25,495,District - Daman (02),65-69,1840,832,1008,494,217,277,1346,615,731
3226,C4114,25,495,District - Daman (02),70-74,1328,570,758,345,155,190,983,415,568
3227,C4114,25,495,District - Daman (02),75-79,639,289,350,159,61,98,480,228,252
3228,C4114,25,495,District - Daman (02),80+,778,343,435,187,78,109,591,265,326
3229,C4114,25,495,District - Daman (02),Age not stated,288,220,68,46,27,19,242,193,49
3230,C4114,26,0,State - DADRA & NAGAR HAVELI (26),All ages,343709,193760,149949,183114,98305,84809,160595,95455,65140
3231,C4114,26,0,State - DADRA & NAGAR HAVELI (26),0-4,36561,18902,17659,20601,10410,10191,15960,8492,7468
3232,C4114,26,0,State - DADRA & NAGAR HAVELI (26),5-9,36249,19059,17190,21040,10794,10246,15209,8265,6944
3233,C4114,26,0,State - DADRA & NAGAR HAVELI (26),10-14,35003,18385,16618,22352,11564,10788,12651,6821,5830
3234,C4114,26,0,State - DADRA & NAGAR HAVELI (26),15-19,33104,19979,13125,19013,10775,8238,14091,9204,4887
3235,C4114,26,0,State - DADRA & NAGAR HAVELI (26),20-24,44301,27595,16706,21932,13066,8866,22369,14529,7840
3236,C4114,26,0,State - DADRA & NAGAR HAVELI (26),25-29,39885,23496,16389,17657,10255,7402,22228,13241,8987
3237,C4114,26,0,State - DADRA & NAGAR HAVELI (26),30-34,30641,17957,12684,13100,7322,5778,17541,10635,6906
3238,C4114,26,0,State - DADRA & NAGAR HAVELI (26),35-39,25277,14862,10415,11438,6209,5229,13839,8653,5186
3239,C4114,26,0,State - DADRA & NAGAR HAVELI (26),40-44,18181,10554,7627,9353,4938,4415,8828,5616,3212
3240,C4114,26,0,State - DADRA & NAGAR HAVELI (26),45-49,13789,7671,6118,7831,4059,3772,5958,3612,2346
3241,C4114,26,0,State - DADRA & NAGAR HAVELI (26),50-54,9503,5215,4288,5728,3014,2714,3775,2201,1574
3242,C4114,26,0,State - DADRA & NAGAR HAVELI (26),55-59,6951,3526,3425,4211,2036,2175,2740,1490,1250
3243,C4114,26,0,State - DADRA & NAGAR HAVELI (26),60-64,5831,2794,3037,3716,1690,2026,2115,1104,1011
3244,C4114,26,0,State - DADRA & NAGAR HAVELI (26),65-69,3716,1755,1961,2361,1067,1294,1355,688,667
3245,C4114,26,0,State - DADRA & NAGAR HAVELI (26),70-74,2309,973,1336,1485,587,898,824,386,438
3246,C4114,26,0,State - DADRA & NAGAR HAVELI (26),75-79,958,394,564,559,208,351,399,186,213
3247,C4114,26,0,State - DADRA & NAGAR HAVELI (26),80+,1078,443,635,517,198,319,561,245,316
3248,C4114,26,0,State - DADRA & NAGAR HAVELI (26),Age not stated,372,200,172,220,113,107,152,87,65
3249,C4114,26,496,District - Dadra & Nagar Haveli (01),All ages,343709,193760,149949,183114,98305,84809,160595,95455,65140
3250,C4114,26,496,District - Dadra & Nagar Haveli (01),0-4,36561,18902,17659,20601,10410,10191,15960,8492,7468
3251,C4114,26,496,District - Dadra & Nagar Haveli (01),5-9,36249,19059,17190,21040,10794,10246,15209,8265,6944
3252,C4114,26,496,District - Dadra & Nagar Haveli (01),10-14,35003,18385,16618,22352,11564,10788,12651,6821,5830
3253,C4114,26,496,District - Dadra & Nagar Haveli (01),15-19,33104,19979,13125,19013,10775,8238,14091,9204,4887
3254,C4114,26,496,District - Dadra & Nagar Haveli (01),20-24,44301,27595,16706,21932,13066,8866,22369,14529,7840
3255,C4114,26,496,District - Dadra & Nagar Haveli (01),25-29,39885,23496,16389,17657,10255,7402,22228,13241,8987
3256,C4114,26,496,District - Dadra & Nagar Haveli (01),30-34,30641,17957,12684,13100,7322,5778,17541,10635,6906
3257,C4114,26,496,District - Dadra & Nagar Haveli (01),35-39,25277,14862,10415,11438,6209,5229,13839,8653,5186
3258,C4114,26,496,District - Dadra & Nagar Haveli (01),40-44,18181,10554,7627,9353,4938,4415,8828,5616,3212
3259,C4114,26,496,District - Dadra & Nagar Haveli (01),45-49,13789,7671,6118,7831,4059,3772,5958,3612,2346
3260,C4114,26,496,District - Dadra & Nagar Haveli (01),50-54,9503,5215,4288,5728,3014,2714,3775,2201,1574
3261,C4114,26,496,District - Dadra & Nagar Haveli (01),55-59,6951,3526,3425,4211,2036,2175,2740,1490,1250
3262,C4114,26,496,District - Dadra & Nagar Haveli (01),60-64,5831,2794,3037,3716,1690,2026,2115,1104,1011
3263,C4114,26,496,District - Dadra & Nagar Haveli (01),65-69,3716,1755,1961,2361,1067,1294,1355,688,667
3264,C4114,26,496,District - Dadra & Nagar Haveli (01),70-74,2309,973,1336,1485,587,898,824,386,438
3265,C4114,26,496,District - Dadra & Nagar Haveli (01),75-79,958,394,564,559,208,351,399,186,213
3266,C4114,26,496,District - Dadra & Nagar Haveli (01),80+,1078,443,635,517,198,319,561,245,316
3267,C4114,26,496,District - Dadra & Nagar Haveli (01),Age not stated,372,200,172,220,113,107,152,87,65
3268,C4114,30,0,State - GOA (30),All ages,1458545,739140,719405,551731,275436,276295,906814,463704,443110
3269,C4114,30,0,State - GOA (30),0-4,101203,52017,49186,37839,19432,18407,63364,32585,30779
3270,C4114,30,0,State - GOA (30),5-9,105968,54672,51296,39364,20165,19199,66604,34507,32097
3271,C4114,30,0,State - GOA (30),10-14,110989,57417,53572,41666,21304,20362,69323,36113,33210
3272,C4114,30,0,State - GOA (30),15-19,113875,60075,53800,42371,22000,20371,71504,38075,33429
3273,C4114,30,0,State - GOA (30),20-24,130745,70616,60129,47290,24590,22700,83455,46026,37429
3274,C4114,30,0,State - GOA (30),25-29,132626,67744,64882,49917,25250,24667,82709,42494,40215
3275,C4114,30,0,State - GOA (30),30-34,125859,63471,62388,48264,24210,24054,77595,39261,38334
3276,C4114,30,0,State - GOA (30),35-39,126298,63541,62757,48386,24268,24118,77912,39273,38639
3277,C4114,30,0,State - GOA (30),40-44,108512,55504,53008,40382,20562,19820,68130,34942,33188
3278,C4114,30,0,State - GOA (30),45-49,94736,47867,46869,35607,17794,17813,59129,30073,29056
3279,C4114,30,0,State - GOA (30),50-54,76592,38782,37810,28856,14247,14609,47736,24535,23201
3280,C4114,30,0,State - GOA (30),55-59,65553,32021,33532,25084,12044,13040,40469,19977,20492
3281,C4114,30,0,State - GOA (30),60-64,61104,29100,32004,24296,11280,13016,36808,17820,18988
3282,C4114,30,0,State - GOA (30),65-69,41019,19005,22014,16890,7627,9263,24129,11378,12751
3283,C4114,30,0,State - GOA (30),70-74,29055,12890,16165,11833,5024,6809,17222,7866,9356
3284,C4114,30,0,State - GOA (30),75-79,16536,7228,9308,6436,2742,3694,10100,4486,5614
3285,C4114,30,0,State - GOA (30),80+,15781,6092,9689,6332,2413,3919,9449,3679,5770
3286,C4114,30,0,State - GOA (30),Age not stated,2094,1098,996,918,484,434,1176,614,562
3287,C4114,30,585,District - North Goa (01),All ages,818008,416677,401331,324927,163908,161019,493081,252769,240312
3288,C4114,30,585,District - North Goa (01),0-4,54541,28070,26471,21543,11152,10391,32998,16918,16080
3289,C4114,30,585,District - North Goa (01),5-9,56807,29365,27442,22421,11500,10921,34386,17865,16521
3290,C4114,30,585,District - North Goa (01),10-14,60662,31413,29249,24125,12513,11612,36537,18900,17637
3291,C4114,30,585,District - North Goa (01),15-19,62122,32901,29221,24435,12738,11697,37687,20163,17524
3292,C4114,30,585,District - North Goa (01),20-24,72667,39675,32992,27678,14470,13208,44989,25205,19784
3293,C4114,30,585,District - North Goa (01),25-29,74127,38299,35828,29719,15295,14424,44408,23004,21404
3294,C4114,30,585,District - North Goa (01),30-34,71992,36543,35449,29351,14922,14429,42641,21621,21020
3295,C4114,30,585,District - North Goa (01),35-39,72517,36705,35812,29341,14783,14558,43176,21922,21254
3296,C4114,30,585,District - North Goa (01),40-44,61970,31786,30184,24452,12628,11824,37518,19158,18360
3297,C4114,30,585,District - North Goa (01),45-49,54054,27461,26593,21233,10753,10480,32821,16708,16113
3298,C4114,30,585,District - North Goa (01),50-54,43781,22457,21324,17081,8614,8467,26700,13843,12857
3299,C4114,30,585,District - North Goa (01),55-59,37319,18264,19055,14539,7044,7495,22780,11220,11560
3300,C4114,30,585,District - North Goa (01),60-64,34703,16579,18124,14170,6582,7588,20533,9997,10536
3301,C4114,30,585,District - North Goa (01),65-69,23821,11074,12747,9981,4503,5478,13840,6571,7269
3302,C4114,30,585,District - North Goa (01),70-74,16837,7503,9334,7010,3024,3986,9827,4479,5348
3303,C4114,30,585,District - North Goa (01),75-79,9393,4188,5205,3610,1610,2000,5783,2578,3205
3304,C4114,30,585,District - North Goa (01),80+,9181,3607,5574,3521,1398,2123,5660,2209,3451
3305,C4114,30,585,District - North Goa (01),Age not stated,1514,787,727,717,379,338,797,408,389
3306,C4114,30,586,District - South Goa (02),All ages,640537,322463,318074,226804,111528,115276,413733,210935,202798
3307,C4114,30,586,District - South Goa (02),0-4,46662,23947,22715,16296,8280,8016,30366,15667,14699
3308,C4114,30,586,District - South Goa (02),5-9,49161,25307,23854,16943,8665,8278,32218,16642,15576
3309,C4114,30,586,District - South Goa (02),10-14,50327,26004,24323,17541,8791,8750,32786,17213,15573
3310,C4114,30,586,District - South Goa (02),15-19,51753,27174,24579,17936,9262,8674,33817,17912,15905
3311,C4114,30,586,District - South Goa (02),20-24,58078,30941,27137,19612,10120,9492,38466,20821,17645
3312,C4114,30,586,District - South Goa (02),25-29,58499,29445,29054,20198,9955,10243,38301,19490,18811
3313,C4114,30,586,District - South Goa (02),30-34,53867,26928,26939,18913,9288,9625,34954,17640,17314
3314,C4114,30,586,District - South Goa (02),35-39,53781,26836,26945,19045,9485,9560,34736,17351,17385
3315,C4114,30,586,District - South Goa (02),40-44,46542,23718,22824,15930,7934,7996,30612,15784,14828
3316,C4114,30,586,District - South Goa (02),45-49,40682,20406,20276,14374,7041,7333,26308,13365,12943
3317,C4114,30,586,District - South Goa (02),50-54,32811,16325,16486,11775,5633,6142,21036,10692,10344
3318,C4114,30,586,District - South Goa (02),55-59,28234,13757,14477,10545,5000,5545,17689,8757,8932
3319,C4114,30,586,District - South Goa (02),60-64,26401,12521,13880,10126,4698,5428,16275,7823,8452
3320,C4114,30,586,District - South Goa (02),65-69,17198,7931,9267,6909,3124,3785,10289,4807,5482
3321,C4114,30,586,District - South Goa (02),70-74,12218,5387,6831,4823,2000,2823,7395,3387,4008
3322,C4114,30,586,District - South Goa (02),75-79,7143,3040,4103,2826,1132,1694,4317,1908,2409
3323,C4114,30,586,District - South Goa (02),80+,6600,2485,4115,2811,1015,1796,3789,1470,2319
3324,C4114,30,586,District - South Goa (02),Age not stated,580,311,269,201,105,96,379,206,173
3325,C4114,7,0,State - NCT OF DELHI (07),All ages,16787941,8987326,7800615,419042,226321,192721,16368899,8761005,7607894
3326,C4114,7,0,State - NCT OF DELHI (07),0-4,1381200,734336,646864,39125,21481,17644,1342075,712855,629220
3327,C4114,7,0,State - NCT OF DELHI (07),5-9,1535972,829487,706485,42594,23698,18896,1493378,805789,687589
3328,C4114,7,0,State - NCT OF DELHI (07),10-14,1648147,895446,752701,45883,25479,20404,1602264,869967,732297
3329,C4114,7,0,State - NCT OF DELHI (07),15-19,1667375,925118,742257,44367,24916,19451,1623008,900202,722806
3330,C4114,7,0,State - NCT OF DELHI (07),20-24,1764060,951411,812649,44407,23805,20602,1719653,927606,792047
3331,C4114,7,0,State - NCT OF DELHI (07),25-29,1668326,878196,790130,39250,20584,18666,1629076,857612,771464
3332,C4114,7,0,State - NCT OF DELHI (07),30-34,1434699,757455,677244,33833,17431,16402,1400866,740024,660842
3333,C4114,7,0,State - NCT OF DELHI (07),35-39,1319244,698455,620789,31648,16738,14910,1287596,681717,605879
3334,C4114,7,0,State - NCT OF DELHI (07),40-44,1097197,590858,506339,25962,14180,11782,1071235,576678,494557
3335,C4114,7,0,State - NCT OF DELHI (07),45-49,911213,495227,415986,19676,10981,8695,891537,484246,407291
3336,C4114,7,0,State - NCT OF DELHI (07),50-54,687469,376222,311247,14347,7917,6430,673122,368305,304817
3337,C4114,7,0,State - NCT OF DELHI (07),55-59,508892,269185,239707,10299,5372,4927,498593,263813,234780
3338,C4114,7,0,State - NCT OF DELHI (07),60-64,472019,238103,233916,11624,5700,5924,460395,232403,227992
3339,C4114,7,0,State - NCT OF DELHI (07),65-69,272452,139398,133054,6123,3125,2998,266329,136273,130056
3340,C4114,7,0,State - NCT OF DELHI (07),70-74,189250,94947,94303,4318,2171,2147,184932,92776,92156
3341,C4114,7,0,State - NCT OF DELHI (07),75-79,100693,50446,50247,2047,980,1067,98646,49466,49180
3342,C4114,7,0,State - NCT OF DELHI (07),80+,113031,53861,59170,3022,1482,1540,110009,52379,57630
3343,C4114,7,0,State - NCT OF DELHI (07),Age not stated,16702,9175,7527,517,281,236,16185,8894,7291
3344,C4114,7,90,District - North West (01),All ages,3656539,1960922,1695617,213950,115680,98270,3442589,1845242,1597347
3345,C4114,7,90,District - North West (01),0-4,307414,164111,143303,19871,10882,8989,287543,153229,134314
3346,C4114,7,90,District - North West (01),5-9,347124,187943,159181,22216,12322,9894,324908,175621,149287
3347,C4114,7,90,District - North West (01),10-14,375025,204688,170337,24398,13363,11035,350627,191325,159302
3348,C4114,7,90,District - North West (01),15-19,374987,210646,164341,23613,13286,10327,351374,197360,154014
3349,C4114,7,90,District - North West (01),20-24,382984,206924,176060,22889,12488,10401,360095,194436,165659
3350,C4114,7,90,District - North West (01),25-29,351057,185056,166001,19485,10334,9151,331572,174722,156850
3351,C4114,7,90,District - North West (01),30-34,299952,156903,143049,16377,8391,7986,283575,148512,135063
3352,C4114,7,90,District - North West (01),35-39,280538,147110,133428,15663,8251,7412,264875,138859,126016
3353,C4114,7,90,District - North West (01),40-44,236781,126613,110168,13210,7160,6050,223571,119453,104118
3354,C4114,7,90,District - North West (01),45-49,196153,106866,89287,10077,5589,4488,186076,101277,84799
3355,C4114,7,90,District - North West (01),50-54,147333,80981,66352,7435,4161,3274,139898,76820,63078
3356,C4114,7,90,District - North West (01),55-59,108294,56878,51416,5153,2680,2473,103141,54198,48943
3357,C4114,7,90,District - North West (01),60-64,105858,53576,52282,5965,2929,3036,99893,50647,49246
3358,C4114,7,90,District - North West (01),65-69,58706,30327,28379,3029,1562,1467,55677,28765,26912
3359,C4114,7,90,District - North West (01),70-74,39977,20511,19466,2096,1084,1012,37881,19427,18454
3360,C4114,7,90,District - North West (01),75-79,20534,10333,10201,953,450,503,19581,9883,9698
3361,C4114,7,90,District - North West (01),80+,22353,10653,11700,1376,669,707,20977,9984,10993
3362,C4114,7,90,District - North West (01),Age not stated,1469,803,666,144,79,65,1325,724,601
3363,C4114,7,91,District - North (02),All ages,887978,475002,412976,17746,9546,8200,870232,465456,404776
3364,C4114,7,91,District - North (02),0-4,70645,37522,33123,1587,833,754,69058,36689,32369
3365,C4114,7,91,District - North (02),5-9,79761,42918,36843,1989,1091,898,77772,41827,35945
3366,C4114,7,91,District - North (02),10-14,86043,46487,39556,2069,1207,862,83974,45280,38694
3367,C4114,7,91,District - North (02),15-19,88499,48534,39965,1905,1029,876,86594,47505,39089
3368,C4114,7,91,District - North (02),20-24,92874,49720,43154,1800,942,858,91074,48778,42296
3369,C4114,7,91,District - North (02),25-29,88779,46575,42204,1734,897,837,87045,45678,41367
3370,C4114,7,91,District - North (02),30-34,76867,40820,36047,1570,784,786,75297,40036,35261
3371,C4114,7,91,District - North (02),35-39,70718,37918,32800,1431,772,659,69287,37146,32141
3372,C4114,7,91,District - North (02),40-44,59201,32179,27022,1097,608,489,58104,31571,26533
3373,C4114,7,91,District - North (02),45-49,49715,26860,22855,827,476,351,48888,26384,22504
3374,C4114,7,91,District - North (02),50-54,37796,20915,16881,494,279,215,37302,20636,16666
3375,C4114,7,91,District - North (02),55-59,27369,14718,12651,362,174,188,27007,14544,12463
3376,C4114,7,91,District - North (02),60-64,24808,12650,12158,404,213,191,24404,12437,11967
3377,C4114,7,91,District - North (02),65-69,13979,7105,6874,176,95,81,13803,7010,6793
3378,C4114,7,91,District - North (02),70-74,9686,4834,4852,143,73,70,9543,4761,4782
3379,C4114,7,91,District - North (02),75-79,4917,2372,2545,64,31,33,4853,2341,2512
3380,C4114,7,91,District - North (02),80+,5958,2668,3290,92,40,52,5866,2628,3238
3381,C4114,7,91,District - North (02),Age not stated,363,207,156,2,2,0,361,205,156
3382,C4114,7,92,District - North East (03),All ages,2241624,1188425,1053199,21527,11718,9809,2220097,1176707,1043390
3383,C4114,7,92,District - North East (03),0-4,207063,109685,97378,2270,1241,1029,204793,108444,96349
3384,C4114,7,92,District - North East (03),5-9,230411,123561,106850,2629,1438,1191,227782,122123,105659
3385,C4114,7,92,District - North East (03),10-14,246457,132164,114293,2532,1394,1138,243925,130770,113155
3386,C4114,7,92,District - North East (03),15-19,250203,135292,114911,2393,1348,1045,247810,133944,113866
3387,C4114,7,92,District - North East (03),20-24,245508,129036,116472,2286,1248,1038,243222,127788,115434
3388,C4114,7,92,District - North East (03),25-29,213436,111102,102334,1920,1008,912,211516,110094,101422
3389,C4114,7,92,District - North East (03),30-34,176832,92506,84326,1764,922,842,175068,91584,83484
3390,C4114,7,92,District - North East (03),35-39,162115,84715,77400,1590,861,729,160525,83854,76671
3391,C4114,7,92,District - North East (03),40-44,134003,72073,61930,1184,664,520,132819,71409,61410
3392,C4114,7,92,District - North East (03),45-49,108066,58651,49415,885,496,389,107181,58155,49026
3393,C4114,7,92,District - North East (03),50-54,77352,42688,34664,558,322,236,76794,42366,34428
3394,C4114,7,92,District - North East (03),55-59,56449,29407,27042,449,226,223,56000,29181,26819
3395,C4114,7,92,District - North East (03),60-64,59095,29447,29648,456,233,223,58639,29214,29425
3396,C4114,7,92,District - North East (03),65-69,31386,16218,15168,258,132,126,31128,16086,15042
3397,C4114,7,92,District - North East (03),70-74,20527,10616,9911,158,83,75,20369,10533,9836
3398,C4114,7,92,District - North East (03),75-79,8973,4574,4399,66,31,35,8907,4543,4364
3399,C4114,7,92,District - North East (03),80+,10881,5151,5730,93,49,44,10788,5102,5686
3400,C4114,7,92,District - North East (03),Age not stated,2867,1539,1328,36,22,14,2831,1517,1314
3401,C4114,7,93,District - East (04),All ages,1709346,907500,801846,3530,1861,1669,1705816,905639,800177
3402,C4114,7,93,District - East (04),0-4,134195,71229,62966,283,169,114,133912,71060,62852
3403,C4114,7,93,District - East (04),5-9,147571,80077,67494,242,133,109,147329,79944,67385
3404,C4114,7,93,District - East (04),10-14,156648,85026,71622,232,121,111,156416,84905,71511
3405,C4114,7,93,District - East (04),15-19,160541,88681,71860,234,135,99,160307,88546,71761
3406,C4114,7,93,District - East (04),20-24,175202,93387,81815,343,166,177,174859,93221,81638
3407,C4114,7,93,District - East (04),25-29,174806,90961,83845,396,196,200,174410,90765,83645
3408,C4114,7,93,District - East (04),30-34,151437,79744,71693,407,224,183,151030,79520,71510
3409,C4114,7,93,District - East (04),35-39,136723,71704,65019,321,166,155,136402,71538,64864
3410,C4114,7,93,District - East (04),40-44,113369,60415,52954,250,143,107,113119,60272,52847
3411,C4114,7,93,District - East (04),45-49,95628,50706,44922,178,101,77,95450,50605,44845
3412,C4114,7,93,District - East (04),50-54,75247,40420,34827,181,79,102,75066,40341,34725
3413,C4114,7,93,District - East (04),55-59,56384,29346,27038,115,67,48,56269,29279,26990
3414,C4114,7,93,District - East (04),60-64,51038,25347,25691,112,53,59,50926,25294,25632
3415,C4114,7,93,District - East (04),65-69,31613,15858,15755,88,35,53,31525,15823,15702
3416,C4114,7,93,District - East (04),70-74,22906,11397,11509,63,29,34,22843,11368,11475
3417,C4114,7,93,District - East (04),75-79,12574,6471,6103,46,22,24,12528,6449,6079
3418,C4114,7,93,District - East (04),80+,12362,6089,6273,34,19,15,12328,6070,6258
3419,C4114,7,93,District - East (04),Age not stated,1102,642,460,5,3,2,1097,639,458
3420,C4114,7,94,District - New Delhi (05),All ages,142004,77942,64062,0,0,0,142004,77942,64062
3421,C4114,7,94,District - New Delhi (05),0-4,8605,4542,4063,0,0,0,8605,4542,4063
3422,C4114,7,94,District - New Delhi (05),5-9,10330,5469,4861,0,0,0,10330,5469,4861
3423,C4114,7,94,District - New Delhi (05),10-14,12312,6565,5747,0,0,0,12312,6565,5747
3424,C4114,7,94,District - New Delhi (05),15-19,14164,7914,6250,0,0,0,14164,7914,6250
3425,C4114,7,94,District - New Delhi (05),20-24,16611,9528,7083,0,0,0,16611,9528,7083
3426,C4114,7,94,District - New Delhi (05),25-29,14054,7791,6263,0,0,0,14054,7791,6263
3427,C4114,7,94,District - New Delhi (05),30-34,11123,6097,5026,0,0,0,11123,6097,5026
3428,C4114,7,94,District - New Delhi (05),35-39,11012,5780,5232,0,0,0,11012,5780,5232
3429,C4114,7,94,District - New Delhi (05),40-44,11160,5812,5348,0,0,0,11160,5812,5348
3430,C4114,7,94,District - New Delhi (05),45-49,10618,5923,4695,0,0,0,10618,5923,4695
3431,C4114,7,94,District - New Delhi (05),50-54,8628,4978,3650,0,0,0,8628,4978,3650
3432,C4114,7,94,District - New Delhi (05),55-59,6009,3876,2133,0,0,0,6009,3876,2133
3433,C4114,7,94,District - New Delhi (05),60-64,2750,1594,1156,0,0,0,2750,1594,1156
3434,C4114,7,94,District - New Delhi (05),65-69,1414,679,735,0,0,0,1414,679,735
3435,C4114,7,94,District - New Delhi (05),70-74,1146,492,654,0,0,0,1146,492,654
3436,C4114,7,94,District - New Delhi (05),75-79,764,311,453,0,0,0,764,311,453
3437,C4114,7,94,District - New Delhi (05),80+,1062,461,601,0,0,0,1062,461,601
3438,C4114,7,94,District - New Delhi (05),Age not stated,242,130,112,0,0,0,242,130,112
3439,C4114,7,95,District - Central (06),All ages,582320,307821,274499,0,0,0,582320,307821,274499
3440,C4114,7,95,District - Central (06),0-4,43670,22791,20879,0,0,0,43670,22791,20879
3441,C4114,7,95,District - Central (06),5-9,46667,24496,22171,0,0,0,46667,24496,22171
3442,C4114,7,95,District - Central (06),10-14,50735,26999,23736,0,0,0,50735,26999,23736
3443,C4114,7,95,District - Central (06),15-19,55244,30148,25096,0,0,0,55244,30148,25096
3444,C4114,7,95,District - Central (06),20-24,62330,33308,29022,0,0,0,62330,33308,29022
3445,C4114,7,95,District - Central (06),25-29,59004,31008,27996,0,0,0,59004,31008,27996
3446,C4114,7,95,District - Central (06),30-34,50745,27061,23684,0,0,0,50745,27061,23684
3447,C4114,7,95,District - Central (06),35-39,45599,24157,21442,0,0,0,45599,24157,21442
3448,C4114,7,95,District - Central (06),40-44,39067,20886,18181,0,0,0,39067,20886,18181
3449,C4114,7,95,District - Central (06),45-49,34122,18170,15952,0,0,0,34122,18170,15952
3450,C4114,7,95,District - Central (06),50-54,27735,14945,12790,0,0,0,27735,14945,12790
3451,C4114,7,95,District - Central (06),55-59,20849,11141,9708,0,0,0,20849,11141,9708
3452,C4114,7,95,District - Central (06),60-64,18411,9371,9040,0,0,0,18411,9371,9040
3453,C4114,7,95,District - Central (06),65-69,10473,5173,5300,0,0,0,10473,5173,5300
3454,C4114,7,95,District - Central (06),70-74,7629,3550,4079,0,0,0,7629,3550,4079
3455,C4114,7,95,District - Central (06),75-79,4319,2034,2285,0,0,0,4319,2034,2285
3456,C4114,7,95,District - Central (06),80+,5032,2220,2812,0,0,0,5032,2220,2812
3457,C4114,7,95,District - Central (06),Age not stated,689,363,326,0,0,0,689,363,326
3458,C4114,7,96,District - West (07),All ages,2543243,1356240,1187003,6420,3355,3065,2536823,1352885,1183938
3459,C4114,7,96,District - West (07),0-4,197959,105040,92919,634,343,291,197325,104697,92628
3460,C4114,7,96,District - West (07),5-9,219677,118964,100713,664,375,289,219013,118589,100424
3461,C4114,7,96,District - West (07),10-14,235420,128650,106770,631,356,275,234789,128294,106495
3462,C4114,7,96,District - West (07),15-19,238589,133446,105143,621,342,279,237968,133104,104864
3463,C4114,7,96,District - West (07),20-24,257209,139715,117494,668,312,356,256541,139403,117138
3464,C4114,7,96,District - West (07),25-29,250311,131549,118762,639,325,314,249672,131224,118448
3465,C4114,7,96,District - West (07),30-34,218338,114672,103666,577,292,285,217761,114380,103381
3466,C4114,7,96,District - West (07),35-39,202223,106792,95431,461,245,216,201762,106547,95215
3467,C4114,7,96,District - West (07),40-44,168417,90195,78222,370,191,179,168047,90004,78043
3468,C4114,7,96,District - West (07),45-49,143537,76689,66848,274,159,115,143263,76530,66733
3469,C4114,7,96,District - West (07),50-54,112391,59900,52491,214,110,104,112177,59790,52387
3470,C4114,7,96,District - West (07),55-59,86508,44411,42097,163,83,80,86345,44328,42017
3471,C4114,7,96,District - West (07),60-64,82435,40676,41759,230,105,125,82205,40571,41634
3472,C4114,7,96,District - West (07),65-69,50769,25731,25038,126,50,76,50643,25681,24962
3473,C4114,7,96,District - West (07),70-74,35989,17992,17997,59,32,27,35930,17960,17970
3474,C4114,7,96,District - West (07),75-79,20006,10201,9805,28,8,20,19978,10193,9785
3475,C4114,7,96,District - West (07),80+,20855,10194,10661,61,27,34,20794,10167,10627
3476,C4114,7,96,District - West (07),Age not stated,2610,1423,1187,0,0,0,2610,1423,1187
3477,C4114,7,97,District - South West (08),All ages,2292958,1246046,1046912,143676,77342,66334,2149282,1168704,980578
3478,C4114,7,97,District - South West (08),0-4,185308,100046,85262,13278,7399,5879,172030,92647,79383
3479,C4114,7,97,District - South West (08),5-9,199491,109428,90063,13517,7638,5879,185974,101790,84184
3480,C4114,7,97,District - South West (08),10-14,213188,117472,95716,14672,8281,6391,198516,109191,89325
3481,C4114,7,97,District - South West (08),15-19,213416,120442,92974,14197,7917,6280,199219,112525,86694
3482,C4114,7,97,District - South West (08),20-24,243304,133568,109736,15171,7931,7240,228133,125637,102496
3483,C4114,7,97,District - South West (08),25-29,242248,129198,113050,13917,7193,6724,228331,122005,106326
3484,C4114,7,97,District - South West (08),30-34,211004,113160,97844,12129,6274,5855,198875,106886,91989
3485,C4114,7,97,District - South West (08),35-39,189213,101889,87324,11226,5903,5323,177987,95986,82001
3486,C4114,7,97,District - South West (08),40-44,155963,84826,71137,9134,4984,4150,146829,79842,66987
3487,C4114,7,97,District - South West (08),45-49,127029,70319,56710,6936,3860,3076,120093,66459,53634
3488,C4114,7,97,District - South West (08),50-54,94277,52045,42232,5073,2728,2345,89204,49317,39887
3489,C4114,7,97,District - South West (08),55-59,69127,37545,31582,3787,1985,1802,65340,35560,29780
3490,C4114,7,97,District - South West (08),60-64,59849,30625,29224,4180,2026,2154,55669,28599,27070
3491,C4114,7,97,District - South West (08),65-69,34456,17950,16506,2312,1173,1139,32144,16777,15367
3492,C4114,7,97,District - South West (08),70-74,23175,11733,11442,1694,817,877,21481,10916,10565
3493,C4114,7,97,District - South West (08),75-79,12582,6267,6315,856,419,437,11726,5848,5878
3494,C4114,7,97,District - South West (08),80+,15209,7237,7972,1285,653,632,13924,6584,7340
3495,C4114,7,97,District - South West (08),Age not stated,4119,2296,1823,312,161,151,3807,2135,1672
3496,C4114,7,98,District - South (09),All ages,2731929,1467428,1264501,12193,6819,5374,2719736,1460609,1259127
3497,C4114,7,98,District - South (09),0-4,226341,119370,106971,1202,614,588,225139,118756,106383
3498,C4114,7,98,District - South (09),5-9,254940,136631,118309,1337,701,636,253603,135930,117673
3499,C4114,7,98,District - South (09),10-14,272319,147395,124924,1349,757,592,270970,146638,124332
3500,C4114,7,98,District - South (09),15-19,271732,150015,121717,1404,859,545,270328,149156,121172
3501,C4114,7,98,District - South (09),20-24,288038,156225,131813,1250,718,532,286788,155507,131281
3502,C4114,7,98,District - South (09),25-29,274631,144956,129675,1159,631,528,273472,144325,129147
3503,C4114,7,98,District - South (09),30-34,238401,126492,111909,1009,544,465,237392,125948,111444
3504,C4114,7,98,District - South (09),35-39,221103,118390,102713,956,540,416,220147,117850,102297
3505,C4114,7,98,District - South (09),40-44,179236,97859,81377,717,430,287,178519,97429,81090
3506,C4114,7,98,District - South (09),45-49,146345,81043,65302,499,300,199,145846,80743,65103
3507,C4114,7,98,District - South (09),50-54,106710,59350,47360,392,238,154,106318,59112,47206
3508,C4114,7,98,District - South (09),55-59,77903,41863,36040,270,157,113,77633,41706,35927
3509,C4114,7,98,District - South (09),60-64,67775,34817,32958,277,141,136,67498,34676,32822
3510,C4114,7,98,District - South (09),65-69,39656,20357,19299,134,78,56,39522,20279,19243
3511,C4114,7,98,District - South (09),70-74,28215,13822,14393,105,53,52,28110,13769,14341
3512,C4114,7,98,District - South (09),75-79,16024,7883,8141,34,19,15,15990,7864,8126
3513,C4114,7,98,District - South (09),80+,19319,9188,10131,81,25,56,19238,9163,10075
3514,C4114,7,98,District - South (09),Age not stated,3241,1772,1469,18,14,4,3223,1758,1465
3515,C4114,24,0,State - GUJARAT (24),All ages,60439692,31491260,28948432,34694609,17799159,16895450,25745083,13692101,12052982
3516,C4114,24,0,State - GUJARAT (24),0-4,5460332,2871890,2588442,3400893,1768858,1632035,2059439,1103032,956407
3517,C4114,24,0,State - GUJARAT (24),5-9,5835836,3126401,2709435,3608635,1902056,1706579,2227201,1224345,1002856
3518,C4114,24,0,State - GUJARAT (24),10-14,6149445,3283834,2865611,3787881,1989379,1798502,2361564,1294455,1067109
3519,C4114,24,0,State - GUJARAT (24),15-19,5865760,3146110,2719650,3406534,1781574,1624960,2459226,1364536,1094690
3520,C4114,24,0,State - GUJARAT (24),20-24,5780722,3046127,2734595,3129114,1613761,1515353,2651608,1432366,1219242
3521,C4114,24,0,State - GUJARAT (24),25-29,5278822,2767283,2511539,2767541,1439403,1328138,2511281,1327880,1183401
3522,C4114,24,0,State - GUJARAT (24),30-34,4770528,2467024,2303504,2567865,1309468,1258397,2202663,1157556,1045107
3523,C4114,24,0,State - GUJARAT (24),35-39,4341225,2258335,2082890,2379877,1230816,1149061,1961348,1027519,933829
3524,C4114,24,0,State - GUJARAT (24),40-44,3865476,1993876,1871600,2149186,1096357,1052829,1716290,897519,818771
3525,C4114,24,0,State - GUJARAT (24),45-49,3314013,1711872,1602141,1830536,938828,891708,1483477,773044,710433
3526,C4114,24,0,State - GUJARAT (24),50-54,2697183,1409273,1287910,1504667,772574,732093,1192516,636699,555817
3527,C4114,24,0,State - GUJARAT (24),55-59,2054947,1038088,1016859,1161872,569554,592318,893075,468534,424541
3528,C4114,24,0,State - GUJARAT (24),60-64,1727752,851259,876493,1023043,494349,528694,704709,356910,347799
3529,C4114,24,0,State - GUJARAT (24),65-69,1170072,550002,620070,707269,323610,383659,462803,226392,236411
3530,C4114,24,0,State - GUJARAT (24),70-74,899677,417522,482155,559725,256602,303123,339952,160920,179032
3531,C4114,24,0,State - GUJARAT (24),75-79,439996,196341,243655,262004,113543,148461,177992,82798,95194
3532,C4114,24,0,State - GUJARAT (24),80+,549062,230477,318585,332285,139154,193131,216777,91323,125454
3533,C4114,24,0,State - GUJARAT (24),Age not stated,238844,125546,113298,115682,59273,56409,123162,66273,56889
3534,C4114,24,468,District - Kachchh (01),All ages,2092371,1096737,995634,1363836,713524,650312,728535,383213,345322
3535,C4114,24,468,District - Kachchh (01),0-4,223765,115993,107772,156954,81123,75831,66811,34870,31941
3536,C4114,24,468,District - Kachchh (01),5-9,229504,119898,109606,158914,82629,76285,70590,37269,33321
3537,C4114,24,468,District - Kachchh (01),10-14,220259,115967,104292,149428,78161,71267,70831,37806,33025
3538,C4114,24,468,District - Kachchh (01),15-19,199688,106124,93564,131795,69331,62464,67893,36793,31100
3539,C4114,24,468,District - Kachchh (01),20-24,212109,114828,97281,137723,75800,61923,74386,39028,35358
3540,C4114,24,468,District - Kachchh (01),25-29,193279,103887,89392,121246,66140,55106,72033,37747,34286
3541,C4114,24,468,District - Kachchh (01),30-34,163578,87776,75802,101270,54522,46748,62308,33254,29054
3542,C4114,24,468,District - Kachchh (01),35-39,140596,74985,65611,86260,46200,40060,54336,28785,25551
3543,C4114,24,468,District - Kachchh (01),40-44,120342,64028,56314,73690,39020,34670,46652,25008,21644
3544,C4114,24,468,District - Kachchh (01),45-49,99536,51569,47967,60896,31280,29616,38640,20289,18351
3545,C4114,24,468,District - Kachchh (01),50-54,82780,44464,38316,51339,27532,23807,31441,16932,14509
3546,C4114,24,468,District - Kachchh (01),55-59,57090,29056,28034,35421,17572,17849,21669,11484,10185
3547,C4114,24,468,District - Kachchh (01),60-64,50967,25037,25930,33283,16280,17003,17684,8757,8927
3548,C4114,24,468,District - Kachchh (01),65-69,33485,15261,18224,21925,9729,12196,11560,5532,6028
3549,C4114,24,468,District - Kachchh (01),70-74,29279,13169,16110,20292,8983,11309,8987,4186,4801
3550,C4114,24,468,District - Kachchh (01),75-79,13433,5719,7714,9101,3758,5343,4332,1961,2371
3551,C4114,24,468,District - Kachchh (01),80+,19052,7067,11985,13308,4927,8381,5744,2140,3604
3552,C4114,24,468,District - Kachchh (01),Age not stated,3629,1909,1720,991,537,454,2638,1372,1266
3553,C4114,24,469,District - Banas Kantha (02),All ages,3120506,1610379,1510127,2705591,1393741,1311850,414915,216638,198277
3554,C4114,24,469,District - Banas Kantha (02),0-4,354081,185983,168098,316144,165719,150425,37937,20264,17673
3555,C4114,24,469,District - Banas Kantha (02),5-9,388433,205395,183038,345756,181968,163788,42677,23427,19250
3556,C4114,24,469,District - Banas Kantha (02),10-14,377635,199162,178473,332258,174141,158117,45377,25021,20356
3557,C4114,24,469,District - Banas Kantha (02),15-19,324653,172341,152312,280904,148296,132608,43749,24045,19704
3558,C4114,24,469,District - Banas Kantha (02),20-24,287527,148851,138676,246084,127566,118518,41443,21285,20158
3559,C4114,24,469,District - Banas Kantha (02),25-29,252372,130579,121793,216020,112151,103869,36352,18428,17924
3560,C4114,24,469,District - Banas Kantha (02),30-34,228441,115957,112484,195222,99203,96019,33219,16754,16465
3561,C4114,24,469,District - Banas Kantha (02),35-39,199054,102613,96441,168974,87256,81718,30080,15357,14723
3562,C4114,24,469,District - Banas Kantha (02),40-44,170741,87277,83464,144867,74135,70732,25874,13142,12732
3563,C4114,24,469,District - Banas Kantha (02),45-49,140176,71225,68951,118572,60179,58393,21604,11046,10558
3564,C4114,24,469,District - Banas Kantha (02),50-54,112517,58176,54341,95342,49168,46174,17175,9008,8167
3565,C4114,24,469,District - Banas Kantha (02),55-59,83990,40453,43537,71483,34099,37384,12507,6354,6153
3566,C4114,24,469,District - Banas Kantha (02),60-64,75176,37065,38111,64869,31965,32904,10307,5100,5207
3567,C4114,24,469,District - Banas Kantha (02),65-69,48327,21959,26368,41808,18912,22896,6519,3047,3472
3568,C4114,24,469,District - Banas Kantha (02),70-74,37843,17103,20740,32993,14895,18098,4850,2208,2642
3569,C4114,24,469,District - Banas Kantha (02),75-79,16399,6655,9744,14169,5677,8492,2230,978,1252
3570,C4114,24,469,District - Banas Kantha (02),80+,20541,8237,12304,17805,7202,10603,2736,1035,1701
3571,C4114,24,469,District - Banas Kantha (02),Age not stated,2600,1348,1252,2321,1209,1112,279,139,140
3572,C4114,24,470,District - Patan   (03),All ages,1343734,694397,649337,1062653,548324,514329,281081,146073,135008
3573,C4114,24,470,District - Patan   (03),0-4,128332,67323,61009,106582,55849,50733,21750,11474,10276
3574,C4114,24,470,District - Patan   (03),5-9,142672,76449,66223,117163,62345,54818,25509,14104,11405
3575,C4114,24,470,District - Patan   (03),10-14,147316,79436,67880,120226,64368,55858,27090,15068,12022
3576,C4114,24,470,District - Patan   (03),15-19,135360,72204,63156,107501,56996,50505,27859,15208,12651
3577,C4114,24,470,District - Patan   (03),20-24,124031,63944,60087,96699,49807,46892,27332,14137,13195
3578,C4114,24,470,District - Patan   (03),25-29,108646,56510,52136,84087,44018,40069,24559,12492,12067
3579,C4114,24,470,District - Patan   (03),30-34,99572,50933,48639,77554,39748,37806,22018,11185,10833
3580,C4114,24,470,District - Patan   (03),35-39,89866,46629,43237,69198,36044,33154,20668,10585,10083
3581,C4114,24,470,District - Patan   (03),40-44,82428,42058,40370,63422,32421,31001,19006,9637,9369
3582,C4114,24,470,District - Patan   (03),45-49,69515,35299,34216,52591,26665,25926,16924,8634,8290
3583,C4114,24,470,District - Patan   (03),50-54,57794,29958,27836,44085,22754,21331,13709,7204,6505
3584,C4114,24,470,District - Patan   (03),55-59,44018,21394,22624,33649,16140,17509,10369,5254,5115
3585,C4114,24,470,District - Patan   (03),60-64,39351,18979,20372,30952,14908,16044,8399,4071,4328
3586,C4114,24,470,District - Patan   (03),65-69,27444,12475,14969,21462,9704,11758,5982,2771,3211
3587,C4114,24,470,District - Patan   (03),70-74,22752,10182,12570,18057,8148,9909,4695,2034,2661
3588,C4114,24,470,District - Patan   (03),75-79,10136,4330,5806,7772,3279,4493,2364,1051,1313
3589,C4114,24,470,District - Patan   (03),80+,11970,4894,7076,9380,3872,5508,2590,1022,1568
3590,C4114,24,470,District - Patan   (03),Age not stated,2531,1400,1131,2273,1258,1015,258,142,116
3591,C4114,24,471,District - Mahesana (04),All ages,2035064,1056520,978544,1520734,787175,733559,514330,269345,244985
3592,C4114,24,471,District - Mahesana (04),0-4,164834,88553,76281,127668,68060,59608,37166,20493,16673
3593,C4114,24,471,District - Mahesana (04),5-9,186154,103510,82644,143188,78979,64209,42966,24531,18435
3594,C4114,24,471,District - Mahesana (04),10-14,200146,111239,88907,152854,84249,68605,47292,26990,20302
3595,C4114,24,471,District - Mahesana (04),15-19,202417,109784,92633,152178,82016,70162,50239,27768,22471
3596,C4114,24,471,District - Mahesana (04),20-24,196144,100379,95765,145249,74295,70954,50895,26084,24811
3597,C4114,24,471,District - Mahesana (04),25-29,169756,87643,82113,123147,64039,59108,46609,23604,23005
3598,C4114,24,471,District - Mahesana (04),30-34,155339,78619,76720,113165,57346,55819,42174,21273,20901
3599,C4114,24,471,District - Mahesana (04),35-39,144340,73752,70588,105761,54287,51474,38579,19465,19114
3600,C4114,24,471,District - Mahesana (04),40-44,136889,69019,67870,100769,50854,49915,36120,18165,17955
3601,C4114,24,471,District - Mahesana (04),45-49,117864,60076,57788,85335,43562,41773,32529,16514,16015
3602,C4114,24,471,District - Mahesana (04),50-54,96592,49605,46987,70878,36115,34763,25714,13490,12224
3603,C4114,24,471,District - Mahesana (04),55-59,74896,36994,37902,55180,26912,28268,19716,10082,9634
3604,C4114,24,471,District - Mahesana (04),60-64,65339,31326,34013,49957,23775,26182,15382,7551,7831
3605,C4114,24,471,District - Mahesana (04),65-69,46130,21422,24708,35402,16203,19199,10728,5219,5509
3606,C4114,24,471,District - Mahesana (04),70-74,37006,16660,20346,29067,13036,16031,7939,3624,4315
3607,C4114,24,471,District - Mahesana (04),75-79,17664,7859,9805,13640,6032,7608,4024,1827,2197
3608,C4114,24,471,District - Mahesana (04),80+,19951,8194,11757,15307,6344,8963,4644,1850,2794
3609,C4114,24,471,District - Mahesana (04),Age not stated,3603,1886,1717,1989,1071,918,1614,815,799
3610,C4114,24,472,District - Sabar Kantha (05),All ages,2428589,1244231,1184358,2064869,1056141,1008728,363720,188090,175630
3611,C4114,24,472,District - Sabar Kantha (05),0-4,247988,129350,118638,217576,113263,104313,30412,16087,14325
3612,C4114,24,472,District - Sabar Kantha (05),5-9,245639,131071,114568,211715,112298,99417,33924,18773,15151
3613,C4114,24,472,District - Sabar Kantha (05),10-14,259112,137995,121117,222472,117867,104605,36640,20128,16512
3614,C4114,24,472,District - Sabar Kantha (05),15-19,233975,124020,109955,197415,104226,93189,36560,19794,16766
3615,C4114,24,472,District - Sabar Kantha (05),20-24,213627,109036,104591,179064,91342,87722,34563,17694,16869
3616,C4114,24,472,District - Sabar Kantha (05),25-29,192790,99359,93431,162104,83833,78271,30686,15526,15160
3617,C4114,24,472,District - Sabar Kantha (05),30-34,180675,90818,89857,152182,76621,75561,28493,14197,14296
3618,C4114,24,472,District - Sabar Kantha (05),35-39,166735,85545,81190,140435,72225,68210,26300,13320,12980
3619,C4114,24,472,District - Sabar Kantha (05),40-44,149750,74898,74852,125671,62890,62781,24079,12008,12071
3620,C4114,24,472,District - Sabar Kantha (05),45-49,133803,68024,65779,112155,56932,55223,21648,11092,10556
3621,C4114,24,472,District - Sabar Kantha (05),50-54,110790,55889,54901,93140,46777,46363,17650,9112,8538
3622,C4114,24,472,District - Sabar Kantha (05),55-59,87288,42709,44579,73951,36014,37937,13337,6695,6642
3623,C4114,24,472,District - Sabar Kantha (05),60-64,75642,36694,38948,64853,31399,33454,10789,5295,5494
3624,C4114,24,472,District - Sabar Kantha (05),65-69,49980,22754,27226,42844,19425,23419,7136,3329,3807
3625,C4114,24,472,District - Sabar Kantha (05),70-74,38367,17518,20849,33177,15213,17964,5190,2305,2885
3626,C4114,24,472,District - Sabar Kantha (05),75-79,17356,7608,9748,14834,6501,8333,2522,1107,1415
3627,C4114,24,472,District - Sabar Kantha (05),80+,21482,9053,12429,18534,7867,10667,2948,1186,1762
3628,C4114,24,472,District - Sabar Kantha (05),Age not stated,3590,1890,1700,2747,1448,1299,843,442,401
3629,C4114,24,473,District - Gandhinagar (06),All ages,1391753,723864,667889,791126,408436,382690,600627,315428,285199
3630,C4114,24,473,District - Gandhinagar (06),0-4,117395,62698,54697,70401,37368,33033,46994,25330,21664
3631,C4114,24,473,District - Gandhinagar (06),5-9,124925,69268,55657,74128,40759,33369,50797,28509,22288
3632,C4114,24,473,District - Gandhinagar (06),10-14,132993,73558,59435,79046,43045,36001,53947,30513,23434
3633,C4114,24,473,District - Gandhinagar (06),15-19,133572,71507,62065,77513,40818,36695,56059,30689,25370
3634,C4114,24,473,District - Gandhinagar (06),20-24,136032,70022,66010,75617,38712,36905,60415,31310,29105
3635,C4114,24,473,District - Gandhinagar (06),25-29,124412,64096,60316,67195,34942,32253,57217,29154,28063
3636,C4114,24,473,District - Gandhinagar (06),30-34,113125,57892,55233,62117,31769,30348,51008,26123,24885
3637,C4114,24,473,District - Gandhinagar (06),35-39,103988,53600,50388,57442,29847,27595,46546,23753,22793
3638,C4114,24,473,District - Gandhinagar (06),40-44,94152,48153,45999,52068,26627,25441,42084,21526,20558
3639,C4114,24,473,District - Gandhinagar (06),45-49,80597,41165,39432,43345,22251,21094,37252,18914,18338
3640,C4114,24,473,District - Gandhinagar (06),50-54,65699,33961,31738,35486,17943,17543,30213,16018,14195
3641,C4114,24,473,District - Gandhinagar (06),55-59,49153,24692,24461,26942,13040,13902,22211,11652,10559
3642,C4114,24,473,District - Gandhinagar (06),60-64,41246,19730,21516,24481,11397,13084,16765,8333,8432
3643,C4114,24,473,District - Gandhinagar (06),65-69,27488,12850,14638,16405,7397,9008,11083,5453,5630
3644,C4114,24,473,District - Gandhinagar (06),70-74,20655,9263,11392,12708,5542,7166,7947,3721,4226
3645,C4114,24,473,District - Gandhinagar (06),75-79,9328,4022,5306,5587,2339,3248,3741,1683,2058
3646,C4114,24,473,District - Gandhinagar (06),80+,11317,4475,6842,6911,2716,4195,4406,1759,2647
3647,C4114,24,473,District - Gandhinagar (06),Age not stated,5676,2912,2764,3734,1924,1810,1942,988,954
3648,C4114,24,474,District - Ahmadabad (07),All ages,7214225,3788051,3426174,1151178,595583,555595,6063047,3192468,2870579
3649,C4114,24,474,District - Ahmadabad (07),0-4,590748,315394,275354,114052,60004,54048,476696,255390,221306
3650,C4114,24,474,District - Ahmadabad (07),5-9,625887,343849,282038,119328,63427,55901,506559,280422,226137
3651,C4114,24,474,District - Ahmadabad (07),10-14,669168,366969,302199,126352,67526,58826,542816,299443,243373
3652,C4114,24,474,District - Ahmadabad (07),15-19,679291,369754,309537,116738,61234,55504,562553,308520,254033
3653,C4114,24,474,District - Ahmadabad (07),20-24,710749,369470,341279,104183,53959,50224,606566,315511,291055
3654,C4114,24,474,District - Ahmadabad (07),25-29,677015,348185,328830,91129,47476,43653,585886,300709,285177
3655,C4114,24,474,District - Ahmadabad (07),30-34,604131,310939,293192,85095,43301,41794,519036,267638,251398
3656,C4114,24,474,District - Ahmadabad (07),35-39,540179,279388,260791,79643,41481,38162,460536,237907,222629
3657,C4114,24,474,District - Ahmadabad (07),40-44,476673,246569,230104,70406,36543,33863,406267,210026,196241
3658,C4114,24,474,District - Ahmadabad (07),45-49,422912,216889,206023,58975,30585,28390,363937,186304,177633
3659,C4114,24,474,District - Ahmadabad (07),50-54,351026,185734,165292,48996,25701,23295,302030,160033,141997
3660,C4114,24,474,District - Ahmadabad (07),55-59,269524,140807,128717,37154,18208,18946,232370,122599,109771
3661,C4114,24,474,District - Ahmadabad (07),60-64,214045,109765,104280,33954,16461,17493,180091,93304,86787
3662,C4114,24,474,District - Ahmadabad (07),65-69,140102,69713,70389,23871,10886,12985,116231,58827,57404
3663,C4114,24,474,District - Ahmadabad (07),70-74,103666,49898,53768,19364,9017,10347,84302,40881,43421
3664,C4114,24,474,District - Ahmadabad (07),75-79,54772,25887,28885,8528,3771,4757,46244,22116,24128
3665,C4114,24,474,District - Ahmadabad (07),80+,65017,28550,36467,10905,4597,6308,54112,23953,30159
3666,C4114,24,474,District - Ahmadabad (07),Age not stated,19320,10291,9029,2505,1406,1099,16815,8885,7930
3667,C4114,24,475,District - Surendranagar (08),All ages,1756268,909917,846351,1259352,649475,609877,496916,260442,236474
3668,C4114,24,475,District - Surendranagar (08),0-4,166967,87719,79248,128292,67182,61110,38675,20537,18138
3669,C4114,24,475,District - Surendranagar (08),5-9,184572,98498,86074,140528,74370,66158,44044,24128,19916
3670,C4114,24,475,District - Surendranagar (08),10-14,195488,104464,91024,146195,77166,69029,49293,27298,21995
3671,C4114,24,475,District - Surendranagar (08),15-19,182811,96066,86745,132053,68495,63558,50758,27571,23187
3672,C4114,24,475,District - Surendranagar (08),20-24,159763,82649,77114,112052,57785,54267,47711,24864,22847
3673,C4114,24,475,District - Surendranagar (08),25-29,143834,74896,68938,99832,51859,47973,44002,23037,20965
3674,C4114,24,475,District - Surendranagar (08),30-34,128384,65996,62388,90342,46329,44013,38042,19667,18375
3675,C4114,24,475,District - Surendranagar (08),35-39,115314,59831,55483,80206,41851,38355,35108,17980,17128
3676,C4114,24,475,District - Surendranagar (08),40-44,103842,53526,50316,71606,36998,34608,32236,16528,15708
3677,C4114,24,475,District - Surendranagar (08),45-49,91812,47333,44479,62304,32191,30113,29508,15142,14366
3678,C4114,24,475,District - Surendranagar (08),50-54,75775,40013,35762,51339,26936,24403,24436,13077,11359
3679,C4114,24,475,District - Surendranagar (08),55-59,56902,28701,28201,38738,19274,19464,18164,9427,8737
3680,C4114,24,475,District - Surendranagar (08),60-64,49434,24325,25109,33957,16699,17258,15477,7626,7851
3681,C4114,24,475,District - Surendranagar (08),65-69,35767,16567,19200,24868,11377,13491,10899,5190,5709
3682,C4114,24,475,District - Surendranagar (08),70-74,29145,13637,15508,20934,9788,11146,8211,3849,4362
3683,C4114,24,475,District - Surendranagar (08),75-79,14596,6331,8265,10354,4342,6012,4242,1989,2253
3684,C4114,24,475,District - Surendranagar (08),80+,18963,7771,11192,13805,5745,8060,5158,2026,3132
3685,C4114,24,475,District - Surendranagar (08),Age not stated,2899,1594,1305,1947,1088,859,952,506,446
3686,C4114,24,476,District - Rajkot (09),All ages,3804558,1974445,1830113,1590508,816264,774244,2214050,1158181,1055869
3687,C4114,24,476,District - Rajkot (09),0-4,307517,163893,143624,135584,71811,63773,171933,92082,79851
3688,C4114,24,476,District - Rajkot (09),5-9,331069,180582,150487,144550,77749,66801,186519,102833,83686
3689,C4114,24,476,District - Rajkot (09),10-14,361053,194056,166997,162189,85191,76998,198864,108865,89999
3690,C4114,24,476,District - Rajkot (09),15-19,364446,194521,169925,158782,82287,76495,205664,112234,93430
3691,C4114,24,476,District - Rajkot (09),20-24,369044,187555,181489,151231,75155,76076,217813,112400,105413
3692,C4114,24,476,District - Rajkot (09),25-29,347439,178513,168926,130991,67786,63205,216448,110727,105721
3693,C4114,24,476,District - Rajkot (09),30-34,305000,157035,147965,116587,60073,56514,188413,96962,91451
3694,C4114,24,476,District - Rajkot (09),35-39,275550,142360,133190,107182,55813,51369,168368,86547,81821
3695,C4114,24,476,District - Rajkot (09),40-44,251047,128907,122140,101137,51968,49169,149910,76939,72971
3696,C4114,24,476,District - Rajkot (09),45-49,221274,113962,107312,88340,45405,42935,132934,68557,64377
3697,C4114,24,476,District - Rajkot (09),50-54,184855,97486,87369,75926,39635,36291,108929,57851,51078
3698,C4114,24,476,District - Rajkot (09),55-59,137597,70373,67224,57397,28604,28793,80200,41769,38431
3699,C4114,24,476,District - Rajkot (09),60-64,114628,57722,56906,49864,24875,24989,64764,32847,31917
3700,C4114,24,476,District - Rajkot (09),65-69,77936,36973,40963,35345,16364,18981,42591,20609,21982
3701,C4114,24,476,District - Rajkot (09),70-74,64243,30722,33521,31309,14827,16482,32934,15895,17039
3702,C4114,24,476,District - Rajkot (09),75-79,33247,14710,18537,16192,6979,9213,17055,7731,9324
3703,C4114,24,476,District - Rajkot (09),80+,47070,19246,27824,24178,9866,14312,22892,9380,13512
3704,C4114,24,476,District - Rajkot (09),Age not stated,11543,5829,5714,3724,1876,1848,7819,3953,3866
3705,C4114,24,477,District - Jamnagar (10),All ages,2160119,1114192,1045927,1189054,610088,578966,971065,504104,466961
3706,C4114,24,477,District - Jamnagar (10),0-4,182635,95276,87359,105706,54793,50913,76929,40483,36446
3707,C4114,24,477,District - Jamnagar (10),5-9,206125,109340,96785,118380,62274,56106,87745,47066,40679
3708,C4114,24,477,District - Jamnagar (10),10-14,222564,117573,104991,127611,66895,60716,94953,50678,44275
3709,C4114,24,477,District - Jamnagar (10),15-19,214086,111616,102470,118617,60877,57740,95469,50739,44730
3710,C4114,24,477,District - Jamnagar (10),20-24,208365,107510,100855,113428,58138,55290,94937,49372,45565
3711,C4114,24,477,District - Jamnagar (10),25-29,186823,96448,90375,97373,50941,46432,89450,45507,43943
3712,C4114,24,477,District - Jamnagar (10),30-34,167868,86074,81794,87465,45055,42410,80403,41019,39384
3713,C4114,24,477,District - Jamnagar (10),35-39,153158,79639,73519,80706,42402,38304,72452,37237,35215
3714,C4114,24,477,District - Jamnagar (10),40-44,137662,71306,66356,73836,38097,35739,63826,33209,30617
3715,C4114,24,477,District - Jamnagar (10),45-49,117631,61279,56352,62509,32281,30228,55122,28998,26124
3716,C4114,24,477,District - Jamnagar (10),50-54,97062,51796,45266,52210,27510,24700,44852,24286,20566
3717,C4114,24,477,District - Jamnagar (10),55-59,71591,36138,35453,39166,19288,19878,32425,16850,15575
3718,C4114,24,477,District - Jamnagar (10),60-64,64056,31576,32480,35616,17696,17920,28440,13880,14560
3719,C4114,24,477,District - Jamnagar (10),65-69,44055,20483,23572,24478,11147,13331,19577,9336,10241
3720,C4114,24,477,District - Jamnagar (10),70-74,36339,16895,19444,21843,10204,11639,14496,6691,7805
3721,C4114,24,477,District - Jamnagar (10),75-79,18086,7748,10338,10824,4471,6353,7262,3277,3985
3722,C4114,24,477,District - Jamnagar (10),80+,27266,11049,16217,17118,6890,10228,10148,4159,5989
3723,C4114,24,477,District - Jamnagar (10),Age not stated,4747,2446,2301,2168,1129,1039,2579,1317,1262
3724,C4114,24,478,District - Porbandar  (11),All ages,585449,300209,285240,299775,153260,146515,285674,146949,138725
3725,C4114,24,478,District - Porbandar  (11),0-4,44866,23454,21412,24427,12812,11615,20439,10642,9797
3726,C4114,24,478,District - Porbandar  (11),5-9,54098,28640,25458,29099,15192,13907,24999,13448,11551
3727,C4114,24,478,District - Porbandar  (11),10-14,59674,31090,28584,31969,16591,15378,27705,14499,13206
3728,C4114,24,478,District - Porbandar  (11),15-19,55858,29284,26574,28390,14816,13574,27468,14468,13000
3729,C4114,24,478,District - Porbandar  (11),20-24,51961,27430,24531,25658,13690,11968,26303,13740,12563
3730,C4114,24,478,District - Porbandar  (11),25-29,48429,25026,23403,23457,12210,11247,24972,12816,12156
3731,C4114,24,478,District - Porbandar  (11),30-34,45714,22953,22761,22672,11349,11323,23042,11604,11438
3732,C4114,24,478,District - Porbandar  (11),35-39,43431,22109,21322,21739,11126,10613,21692,10983,10709
3733,C4114,24,478,District - Porbandar  (11),40-44,40242,20554,19688,20267,10279,9988,19975,10275,9700
3734,C4114,24,478,District - Porbandar  (11),45-49,34390,17724,16666,17126,8834,8292,17264,8890,8374
3735,C4114,24,478,District - Porbandar  (11),50-54,28523,14876,13647,14322,7455,6867,14201,7421,6780
3736,C4114,24,478,District - Porbandar  (11),55-59,21452,10834,10618,10782,5305,5477,10670,5529,5141
3737,C4114,24,478,District - Porbandar  (11),60-64,19384,9573,9811,9883,4861,5022,9501,4712,4789
3738,C4114,24,478,District - Porbandar  (11),65-69,13252,6078,7174,6965,3169,3796,6287,2909,3378
3739,C4114,24,478,District - Porbandar  (11),70-74,10875,4892,5983,5907,2640,3267,4968,2252,2716
3740,C4114,24,478,District - Porbandar  (11),75-79,5203,2278,2925,2894,1239,1655,2309,1039,1270
3741,C4114,24,478,District - Porbandar  (11),80+,6949,2790,4159,3987,1565,2422,2962,1225,1737
3742,C4114,24,478,District - Porbandar  (11),Age not stated,1148,624,524,231,127,104,917,497,420
3743,C4114,24,479,District - Junagadh (12),All ages,2743082,1404356,1338726,1836670,940271,896399,906412,464085,442327
3744,C4114,24,479,District - Junagadh (12),0-4,213963,111553,102410,146775,76237,70538,67188,35316,31872
3745,C4114,24,479,District - Junagadh (12),5-9,256387,135823,120564,176513,92997,83516,79874,42826,37048
3746,C4114,24,479,District - Junagadh (12),10-14,297779,156224,141555,201675,105644,96031,96104,50580,45524
3747,C4114,24,479,District - Junagadh (12),15-19,283471,146390,137081,187811,97325,90486,95660,49065,46595
3748,C4114,24,479,District - Junagadh (12),20-24,253686,130342,123344,166944,85671,81273,86742,44671,42071
3749,C4114,24,479,District - Junagadh (12),25-29,222602,114594,108008,145114,75324,69790,77488,39270,38218
3750,C4114,24,479,District - Junagadh (12),30-34,210767,106309,104458,140170,71069,69101,70597,35240,35357
3751,C4114,24,479,District - Junagadh (12),35-39,200205,103123,97082,132805,69073,63732,67400,34050,33350
3752,C4114,24,479,District - Junagadh (12),40-44,182389,93194,89195,120848,61933,58915,61541,31261,30280
3753,C4114,24,479,District - Junagadh (12),45-49,155795,80689,75106,101270,52557,48713,54525,28132,26393
3754,C4114,24,479,District - Junagadh (12),50-54,124036,64749,59287,81495,42242,39253,42541,22507,20034
3755,C4114,24,479,District - Junagadh (12),55-59,94601,47453,47148,62881,31012,31869,31720,16441,15279
3756,C4114,24,479,District - Junagadh (12),60-64,81975,39901,42074,56048,27475,28573,25927,12426,13501
3757,C4114,24,479,District - Junagadh (12),65-69,57030,26063,30967,38968,17738,21230,18062,8325,9737
3758,C4114,24,479,District - Junagadh (12),70-74,47269,21932,25337,33528,15404,18124,13741,6528,7213
3759,C4114,24,479,District - Junagadh (12),75-79,23102,10071,13031,16544,7130,9414,6558,2941,3617
3760,C4114,24,479,District - Junagadh (12),80+,33637,13701,19936,24968,10254,14714,8669,3447,5222
3761,C4114,24,479,District - Junagadh (12),Age not stated,4388,2245,2143,2313,1186,1127,2075,1059,1016
3762,C4114,24,480,District - Amreli (13),All ages,1514190,771049,743141,1127555,572554,555001,386635,198495,188140
3763,C4114,24,480,District - Amreli (13),0-4,120113,63413,56700,90938,47887,43051,29175,15526,13649
3764,C4114,24,480,District - Amreli (13),5-9,137360,73252,64108,103786,55193,48593,33574,18059,15515
3765,C4114,24,480,District - Amreli (13),10-14,158957,83493,75464,118838,62075,56763,40119,21418,18701
3766,C4114,24,480,District - Amreli (13),15-19,164637,83394,81243,120765,61284,59481,43872,22110,21762
3767,C4114,24,480,District - Amreli (13),20-24,141186,69727,71459,103734,50788,52946,37452,18939,18513
3768,C4114,24,480,District - Amreli (13),25-29,114090,58426,55664,81974,42017,39957,32116,16409,15707
3769,C4114,24,480,District - Amreli (13),30-34,106817,54116,52701,77639,39344,38295,29178,14772,14406
3770,C4114,24,480,District - Amreli (13),35-39,102575,52997,49578,74957,38774,36183,27618,14223,13395
3771,C4114,24,480,District - Amreli (13),40-44,97026,49344,47682,71600,36397,35203,25426,12947,12479
3772,C4114,24,480,District - Amreli (13),45-49,83474,42930,40544,61320,31569,29751,22154,11361,10793
3773,C4114,24,480,District - Amreli (13),50-54,68982,36200,32782,51455,26780,24675,17527,9420,8107
3774,C4114,24,480,District - Amreli (13),55-59,54277,26650,27627,41048,19887,21161,13229,6763,6466
3775,C4114,24,480,District - Amreli (13),60-64,49525,24717,24808,38328,19209,19119,11197,5508,5689
3776,C4114,24,480,District - Amreli (13),65-69,36871,17116,19755,28503,13144,15359,8368,3972,4396
3777,C4114,24,480,District - Amreli (13),70-74,31513,15076,16437,25128,12039,13089,6385,3037,3348
3778,C4114,24,480,District - Amreli (13),75-79,16271,7222,9049,13033,5721,7312,3238,1501,1737
3779,C4114,24,480,District - Amreli (13),80+,24970,10109,14861,20248,8251,11997,4722,1858,2864
3780,C4114,24,480,District - Amreli (13),Age not stated,5546,2867,2679,4261,2195,2066,1285,672,613
3781,C4114,24,481,District - Bhavnagar (14),All ages,2880365,1490201,1390164,1697964,868833,829131,1182401,621368,561033
3782,C4114,24,481,District - Bhavnagar (14),0-4,266062,139734,126328,168719,88112,80607,97343,51622,45721
3783,C4114,24,481,District - Bhavnagar (14),5-9,294989,158346,136643,185580,98594,86986,109409,59752,49657
3784,C4114,24,481,District - Bhavnagar (14),10-14,320936,170105,150831,202103,105789,96314,118833,64316,54517
3785,C4114,24,481,District - Bhavnagar (14),15-19,319505,166304,153201,196166,100095,96071,123339,66209,57130
3786,C4114,24,481,District - Bhavnagar (14),20-24,273001,140656,132345,155071,78483,76588,117930,62173,55757
3787,C4114,24,481,District - Bhavnagar (14),25-29,234445,123329,111116,128280,67021,61259,106165,56308,49857
3788,C4114,24,481,District - Bhavnagar (14),30-34,210679,108313,102366,116563,59205,57358,94116,49108,45008
3789,C4114,24,481,District - Bhavnagar (14),35-39,192600,99797,92803,106497,54858,51639,86103,44939,41164
3790,C4114,24,481,District - Bhavnagar (14),40-44,171742,88268,83474,94797,48260,46537,76945,40008,36937
3791,C4114,24,481,District - Bhavnagar (14),45-49,145220,75145,70075,79136,40792,38344,66084,34353,31731
3792,C4114,24,481,District - Bhavnagar (14),50-54,118399,61967,56432,64767,33412,31355,53632,28555,25077
3793,C4114,24,481,District - Bhavnagar (14),55-59,89381,45002,44379,50301,24683,25618,39080,20319,18761
3794,C4114,24,481,District - Bhavnagar (14),60-64,76804,37791,39013,45249,22278,22971,31555,15513,16042
3795,C4114,24,481,District - Bhavnagar (14),65-69,55868,26002,29866,34203,15804,18399,21665,10198,11467
3796,C4114,24,481,District - Bhavnagar (14),70-74,46230,21722,24508,29254,13871,15383,16976,7851,9125
3797,C4114,24,481,District - Bhavnagar (14),75-79,24334,10805,13529,15350,6658,8692,8984,4147,4837
3798,C4114,24,481,District - Bhavnagar (14),80+,34105,13833,20272,22618,9223,13395,11487,4610,6877
3799,C4114,24,481,District - Bhavnagar (14),Age not stated,6065,3082,2983,3310,1695,1615,2755,1387,1368
3800,C4114,24,482,District - Anand   (15),All ages,2092745,1087224,1005521,1457758,758499,699259,634987,328725,306262
3801,C4114,24,482,District - Anand   (15),0-4,180009,94565,85444,131187,69050,62137,48822,25515,23307
3802,C4114,24,482,District - Anand   (15),5-9,188796,102558,86238,135322,73513,61809,53474,29045,24429
3803,C4114,24,482,District - Anand   (15),10-14,202421,109720,92701,145684,78874,66810,56737,30846,25891
3804,C4114,24,482,District - Anand   (15),15-19,193477,104508,88969,135369,72982,62387,58108,31526,26582
3805,C4114,24,482,District - Anand   (15),20-24,194227,101765,92462,132545,69952,62593,61682,31813,29869
3806,C4114,24,482,District - Anand   (15),25-29,176032,92042,83990,119791,62970,56821,56241,29072,27169
3807,C4114,24,482,District - Anand   (15),30-34,167102,85656,81446,115870,59502,56368,51232,26154,25078
3808,C4114,24,482,District - Anand   (15),35-39,155482,80902,74580,108367,56966,51401,47115,23936,23179
3809,C4114,24,482,District - Anand   (15),40-44,139101,71397,67704,96583,49818,46765,42518,21579,20939
3810,C4114,24,482,District - Anand   (15),45-49,123408,63483,59925,84281,43627,40654,39127,19856,19271
3811,C4114,24,482,District - Anand   (15),50-54,102975,52706,50269,70396,35736,34660,32579,16970,15609
3812,C4114,24,482,District - Anand   (15),55-59,80942,40816,40126,54220,27022,27198,26722,13794,12928
3813,C4114,24,482,District - Anand   (15),60-64,67865,32312,35553,46589,21809,24780,21276,10503,10773
3814,C4114,24,482,District - Anand   (15),65-69,46796,21659,25137,31850,14635,17215,14946,7024,7922
3815,C4114,24,482,District - Anand   (15),70-74,34138,15402,18736,23497,10430,13067,10641,4972,5669
3816,C4114,24,482,District - Anand   (15),75-79,16127,7031,9096,10596,4611,5985,5531,2420,3111
3817,C4114,24,482,District - Anand   (15),80+,17576,7353,10223,11811,4969,6842,5765,2384,3381
3818,C4114,24,482,District - Anand   (15),Age not stated,6271,3349,2922,3800,2033,1767,2471,1316,1155
3819,C4114,24,483,District - Kheda (16),All ages,2299885,1185727,1114158,1776276,915197,861079,523609,270530,253079
3820,C4114,24,483,District - Kheda (16),0-4,206368,107912,98456,165276,86067,79209,41092,21845,19247
3821,C4114,24,483,District - Kheda (16),5-9,216723,116278,100445,171266,91590,79676,45457,24688,20769
3822,C4114,24,483,District - Kheda (16),10-14,234864,126156,108708,185640,99476,86164,49224,26680,22544
3823,C4114,24,483,District - Kheda (16),15-19,212204,112228,99976,164181,86770,77411,48023,25458,22565
3824,C4114,24,483,District - Kheda (16),20-24,205025,106165,98860,156370,81003,75367,48655,25162,23493
3825,C4114,24,483,District - Kheda (16),25-29,185476,96226,89250,140494,73073,67421,44982,23153,21829
3826,C4114,24,483,District - Kheda (16),30-34,178138,90237,87901,136975,69399,67576,41163,20838,20325
3827,C4114,24,483,District - Kheda (16),35-39,167852,86611,81241,129546,67119,62427,38306,19492,18814
3828,C4114,24,483,District - Kheda (16),40-44,151619,77300,74319,117278,59933,57345,34341,17367,16974
3829,C4114,24,483,District - Kheda (16),45-49,130612,67181,63431,99321,51314,48007,31291,15867,15424
3830,C4114,24,483,District - Kheda (16),50-54,109206,55634,53572,82518,41840,40678,26688,13794,12894
3831,C4114,24,483,District - Kheda (16),55-59,85658,42429,43229,64438,31624,32814,21220,10805,10415
3832,C4114,24,483,District - Kheda (16),60-64,72833,34865,37968,55150,26210,28940,17683,8655,9028
3833,C4114,24,483,District - Kheda (16),65-69,48581,22292,26289,36772,16674,20098,11809,5618,6191
3834,C4114,24,483,District - Kheda (16),70-74,36679,16787,19892,28047,12765,15282,8632,4022,4610
3835,C4114,24,483,District - Kheda (16),75-79,16752,7688,9064,12377,5679,6698,4375,2009,2366
3836,C4114,24,483,District - Kheda (16),80+,18937,8178,10759,14306,6264,8042,4631,1914,2717
3837,C4114,24,483,District - Kheda (16),Age not stated,22358,11560,10798,16321,8397,7924,6037,3163,2874
3838,C4114,24,484,District - Panch Mahals (17),All ages,2390776,1226961,1163815,2055949,1053376,1002573,334827,173585,161242
3839,C4114,24,484,District - Panch Mahals (17),0-4,257868,132824,125044,227928,117075,110853,29940,15749,14191
3840,C4114,24,484,District - Panch Mahals (17),5-9,261511,136774,124737,229072,119313,109759,32439,17461,14978
3841,C4114,24,484,District - Panch Mahals (17),10-14,270176,140066,130110,235424,121384,114040,34752,18682,16070
3842,C4114,24,484,District - Panch Mahals (17),15-19,233653,123538,110115,199928,105434,94494,33725,18104,15621
3843,C4114,24,484,District - Panch Mahals (17),20-24,210391,109855,100536,177422,92818,84604,32969,17037,15932
3844,C4114,24,484,District - Panch Mahals (17),25-29,188260,98058,90202,159066,83099,75967,29194,14959,14235
3845,C4114,24,484,District - Panch Mahals (17),30-34,175331,89266,86065,149137,76039,73098,26194,13227,12967
3846,C4114,24,484,District - Panch Mahals (17),35-39,161215,83018,78197,136721,70671,66050,24494,12347,12147
3847,C4114,24,484,District - Panch Mahals (17),40-44,141840,72105,69735,119984,61101,58883,21856,11004,10852
3848,C4114,24,484,District - Panch Mahals (17),45-49,121539,62461,59078,102478,52498,49980,19061,9963,9098
3849,C4114,24,484,District - Panch Mahals (17),50-54,99852,50704,49148,84844,42768,42076,15008,7936,7072
3850,C4114,24,484,District - Panch Mahals (17),55-59,78744,38508,40236,67382,32609,34773,11362,5899,5463
3851,C4114,24,484,District - Panch Mahals (17),60-64,69976,33941,36035,61183,29621,31562,8793,4320,4473
3852,C4114,24,484,District - Panch Mahals (17),65-69,46128,21468,24660,40330,18709,21621,5798,2759,3039
3853,C4114,24,484,District - Panch Mahals (17),70-74,34624,16138,18486,30412,14256,16156,4212,1882,2330
3854,C4114,24,484,District - Panch Mahals (17),75-79,15773,6949,8824,13664,5967,7697,2109,982,1127
3855,C4114,24,484,District - Panch Mahals (17),80+,18294,8399,9895,16106,7518,8588,2188,881,1307
3856,C4114,24,484,District - Panch Mahals (17),Age not stated,5601,2889,2712,4868,2496,2372,733,393,340
3857,C4114,24,485,District - Dohad   (18),All ages,2127086,1068651,1058435,1935461,970963,964498,191625,97688,93937
3858,C4114,24,485,District - Dohad   (18),0-4,298753,153057,145696,279119,142779,136340,19634,10278,9356
3859,C4114,24,485,District - Dohad   (18),5-9,285260,146405,138855,265376,135894,129482,19884,10511,9373
3860,C4114,24,485,District - Dohad   (18),10-14,273568,138395,135173,253377,127729,125648,20191,10666,9525
3861,C4114,24,485,District - Dohad   (18),15-19,205903,101596,104307,186908,91512,95396,18995,10084,8911
3862,C4114,24,485,District - Dohad   (18),20-24,178324,87332,90992,160337,78254,82083,17987,9078,8909
3863,C4114,24,485,District - Dohad   (18),25-29,160808,80905,79903,144919,72926,71993,15889,7979,7910
3864,C4114,24,485,District - Dohad   (18),30-34,145779,73216,72563,131640,66290,65350,14139,6926,7213
3865,C4114,24,485,District - Dohad   (18),35-39,127304,65353,61951,114429,58877,55552,12875,6476,6399
3866,C4114,24,485,District - Dohad   (18),40-44,103531,52432,51099,92079,46798,45281,11452,5634,5818
3867,C4114,24,485,District - Dohad   (18),45-49,90501,45813,44688,79838,40474,39364,10663,5339,5324
3868,C4114,24,485,District - Dohad   (18),50-54,71275,36359,34916,62662,31898,30764,8613,4461,4152
3869,C4114,24,485,District - Dohad   (18),55-59,55389,27366,28023,48806,23939,24867,6583,3427,3156
3870,C4114,24,485,District - Dohad   (18),60-64,46710,22351,24359,41625,19939,21686,5085,2412,2673
3871,C4114,24,485,District - Dohad   (18),65-69,32819,15018,17801,29300,13428,15872,3519,1590,1929
3872,C4114,24,485,District - Dohad   (18),70-74,23293,10511,12782,20477,9238,11239,2816,1273,1543
3873,C4114,24,485,District - Dohad   (18),75-79,10527,4475,6052,9067,3767,5300,1460,708,752
3874,C4114,24,485,District - Dohad   (18),80+,12140,5358,6782,10682,4722,5960,1458,636,822
3875,C4114,24,485,District - Dohad   (18),Age not stated,5202,2709,2493,4820,2499,2321,382,210,172
3876,C4114,24,486,District - Vadodara (19),All ages,4165626,2153736,2011890,2099855,1077943,1021912,2065771,1075793,989978
3877,C4114,24,486,District - Vadodara (19),0-4,350944,184275,166669,203939,105466,98473,147005,78809,68196
3878,C4114,24,486,District - Vadodara (19),5-9,375612,200332,175280,213769,111719,102050,161843,88613,73230
3879,C4114,24,486,District - Vadodara (19),10-14,395586,212089,183497,218736,114885,103851,176850,97204,79646
3880,C4114,24,486,District - Vadodara (19),15-19,365284,195625,169659,184919,97871,87048,180365,97754,82611
3881,C4114,24,486,District - Vadodara (19),20-24,370405,191631,178774,176398,91324,85074,194007,100307,93700
3882,C4114,24,486,District - Vadodara (19),25-29,355643,182123,173520,165031,85257,79774,190612,96866,93746
3883,C4114,24,486,District - Vadodara (19),30-34,333074,169315,163759,159271,80882,78389,173803,88433,85370
3884,C4114,24,486,District - Vadodara (19),35-39,314616,160858,153758,153256,79317,73939,161360,81541,79819
3885,C4114,24,486,District - Vadodara (19),40-44,289309,147550,141759,141058,72366,68692,148251,75184,73067
3886,C4114,24,486,District - Vadodara (19),45-49,253042,130108,122934,119858,62247,57611,133184,67861,65323
3887,C4114,24,486,District - Vadodara (19),50-54,210901,109353,101548,98266,50516,47750,112635,58837,53798
3888,C4114,24,486,District - Vadodara (19),55-59,167057,84933,82124,77450,38187,39263,89607,46746,42861
3889,C4114,24,486,District - Vadodara (19),60-64,136468,67827,68641,66910,32231,34679,69558,35596,33962
3890,C4114,24,486,District - Vadodara (19),65-69,90446,43768,46678,45717,21080,24637,44729,22688,22041
3891,C4114,24,486,District - Vadodara (19),70-74,64029,30208,33821,32678,14979,17699,31351,15229,16122
3892,C4114,24,486,District - Vadodara (19),75-79,31429,14709,16720,14511,6457,8054,16918,8252,8666
3893,C4114,24,486,District - Vadodara (19),80+,33380,14533,18847,15302,6780,8522,18078,7753,10325
3894,C4114,24,486,District - Vadodara (19),Age not stated,28401,14499,13902,12786,6379,6407,15615,8120,7495
3895,C4114,24,487,District - Narmada (20),All ages,590297,301086,289211,528425,269408,259017,61872,31678,30194
3896,C4114,24,487,District - Narmada (20),0-4,55243,28347,26896,50900,26054,24846,4343,2293,2050
3897,C4114,24,487,District - Narmada (20),5-9,59198,30759,28439,54365,28127,26238,4833,2632,2201
3898,C4114,24,487,District - Narmada (20),10-14,68171,35393,32778,61397,31761,29636,6774,3632,3142
3899,C4114,24,487,District - Narmada (20),15-19,58948,30731,28217,52140,27165,24975,6808,3566,3242
3900,C4114,24,487,District - Narmada (20),20-24,50754,26035,24719,44723,23005,21718,6031,3030,3001
3901,C4114,24,487,District - Narmada (20),25-29,44516,22732,21784,39246,20077,19169,5270,2655,2615
3902,C4114,24,487,District - Narmada (20),30-34,42928,21598,21330,38231,19194,19037,4697,2404,2293
3903,C4114,24,487,District - Narmada (20),35-39,42464,21524,20940,37933,19308,18625,4531,2216,2315
3904,C4114,24,487,District - Narmada (20),40-44,39429,19862,19567,35195,17754,17441,4234,2108,2126
3905,C4114,24,487,District - Narmada (20),45-49,33089,17138,15951,29063,15149,13914,4026,1989,2037
3906,C4114,24,487,District - Narmada (20),50-54,25712,13234,12478,22550,11494,11056,3162,1740,1422
3907,C4114,24,487,District - Narmada (20),55-59,20235,10096,10139,18037,8941,9096,2198,1155,1043
3908,C4114,24,487,District - Narmada (20),60-64,17899,8579,9320,16134,7727,8407,1765,852,913
3909,C4114,24,487,District - Narmada (20),65-69,12983,6143,6840,11735,5571,6164,1248,572,676
3910,C4114,24,487,District - Narmada (20),70-74,8742,4175,4567,7874,3805,4069,868,370,498
3911,C4114,24,487,District - Narmada (20),75-79,3950,1794,2156,3468,1582,1886,482,212,270
3912,C4114,24,487,District - Narmada (20),80+,3945,1873,2072,3450,1669,1781,495,204,291
3913,C4114,24,487,District - Narmada (20),Age not stated,2091,1073,1018,1984,1025,959,107,48,59
3914,C4114,24,488,District - Bharuch (21),All ages,1551019,805707,745312,1026060,529393,496667,524959,276314,248645
3915,C4114,24,488,District - Bharuch (21),0-4,124459,64604,59855,84741,43684,41057,39718,20920,18798
3916,C4114,24,488,District - Bharuch (21),5-9,140900,74287,66613,95374,49590,45784,45526,24697,20829
3917,C4114,24,488,District - Bharuch (21),10-14,155698,81652,74046,105970,54808,51162,49728,26844,22884
3918,C4114,24,488,District - Bharuch (21),15-19,148150,79484,68666,98117,52136,45981,50033,27348,22685
3919,C4114,24,488,District - Bharuch (21),20-24,144474,78055,66419,92930,50488,42442,51544,27567,23977
3920,C4114,24,488,District - Bharuch (21),25-29,130617,68698,61919,82688,43813,38875,47929,24885,23044
3921,C4114,24,488,District - Bharuch (21),30-34,121437,62167,59270,77640,39991,37649,43797,22176,21621
3922,C4114,24,488,District - Bharuch (21),35-39,118262,60965,57297,75818,39246,36572,42444,21719,20725
3923,C4114,24,488,District - Bharuch (21),40-44,109662,56734,52928,70984,36504,34480,38678,20230,18448
3924,C4114,24,488,District - Bharuch (21),45-49,93162,49070,44092,60751,31745,29006,32411,17325,15086
3925,C4114,24,488,District - Bharuch (21),50-54,73531,38531,35000,48972,25157,23815,24559,13374,11185
3926,C4114,24,488,District - Bharuch (21),55-59,57119,29320,27799,38902,19578,19324,18217,9742,8475
3927,C4114,24,488,District - Bharuch (21),60-64,45525,21859,23666,31986,15110,16876,13539,6749,6790
3928,C4114,24,488,District - Bharuch (21),65-69,31513,14405,17108,22572,10159,12413,8941,4246,4695
3929,C4114,24,488,District - Bharuch (21),70-74,23834,10766,13068,17310,7685,9625,6524,3081,3443
3930,C4114,24,488,District - Bharuch (21),75-79,11290,5225,6065,7921,3626,4295,3369,1599,1770
3931,C4114,24,488,District - Bharuch (21),80+,11916,5014,6902,7988,3361,4627,3928,1653,2275
3932,C4114,24,488,District - Bharuch (21),Age not stated,9470,4871,4599,5396,2712,2684,4074,2159,1915
3933,C4114,24,489,District - The Dangs (22),All ages,228291,113821,114470,203604,101710,101894,24687,12111,12576
3934,C4114,24,489,District - The Dangs (22),0-4,28844,14651,14193,26931,13665,13266,1913,986,927
3935,C4114,24,489,District - The Dangs (22),5-9,30790,15668,15122,28470,14481,13989,2320,1187,1133
3936,C4114,24,489,District - The Dangs (22),10-14,28999,14855,14144,24977,12836,12141,4022,2019,2003
3937,C4114,24,489,District - The Dangs (22),15-19,20443,10292,10151,16787,8775,8012,3656,1517,2139
3938,C4114,24,489,District - The Dangs (22),20-24,19599,9270,10329,17380,8133,9247,2219,1137,1082
3939,C4114,24,489,District - The Dangs (22),25-29,17420,8509,8911,15621,7662,7959,1799,847,952
3940,C4114,24,489,District - The Dangs (22),30-34,14713,7290,7423,13038,6450,6588,1675,840,835
3941,C4114,24,489,District - The Dangs (22),35-39,12995,6393,6602,11495,5663,5832,1500,730,770
3942,C4114,24,489,District - The Dangs (22),40-44,12323,5999,6324,10968,5306,5662,1355,693,662
3943,C4114,24,489,District - The Dangs (22),45-49,11790,5870,5920,10543,5235,5308,1247,635,612
3944,C4114,24,489,District - The Dangs (22),50-54,9802,4898,4904,8826,4398,4428,976,500,476
3945,C4114,24,489,District - The Dangs (22),55-59,7435,3837,3598,6711,3464,3247,724,373,351
3946,C4114,24,489,District - The Dangs (22),60-64,5129,2551,2578,4673,2320,2353,456,231,225
3947,C4114,24,489,District - The Dangs (22),65-69,3449,1569,1880,3147,1425,1722,302,144,158
3948,C4114,24,489,District - The Dangs (22),70-74,2344,1101,1243,2155,1022,1133,189,79,110
3949,C4114,24,489,District - The Dangs (22),75-79,982,423,559,910,390,520,72,33,39
3950,C4114,24,489,District - The Dangs (22),80+,886,428,458,776,383,393,110,45,65
3951,C4114,24,489,District - The Dangs (22),Age not stated,348,217,131,196,102,94,152,115,37
3952,C4114,24,490,District - Navsari   (23),All ages,1329672,678165,651507,920535,464749,455786,409137,213416,195721
3953,C4114,24,490,District - Navsari   (23),0-4,94908,49130,45778,64927,33222,31705,29981,15908,14073
3954,C4114,24,490,District - Navsari   (23),5-9,102711,53812,48899,71197,36810,34387,31514,17002,14512
3955,C4114,24,490,District - Navsari   (23),10-14,117314,61489,55825,83577,43232,40345,33737,18257,15480
3956,C4114,24,490,District - Navsari   (23),15-19,121560,64282,57278,84894,44435,40459,36666,19847,16819
3957,C4114,24,490,District - Navsari   (23),20-24,122364,63725,58639,81132,42059,39073,41232,21666,19566
3958,C4114,24,490,District - Navsari   (23),25-29,114157,59639,54518,74806,38781,36025,39351,20858,18493
3959,C4114,24,490,District - Navsari   (23),30-34,106066,54426,51640,71359,36095,35264,34707,18331,16376
3960,C4114,24,490,District - Navsari   (23),35-39,102473,51867,50606,71049,35565,35484,31424,16302,15122
3961,C4114,24,490,District - Navsari   (23),40-44,96861,48478,48383,68630,34243,34387,28231,14235,13996
3962,C4114,24,490,District - Navsari   (23),45-49,84949,42444,42505,59475,29617,29858,25474,12827,12647
3963,C4114,24,490,District - Navsari   (23),50-54,72111,36840,35271,50614,25554,25060,21497,11286,10211
3964,C4114,24,490,District - Navsari   (23),55-59,56601,27974,28627,39903,19379,20524,16698,8595,8103
3965,C4114,24,490,District - Navsari   (23),60-64,47108,22779,24329,33930,16204,17726,13178,6575,6603
3966,C4114,24,490,District - Navsari   (23),65-69,32162,14923,17239,23572,10807,12765,8590,4116,4474
3967,C4114,24,490,District - Navsari   (23),70-74,24335,11072,13263,17771,8108,9663,6564,2964,3600
3968,C4114,24,490,District - Navsari   (23),75-79,12670,5608,7062,9005,3963,5042,3665,1645,2020
3969,C4114,24,490,District - Navsari   (23),80+,13970,5906,8064,9869,4185,5684,4101,1721,2380
3970,C4114,24,490,District - Navsari   (23),Age not stated,7352,3771,3581,4825,2490,2335,2527,1281,1246
3971,C4114,24,491,District - Valsad (24),All ages,1705678,887222,818456,1070177,542644,527533,635501,344578,290923
3972,C4114,24,491,District - Valsad (24),0-4,152288,78943,73345,101354,52071,49283,50934,26872,24062
3973,C4114,24,491,District - Valsad (24),5-9,162099,84595,77504,107026,54984,52042,55073,29611,25462
3974,C4114,24,491,District - Valsad (24),10-14,166818,87496,79322,110038,56853,53185,56780,30643,26137
3975,C4114,24,491,District - Valsad (24),15-19,152922,82040,70882,94996,49398,45598,57926,32642,25284
3976,C4114,24,491,District - Valsad (24),20-24,160029,85533,74496,93093,47684,45409,66936,37849,29087
3977,C4114,24,491,District - Valsad (24),25-29,150376,78753,71623,85447,43231,42216,64929,35522,29407
3978,C4114,24,491,District - Valsad (24),30-34,139866,72615,67251,81566,41058,40508,58300,31557,26743
3979,C4114,24,491,District - Valsad (24),35-39,133730,69979,63751,80289,40780,39509,53441,29199,24242
3980,C4114,24,491,District - Valsad (24),40-44,116615,61008,55607,72573,36820,35753,44042,24188,19854
3981,C4114,24,491,District - Valsad (24),45-49,95663,50041,45622,61038,31144,29894,34625,18897,15728
3982,C4114,24,491,District - Valsad (24),50-54,75455,39827,35628,49076,25369,23707,26379,14458,11921
3983,C4114,24,491,District - Valsad (24),55-59,57842,29127,28715,38350,18870,19480,19492,10257,9235
3984,C4114,24,491,District - Valsad (24),60-64,47689,23168,24521,32066,15258,16808,15623,7910,7713
3985,C4114,24,491,District - Valsad (24),65-69,31970,15093,16877,21864,10129,11735,10106,4964,5142
3986,C4114,24,491,District - Valsad (24),70-74,22886,10426,12460,15620,7081,8539,7266,3345,3921
3987,C4114,24,491,District - Valsad (24),75-79,11383,5132,6251,7460,3244,4216,3923,1888,2035
3988,C4114,24,491,District - Valsad (24),80+,12681,5655,7026,8034,3580,4454,4647,2075,2572
3989,C4114,24,491,District - Valsad (24),Age not stated,15366,7791,7575,10287,5090,5197,5079,2701,2378
3990,C4114,24,492,District - Surat (25),All ages,6081322,3402224,2679098,1232109,640060,592049,4849213,2762164,2087049
3991,C4114,24,492,District - Surat (25),0-4,518451,281064,237387,98161,50640,47521,420290,230424,189866
3992,C4114,24,492,District - Surat (25),5-9,535858,295948,239910,106886,55736,51150,428972,240212,188760
3993,C4114,24,492,District - Surat (25),10-14,534689,295107,239582,119109,62684,56425,415580,232423,183157
3994,C4114,24,492,District - Surat (25),15-19,586006,350310,235696,115462,62704,52758,470544,287606,182938
3995,C4114,24,492,District - Surat (25),20-24,715502,428635,286867,119461,66046,53415,596041,362589,233452
3996,C4114,24,492,District - Surat (25),25-29,672937,384925,288012,109151,59313,49838,563786,325612,238174
3997,C4114,24,492,District - Surat (25),30-34,563952,316916,247036,99567,52330,47237,464385,264586,199799
3998,C4114,24,492,District - Surat (25),35-39,476469,264531,211938,94274,49084,45190,382195,215447,166748
3999,C4114,24,492,District - Surat (25),40-44,391237,215318,175919,85351,43358,41993,305886,171960,133926
4000,C4114,24,492,District - Surat (25),45-49,309088,168409,140679,71700,36559,35141,237388,131850,105538
4001,C4114,24,492,District - Surat (25),50-54,229583,125245,104338,57367,28961,28406,172216,96284,75932
4002,C4114,24,492,District - Surat (25),55-59,164086,86574,77512,44683,21771,22912,119403,64803,54600
4003,C4114,24,492,District - Surat (25),60-64,126078,64296,61782,36919,17218,19701,89159,47078,42081
4004,C4114,24,492,District - Surat (25),65-69,79835,38868,40967,25305,11649,13656,54530,27219,27311
4005,C4114,24,492,District - Surat (25),70-74,56907,26483,30424,18682,8325,10357,38225,18158,20067
4006,C4114,24,492,District - Surat (25),75-79,29469,13490,15979,9026,4026,5000,20443,9464,10979
4007,C4114,24,492,District - Surat (25),80+,37457,16323,21134,9936,4169,5767,27521,12154,15367
4008,C4114,24,492,District - Surat (25),Age not stated,53718,29782,23936,11069,5487,5582,42649,24295,18354
4009,C4114,24,493,District - Tapi (26),All ages,807022,402188,404834,727535,361548,365987,79487,40640,38847
4010,C4114,24,493,District - Tapi (26),0-4,62931,32182,30749,56612,28865,27747,6319,3317,3002
4011,C4114,24,493,District - Tapi (26),5-9,68564,35064,33500,61884,31525,30359,6680,3539,3141
4012,C4114,24,493,District - Tapi (26),10-14,78061,40085,37976,70736,36149,34587,7325,3936,3389
4013,C4114,24,493,District - Tapi (26),15-19,73440,38167,35273,66205,34296,31909,7235,3871,3364
4014,C4114,24,493,District - Tapi (26),20-24,72403,35727,36676,64586,31804,32782,7817,3923,3894
4015,C4114,24,493,District - Tapi (26),25-29,66648,33182,33466,59332,29444,29888,7316,3738,3578
4016,C4114,24,493,District - Tapi (26),30-34,62052,30592,31460,55528,27304,28224,6524,3288,3236
4017,C4114,24,493,District - Tapi (26),35-39,60772,29966,30806,54895,26983,27912,5877,2983,2894
4018,C4114,24,493,District - Tapi (26),40-44,59024,28592,30432,53519,25934,27585,5505,2658,2847
4019,C4114,24,493,District - Tapi (26),45-49,53171,26545,26626,48316,24136,24180,4855,2409,2446
4020,C4114,24,493,District - Tapi (26),50-54,41950,21068,20882,37796,18923,18873,4154,2145,2009
4021,C4114,24,493,District - Tapi (26),55-59,32079,15852,16227,28897,14132,14765,3182,1720,1462
4022,C4114,24,493,District - Tapi (26),60-64,26900,12530,14370,24584,11424,13160,2316,1106,1210
4023,C4114,24,493,District - Tapi (26),65-69,19655,9080,10575,18058,8345,9713,1597,735,862
4024,C4114,24,493,District - Tapi (26),70-74,12684,5784,6900,11641,5301,6340,1043,483,560
4025,C4114,24,493,District - Tapi (26),75-79,5717,2572,3145,5177,2334,2843,540,238,302
4026,C4114,24,493,District - Tapi (26),80+,5590,2488,3102,4953,2235,2718,637,253,384
4027,C4114,24,493,District - Tapi (26),Age not stated,5381,2712,2669,4816,2414,2402,565,298,267
4028,C4114,6,0,State - HARYANA (06),All ages,25351462,13494734,11856728,16509359,8774006,7735353,8842103,4720728,4121375
4029,C4114,6,0,State - HARYANA (06),0-4,2362519,1283789,1078730,1602923,870623,732300,759596,413166,346430
4030,C4114,6,0,State - HARYANA (06),5-9,2498757,1371825,1126932,1679882,920472,759410,818875,451353,367522
4031,C4114,6,0,State - HARYANA (06),10-14,2668678,1474136,1194542,1812859,996086,816773,855819,478050,377769
4032,C4114,6,0,State - HARYANA (06),15-19,2677390,1487548,1189842,1799991,994391,805600,877399,493157,384242
4033,C4114,6,0,State - HARYANA (06),20-24,2567486,1372799,1194687,1658579,889577,769002,908907,483222,425685
4034,C4114,6,0,State - HARYANA (06),25-29,2231959,1178340,1053619,1384241,737729,646512,847718,440611,407107
4035,C4114,6,0,State - HARYANA (06),30-34,1893591,976844,916747,1174200,605409,568791,719391,371435,347956
4036,C4114,6,0,State - HARYANA (06),35-39,1761863,912717,849146,1097613,569510,528103,664250,343207,321043
4037,C4114,6,0,State - HARYANA (06),40-44,1505950,790581,715369,947369,495956,451413,558581,294625,263956
4038,C4114,6,0,State - HARYANA (06),45-49,1241814,655749,586065,765054,403338,361716,476760,252411,224349
4039,C4114,6,0,State - HARYANA (06),50-54,965228,510688,454540,590288,310495,279793,374940,200193,174747
4040,C4114,6,0,State - HARYANA (06),55-59,750938,374209,376729,462888,224344,238544,288050,149865,138185
4041,C4114,6,0,State - HARYANA (06),60-64,844349,413958,430391,573957,276636,297321,270392,137322,133070
4042,C4114,6,0,State - HARYANA (06),65-69,504439,255270,249169,343427,171739,171688,161012,83531,77481
4043,C4114,6,0,State - HARYANA (06),70-74,374161,188304,185857,260398,130774,129624,113763,57530,56233
4044,C4114,6,0,State - HARYANA (06),75-79,196217,97692,98525,136964,68101,68863,59253,29591,29662
4045,C4114,6,0,State - HARYANA (06),80+,274589,133397,141192,198145,97815,100330,76444,35582,40862
4046,C4114,6,0,State - HARYANA (06),Age not stated,31534,16888,14646,20581,11011,9570,10953,5877,5076
4047,C4114,6,69,District - Panchkula (01),All ages,561293,299679,261614,248063,133153,114910,313230,166526,146704
4048,C4114,6,69,District - Panchkula (01),0-4,46043,24642,21401,22589,12046,10543,23454,12596,10858
4049,C4114,6,69,District - Panchkula (01),5-9,50326,27288,23038,23702,12868,10834,26624,14420,12204
4050,C4114,6,69,District - Panchkula (01),10-14,53025,29298,23727,25304,13911,11393,27721,15387,12334
4051,C4114,6,69,District - Panchkula (01),15-19,51584,28517,23067,24384,13240,11144,27200,15277,11923
4052,C4114,6,69,District - Panchkula (01),20-24,54745,29406,25339,25512,13518,11994,29233,15888,13345
4053,C4114,6,69,District - Panchkula (01),25-29,53355,27987,25368,23471,12625,10846,29884,15362,14522
4054,C4114,6,69,District - Panchkula (01),30-34,46752,24280,22472,19570,10429,9141,27182,13851,13331
4055,C4114,6,69,District - Panchkula (01),35-39,43620,22763,20857,18207,9772,8435,25413,12991,12422
4056,C4114,6,69,District - Panchkula (01),40-44,36599,19607,16992,15222,8252,6970,21377,11355,10022
4057,C4114,6,69,District - Panchkula (01),45-49,30105,16377,13728,12136,6754,5382,17969,9623,8346
4058,C4114,6,69,District - Panchkula (01),50-54,23658,12437,11221,8717,4748,3969,14941,7689,7252
4059,C4114,6,69,District - Panchkula (01),55-59,19016,9986,9030,6639,3422,3217,12377,6564,5813
4060,C4114,6,69,District - Panchkula (01),60-64,18786,9299,9487,7774,3819,3955,11012,5480,5532
4061,C4114,6,69,District - Panchkula (01),65-69,12598,6691,5907,5231,2710,2521,7367,3981,3386
4062,C4114,6,69,District - Panchkula (01),70-74,8857,4733,4124,3861,2042,1819,4996,2691,2305
4063,C4114,6,69,District - Panchkula (01),75-79,4668,2488,2180,1973,1016,957,2695,1472,1223
4064,C4114,6,69,District - Panchkula (01),80+,6023,3057,2966,2962,1556,1406,3061,1501,1560
4065,C4114,6,69,District - Panchkula (01),Age not stated,1533,823,710,809,425,384,724,398,326
4066,C4114,6,70,District - Ambala (02),All ages,1128350,598703,529647,627576,331703,295873,500774,267000,233774
4067,C4114,6,70,District - Ambala (02),0-4,89510,49305,40205,52470,29110,23360,37040,20195,16845
4068,C4114,6,70,District - Ambala (02),5-9,94872,53127,41745,54992,31004,23988,39880,22123,17757
4069,C4114,6,70,District - Ambala (02),10-14,100432,56826,43606,59209,33515,25694,41223,23311,17912
4070,C4114,6,70,District - Ambala (02),15-19,110758,61045,49713,65483,35870,29613,45275,25175,20100
4071,C4114,6,70,District - Ambala (02),20-24,116232,60611,55621,64579,32902,31677,51653,27709,23944
4072,C4114,6,70,District - Ambala (02),25-29,106055,55711,50344,55698,28693,27005,50357,27018,23339
4073,C4114,6,70,District - Ambala (02),30-34,88568,45862,42706,46737,23761,22976,41831,22101,19730
4074,C4114,6,70,District - Ambala (02),35-39,82358,42252,40106,44530,22675,21855,37828,19577,18251
4075,C4114,6,70,District - Ambala (02),40-44,72855,37253,35602,39741,20304,19437,33114,16949,16165
4076,C4114,6,70,District - Ambala (02),45-49,64345,33878,30467,33696,17768,15928,30649,16110,14539
4077,C4114,6,70,District - Ambala (02),50-54,50087,26284,23803,25614,13517,12097,24473,12767,11706
4078,C4114,6,70,District - Ambala (02),55-59,40011,20311,19700,20258,10096,10162,19753,10215,9538
4079,C4114,6,70,District - Ambala (02),60-64,41344,20577,20767,23277,11498,11779,18067,9079,8988
4080,C4114,6,70,District - Ambala (02),65-69,26171,13256,12915,14817,7459,7358,11354,5797,5557
4081,C4114,6,70,District - Ambala (02),70-74,19641,10018,9623,11445,5988,5457,8196,4030,4166
4082,C4114,6,70,District - Ambala (02),75-79,10429,5215,5214,5971,2978,2993,4458,2237,2221
4083,C4114,6,70,District - Ambala (02),80+,14002,6774,7228,8722,4355,4367,5280,2419,2861
4084,C4114,6,70,District - Ambala (02),Age not stated,680,398,282,337,210,127,343,188,155
4085,C4114,6,71,District - Yamunanagar (03),All ages,1214205,646718,567487,741376,393957,347419,472829,252761,220068
4086,C4114,6,71,District - Yamunanagar (03),0-4,103224,56422,46802,66330,36262,30068,36894,20160,16734
4087,C4114,6,71,District - Yamunanagar (03),5-9,109017,60246,48771,69341,38245,31096,39676,22001,17675
4088,C4114,6,71,District - Yamunanagar (03),10-14,119376,66458,52918,76265,42113,34152,43111,24345,18766
4089,C4114,6,71,District - Yamunanagar (03),15-19,127817,71474,56343,80934,44843,36091,46883,26631,20252
4090,C4114,6,71,District - Yamunanagar (03),20-24,126631,66914,59717,77049,40311,36738,49582,26603,22979
4091,C4114,6,71,District - Yamunanagar (03),25-29,108748,57130,51618,63802,33548,30254,44946,23582,21364
4092,C4114,6,71,District - Yamunanagar (03),30-34,90975,46695,44280,54139,27544,26595,36836,19151,17685
4093,C4114,6,71,District - Yamunanagar (03),35-39,85597,44075,41522,51575,26594,24981,34022,17481,16541
4094,C4114,6,71,District - Yamunanagar (03),40-44,76437,39595,36842,45997,23997,22000,30440,15598,14842
4095,C4114,6,71,District - Yamunanagar (03),45-49,64699,34357,30342,36532,19761,16771,28167,14596,13571
4096,C4114,6,71,District - Yamunanagar (03),50-54,49723,26344,23379,26775,14016,12759,22948,12328,10620
4097,C4114,6,71,District - Yamunanagar (03),55-59,39654,20156,19498,22260,10946,11314,17394,9210,8184
4098,C4114,6,71,District - Yamunanagar (03),60-64,43597,21856,21741,27535,13666,13869,16062,8190,7872
4099,C4114,6,71,District - Yamunanagar (03),65-69,25252,12874,12378,15631,8021,7610,9621,4853,4768
4100,C4114,6,71,District - Yamunanagar (03),70-74,19159,9965,9194,11834,6261,5573,7325,3704,3621
4101,C4114,6,71,District - Yamunanagar (03),75-79,10177,5238,4939,6239,3222,3017,3938,2016,1922
4102,C4114,6,71,District - Yamunanagar (03),80+,13824,6761,7063,9006,4542,4464,4818,2219,2599
4103,C4114,6,71,District - Yamunanagar (03),Age not stated,298,158,140,132,65,67,166,93,73
4104,C4114,6,72,District - Kurukshetra (04),All ages,964655,510976,453679,685430,361020,324410,279225,149956,129269
4105,C4114,6,72,District - Kurukshetra (04),0-4,82249,45215,37034,61213,33601,27612,21036,11614,9422
4106,C4114,6,72,District - Kurukshetra (04),5-9,85476,47475,38001,63178,35083,28095,22298,12392,9906
4107,C4114,6,72,District - Kurukshetra (04),10-14,92433,52781,39652,67398,38054,29344,25035,14727,10308
4108,C4114,6,72,District - Kurukshetra (04),15-19,101895,57326,44569,72497,40130,32367,29398,17196,12202
4109,C4114,6,72,District - Kurukshetra (04),20-24,103442,53295,50147,71138,36308,34830,32304,16987,15317
4110,C4114,6,72,District - Kurukshetra (04),25-29,86539,44579,41960,60707,31094,29613,25832,13485,12347
4111,C4114,6,72,District - Kurukshetra (04),30-34,71429,36446,34983,50616,25810,24806,20813,10636,10177
4112,C4114,6,72,District - Kurukshetra (04),35-39,67589,34489,33100,47834,24516,23318,19755,9973,9782
4113,C4114,6,72,District - Kurukshetra (04),40-44,60903,31155,29748,42827,21917,20910,18076,9238,8838
4114,C4114,6,72,District - Kurukshetra (04),45-49,50909,26775,24134,34539,18235,16304,16370,8540,7830
4115,C4114,6,72,District - Kurukshetra (04),50-54,38587,20168,18419,25268,13189,12079,13319,6979,6340
4116,C4114,6,72,District - Kurukshetra (04),55-59,30979,15294,15685,20391,9693,10698,10588,5601,4987
4117,C4114,6,72,District - Kurukshetra (04),60-64,35085,17445,17640,25254,12239,13015,9831,5206,4625
4118,C4114,6,72,District - Kurukshetra (04),65-69,20417,10247,10170,14920,7399,7521,5497,2848,2649
4119,C4114,6,72,District - Kurukshetra (04),70-74,15188,7799,7389,11154,5727,5427,4034,2072,1962
4120,C4114,6,72,District - Kurukshetra (04),75-79,7943,3879,4064,5998,2897,3101,1945,982,963
4121,C4114,6,72,District - Kurukshetra (04),80+,12017,5780,6237,9383,4545,4838,2634,1235,1399
4122,C4114,6,72,District - Kurukshetra (04),Age not stated,1575,828,747,1115,583,532,460,245,215
4123,C4114,6,73,District - Kaithal (05),All ages,1074304,571003,503301,838293,445931,392362,236011,125072,110939
4124,C4114,6,73,District - Kaithal (05),0-4,98357,53668,44689,78095,42596,35499,20262,11072,9190
4125,C4114,6,73,District - Kaithal (05),5-9,101663,55912,45751,80113,43979,36134,21550,11933,9617
4126,C4114,6,73,District - Kaithal (05),10-14,111341,61997,49344,88319,48865,39454,23022,13132,9890
4127,C4114,6,73,District - Kaithal (05),15-19,115813,64753,51060,90773,50607,40166,25040,14146,10894
4128,C4114,6,73,District - Kaithal (05),20-24,110863,59260,51603,85876,46191,39685,24987,13069,11918
4129,C4114,6,73,District - Kaithal (05),25-29,92157,49174,42983,70963,38188,32775,21194,10986,10208
4130,C4114,6,73,District - Kaithal (05),30-34,77660,39942,37718,60163,31110,29053,17497,8832,8665
4131,C4114,6,73,District - Kaithal (05),35-39,73047,37744,35303,56339,29353,26986,16708,8391,8317
4132,C4114,6,73,District - Kaithal (05),40-44,63723,33138,30585,48928,25453,23475,14795,7685,7110
4133,C4114,6,73,District - Kaithal (05),45-49,51383,26763,24620,38579,20142,18437,12804,6621,6183
4134,C4114,6,73,District - Kaithal (05),50-54,39517,20579,18938,29530,15310,14220,9987,5269,4718
4135,C4114,6,73,District - Kaithal (05),55-59,31623,14811,16812,24079,11049,13030,7544,3762,3782
4136,C4114,6,73,District - Kaithal (05),60-64,41019,19847,21172,32913,15781,17132,8106,4066,4040
4137,C4114,6,73,District - Kaithal (05),65-69,24637,12389,12248,19850,9991,9859,4787,2398,2389
4138,C4114,6,73,District - Kaithal (05),70-74,17967,9146,8821,14506,7461,7045,3461,1685,1776
4139,C4114,6,73,District - Kaithal (05),75-79,8830,4471,4359,7160,3639,3521,1670,832,838
4140,C4114,6,73,District - Kaithal (05),80+,12727,6362,6365,10490,5359,5131,2237,1003,1234
4141,C4114,6,73,District - Kaithal (05),Age not stated,1977,1047,930,1617,857,760,360,190,170
4142,C4114,6,74,District - Karnal (06),All ages,1505324,797712,707612,1050514,557110,493404,454810,240602,214208
4143,C4114,6,74,District - Karnal (06),0-4,138362,75461,62901,100761,54790,45971,37601,20671,16930
4144,C4114,6,74,District - Karnal (06),5-9,142439,78957,63482,102678,56740,45938,39761,22217,17544
4145,C4114,6,74,District - Karnal (06),10-14,153060,85137,67923,110604,61256,49348,42456,23881,18575
4146,C4114,6,74,District - Karnal (06),15-19,157663,87425,70238,113937,62863,51074,43726,24562,19164
4147,C4114,6,74,District - Karnal (06),20-24,157928,82427,75501,110872,57827,53045,47056,24600,22456
4148,C4114,6,74,District - Karnal (06),25-29,135520,70967,64553,92429,48772,43657,43091,22195,20896
4149,C4114,6,74,District - Karnal (06),30-34,112201,57454,54747,76598,39394,37204,35603,18060,17543
4150,C4114,6,74,District - Karnal (06),35-39,104746,54345,50401,71669,37404,34265,33077,16941,16136
4151,C4114,6,74,District - Karnal (06),40-44,89197,46005,43192,60881,31630,29251,28316,14375,13941
4152,C4114,6,74,District - Karnal (06),45-49,74265,38971,35294,48498,25727,22771,25767,13244,12523
4153,C4114,6,74,District - Karnal (06),50-54,56516,29514,27002,35736,18677,17059,20780,10837,9943
4154,C4114,6,74,District - Karnal (06),55-59,45187,22036,23151,28746,13619,15127,16441,8417,8024
4155,C4114,6,74,District - Karnal (06),60-64,50922,25032,25890,35612,17274,18338,15310,7758,7552
4156,C4114,6,74,District - Karnal (06),65-69,31039,15739,15300,21751,10934,10817,9288,4805,4483
4157,C4114,6,74,District - Karnal (06),70-74,22436,11442,10994,15974,8208,7766,6462,3234,3228
4158,C4114,6,74,District - Karnal (06),75-79,11551,5660,5891,8189,4049,4140,3362,1611,1751
4159,C4114,6,74,District - Karnal (06),80+,17033,8386,8647,12326,6204,6122,4707,2182,2525
4160,C4114,6,74,District - Karnal (06),Age not stated,5259,2754,2505,3253,1742,1511,2006,1012,994
4161,C4114,6,75,District - Panipat (07),All ages,1205437,646857,558580,650352,349642,300710,555085,297215,257870
4162,C4114,6,75,District - Panipat (07),0-4,117908,64042,53866,66176,36113,30063,51732,27929,23803
4163,C4114,6,75,District - Panipat (07),5-9,125014,68365,56649,68916,37831,31085,56098,30534,25564
4164,C4114,6,75,District - Panipat (07),10-14,131451,73076,58375,73066,40427,32639,58385,32649,25736
4165,C4114,6,75,District - Panipat (07),15-19,130630,73051,57579,72093,39953,32140,58537,33098,25439
4166,C4114,6,75,District - Panipat (07),20-24,126101,67661,58440,68185,36844,31341,57916,30817,27099
4167,C4114,6,75,District - Panipat (07),25-29,107971,57386,50585,55836,30181,25655,52135,27205,24930
4168,C4114,6,75,District - Panipat (07),30-34,89134,46052,43082,46059,23939,22120,43075,22113,20962
4169,C4114,6,75,District - Panipat (07),35-39,83196,43356,39840,42773,22443,20330,40423,20913,19510
4170,C4114,6,75,District - Panipat (07),40-44,69586,36992,32594,35794,19160,16634,33792,17832,15960
4171,C4114,6,75,District - Panipat (07),45-49,56848,30222,26626,28330,15024,13306,28518,15198,13320
4172,C4114,6,75,District - Panipat (07),50-54,43473,23229,20244,22067,11646,10421,21406,11583,9823
4173,C4114,6,75,District - Panipat (07),55-59,33363,16950,16413,17394,8579,8815,15969,8371,7598
4174,C4114,6,75,District - Panipat (07),60-64,34671,17327,17344,19948,9738,10210,14723,7589,7134
4175,C4114,6,75,District - Panipat (07),65-69,20708,10659,10049,12142,6270,5872,8566,4389,4177
4176,C4114,6,75,District - Panipat (07),70-74,15253,8004,7249,9091,4828,4263,6162,3176,2986
4177,C4114,6,75,District - Panipat (07),75-79,7827,4015,3812,4745,2441,2304,3082,1574,1508
4178,C4114,6,75,District - Panipat (07),80+,11949,6276,5673,7534,4107,3427,4415,2169,2246
4179,C4114,6,75,District - Panipat (07),Age not stated,354,194,160,203,118,85,151,76,75
4180,C4114,6,76,District - Sonipat (08),All ages,1450001,781299,668702,996637,538750,457887,453364,242549,210815
4181,C4114,6,76,District - Sonipat (08),0-4,131531,73078,58453,92543,51389,41154,38988,21689,17299
4182,C4114,6,76,District - Sonipat (08),5-9,139770,77989,61781,97288,54123,43165,42482,23866,18616
4183,C4114,6,76,District - Sonipat (08),10-14,149734,83654,66080,105473,58543,46930,44261,25111,19150
4184,C4114,6,76,District - Sonipat (08),15-19,155325,86501,68824,109494,60635,48859,45831,25866,19965
4185,C4114,6,76,District - Sonipat (08),20-24,150360,81351,69009,103171,56658,46513,47189,24693,22496
4186,C4114,6,76,District - Sonipat (08),25-29,128481,68783,59698,86222,46990,39232,42259,21793,20466
4187,C4114,6,76,District - Sonipat (08),30-34,105709,55637,50072,70955,37863,33092,34754,17774,16980
4188,C4114,6,76,District - Sonipat (08),35-39,98086,50991,47095,65116,34253,30863,32970,16738,16232
4189,C4114,6,76,District - Sonipat (08),40-44,85217,45422,39795,56842,30637,26205,28375,14785,13590
4190,C4114,6,76,District - Sonipat (08),45-49,71204,37903,33301,46899,25114,21785,24305,12789,11516
4191,C4114,6,76,District - Sonipat (08),50-54,58140,30737,27403,38504,20262,18242,19636,10475,9161
4192,C4114,6,76,District - Sonipat (08),55-59,45826,23570,22256,30516,15422,15094,15310,8148,7162
4193,C4114,6,76,District - Sonipat (08),60-64,48341,23776,24565,33962,16524,17438,14379,7252,7127
4194,C4114,6,76,District - Sonipat (08),65-69,28685,14465,14220,20253,10085,10168,8432,4380,4052
4195,C4114,6,76,District - Sonipat (08),70-74,22691,11526,11165,16629,8383,8246,6062,3143,2919
4196,C4114,6,76,District - Sonipat (08),75-79,11930,6101,5829,8752,4493,4259,3178,1608,1570
4197,C4114,6,76,District - Sonipat (08),80+,17705,9165,8540,13281,7019,6262,4424,2146,2278
4198,C4114,6,76,District - Sonipat (08),Age not stated,1266,650,616,737,357,380,529,293,236
4199,C4114,6,77,District - Jind (09),All ages,1334152,713006,621146,1028569,550519,478050,305583,162487,143096
4200,C4114,6,77,District - Jind (09),0-4,117140,63686,53454,91573,49721,41852,25567,13965,11602
4201,C4114,6,77,District - Jind (09),5-9,128837,70338,58499,100508,54760,45748,28329,15578,12751
4202,C4114,6,77,District - Jind (09),10-14,143719,78790,64929,112717,61392,51325,31002,17398,13604
4203,C4114,6,77,District - Jind (09),15-19,148805,82665,66140,115935,64150,51785,32870,18515,14355
4204,C4114,6,77,District - Jind (09),20-24,134678,74269,60409,102276,57103,45173,32402,17166,15236
4205,C4114,6,77,District - Jind (09),25-29,110906,60339,50567,83710,46092,37618,27196,14247,12949
4206,C4114,6,77,District - Jind (09),30-34,95474,49261,46213,73163,38025,35138,22311,11236,11075
4207,C4114,6,77,District - Jind (09),35-39,92293,47687,44606,70925,37092,33833,21368,10595,10773
4208,C4114,6,77,District - Jind (09),40-44,81688,42606,39082,62069,32580,29489,19619,10026,9593
4209,C4114,6,77,District - Jind (09),45-49,66249,34959,31290,49227,26026,23201,17022,8933,8089
4210,C4114,6,77,District - Jind (09),50-54,50971,27032,23939,37486,19821,17665,13485,7211,6274
4211,C4114,6,77,District - Jind (09),55-59,39488,19264,20224,29305,13916,15389,10183,5348,4835
4212,C4114,6,77,District - Jind (09),60-64,47651,23144,24507,37843,18175,19668,9808,4969,4839
4213,C4114,6,77,District - Jind (09),65-69,28771,14341,14430,23306,11534,11772,5465,2807,2658
4214,C4114,6,77,District - Jind (09),70-74,21256,10825,10431,17298,8846,8452,3958,1979,1979
4215,C4114,6,77,District - Jind (09),75-79,11057,5734,5323,9016,4700,4316,2041,1034,1007
4216,C4114,6,77,District - Jind (09),80+,14284,7583,6701,11538,6217,5321,2746,1366,1380
4217,C4114,6,77,District - Jind (09),Age not stated,885,483,402,674,369,305,211,114,97
4218,C4114,6,78,District - Fatehabad (10),All ages,942011,495360,446651,762423,400814,361609,179588,94546,85042
4219,C4114,6,78,District - Fatehabad (10),0-4,84454,45298,39156,69392,37180,32212,15062,8118,6944
4220,C4114,6,78,District - Fatehabad (10),5-9,90846,49562,41284,74483,40562,33921,16363,9000,7363
4221,C4114,6,78,District - Fatehabad (10),10-14,101504,55299,46205,83736,45433,38303,17768,9866,7902
4222,C4114,6,78,District - Fatehabad (10),15-19,104499,57311,47188,85324,46721,38603,19175,10590,8585
4223,C4114,6,78,District - Fatehabad (10),20-24,94904,50448,44456,76396,40772,35624,18508,9676,8832
4224,C4114,6,78,District - Fatehabad (10),25-29,79538,41808,37730,63090,33373,29717,16448,8435,8013
4225,C4114,6,78,District - Fatehabad (10),30-34,68842,35288,33554,55419,28476,26943,13423,6812,6611
4226,C4114,6,78,District - Fatehabad (10),35-39,64915,33089,31826,52368,26838,25530,12547,6251,6296
4227,C4114,6,78,District - Fatehabad (10),40-44,56715,29718,26997,45319,23765,21554,11396,5953,5443
4228,C4114,6,78,District - Fatehabad (10),45-49,46537,24310,22227,36445,19010,17435,10092,5300,4792
4229,C4114,6,78,District - Fatehabad (10),50-54,34601,18289,16312,26976,14191,12785,7625,4098,3527
4230,C4114,6,78,District - Fatehabad (10),55-59,26535,12395,14140,20812,9531,11281,5723,2864,2859
4231,C4114,6,78,District - Fatehabad (10),60-64,34889,16891,17998,28856,13870,14986,6033,3021,3012
4232,C4114,6,78,District - Fatehabad (10),65-69,20053,9923,10130,16524,8170,8354,3529,1753,1776
4233,C4114,6,78,District - Fatehabad (10),70-74,14081,6889,7192,11516,5632,5884,2565,1257,1308
4234,C4114,6,78,District - Fatehabad (10),75-79,7142,3404,3738,5841,2789,3052,1301,615,686
4235,C4114,6,78,District - Fatehabad (10),80+,10168,4482,5686,8586,3796,4790,1582,686,896
4236,C4114,6,78,District - Fatehabad (10),Age not stated,1788,956,832,1340,705,635,448,251,197
4237,C4114,6,79,District - Sirsa (11),All ages,1295189,682582,612607,975941,514177,461764,319248,168405,150843
4238,C4114,6,79,District - Sirsa (11),0-4,109829,58566,51263,83950,44573,39377,25879,13993,11886
4239,C4114,6,79,District - Sirsa (11),5-9,118889,64933,53956,90888,49445,41443,28001,15488,12513
4240,C4114,6,79,District - Sirsa (11),10-14,135756,74811,60945,104820,57653,47167,30936,17158,13778
4241,C4114,6,79,District - Sirsa (11),15-19,141962,77893,64069,107666,59094,48572,34296,18799,15497
4242,C4114,6,79,District - Sirsa (11),20-24,132254,70251,62003,98454,52507,45947,33800,17744,16056
4243,C4114,6,79,District - Sirsa (11),25-29,111538,58733,52805,82143,43451,38692,29395,15282,14113
4244,C4114,6,79,District - Sirsa (11),30-34,96984,49434,47550,72763,37006,35757,24221,12428,11793
4245,C4114,6,79,District - Sirsa (11),35-39,90741,46388,44353,68134,34939,33195,22607,11449,11158
4246,C4114,6,79,District - Sirsa (11),40-44,79902,41556,38346,59812,31249,28563,20090,10307,9783
4247,C4114,6,79,District - Sirsa (11),45-49,66717,34894,31823,48619,25411,23208,18098,9483,8615
4248,C4114,6,79,District - Sirsa (11),50-54,50355,26963,23392,35971,19433,16538,14384,7530,6854
4249,C4114,6,79,District - Sirsa (11),55-59,37525,17875,19650,26922,12581,14341,10603,5294,5309
4250,C4114,6,79,District - Sirsa (11),60-64,46991,23234,23757,36213,17706,18507,10778,5528,5250
4251,C4114,6,79,District - Sirsa (11),65-69,27552,13861,13691,21503,10767,10736,6049,3094,2955
4252,C4114,6,79,District - Sirsa (11),70-74,20450,10125,10325,16136,8011,8125,4314,2114,2200
4253,C4114,6,79,District - Sirsa (11),75-79,10271,4913,5358,8133,3880,4253,2138,1033,1105
4254,C4114,6,79,District - Sirsa (11),80+,15041,6920,8121,12239,5657,6582,2802,1263,1539
4255,C4114,6,79,District - Sirsa (11),Age not stated,2432,1232,1200,1575,814,761,857,418,439
4256,C4114,6,80,District - Hisar (12),All ages,1743931,931562,812369,1190443,634139,556304,553488,297423,256065
4257,C4114,6,80,District - Hisar (12),0-4,149216,80259,68957,104559,56138,48421,44657,24121,20536
4258,C4114,6,80,District - Hisar (12),5-9,164383,89780,74603,115417,62798,52619,48966,26982,21984
4259,C4114,6,80,District - Hisar (12),10-14,183658,100180,83478,130444,70490,59954,53214,29690,23524
4260,C4114,6,80,District - Hisar (12),15-19,190097,105777,84320,133592,74015,59577,56505,31762,24743
4261,C4114,6,80,District - Hisar (12),20-24,177501,98746,78755,119371,67132,52239,58130,31614,26516
4262,C4114,6,80,District - Hisar (12),25-29,152975,83398,69577,99641,54550,45091,53334,28848,24486
4263,C4114,6,80,District - Hisar (12),30-34,131450,68401,63049,87791,45335,42456,43659,23066,20593
4264,C4114,6,80,District - Hisar (12),35-39,125209,64849,60360,84173,43598,40575,41036,21251,19785
4265,C4114,6,80,District - Hisar (12),40-44,110169,58018,52151,74065,38966,35099,36104,19052,17052
4266,C4114,6,80,District - Hisar (12),45-49,89708,47144,42564,58507,30599,27908,31201,16545,14656
4267,C4114,6,80,District - Hisar (12),50-54,68850,36743,32107,44411,23647,20764,24439,13096,11343
4268,C4114,6,80,District - Hisar (12),55-59,50521,24864,25657,32514,15369,17145,18007,9495,8512
4269,C4114,6,80,District - Hisar (12),60-64,58871,28599,30272,41505,20008,21497,17366,8591,8775
4270,C4114,6,80,District - Hisar (12),65-69,32992,16402,16590,23116,11370,11746,9876,5032,4844
4271,C4114,6,80,District - Hisar (12),70-74,24183,11620,12563,17206,8181,9025,6977,3439,3538
4272,C4114,6,80,District - Hisar (12),75-79,12647,6114,6533,9050,4402,4648,3597,1712,1885
4273,C4114,6,80,District - Hisar (12),80+,17045,8229,8816,12272,6035,6237,4773,2194,2579
4274,C4114,6,80,District - Hisar (12),Age not stated,4456,2439,2017,2809,1506,1303,1647,933,714
4275,C4114,6,81,District - Bhiwani (13),All ages,1634445,866672,767773,1313123,696212,616911,321322,170460,150862
4276,C4114,6,81,District - Bhiwani (13),0-4,146979,79661,67318,119760,64831,54929,27219,14830,12389
4277,C4114,6,81,District - Bhiwani (13),5-9,159815,87697,72118,129839,70933,58906,29976,16764,13212
4278,C4114,6,81,District - Bhiwani (13),10-14,174834,95424,79410,142601,77517,65084,32233,17907,14326
4279,C4114,6,81,District - Bhiwani (13),15-19,176797,98593,78204,143042,79750,63292,33755,18843,14912
4280,C4114,6,81,District - Bhiwani (13),20-24,163504,88846,74658,129781,71030,58751,33723,17816,15907
4281,C4114,6,81,District - Bhiwani (13),25-29,143031,75801,67230,113348,60356,52992,29683,15445,14238
4282,C4114,6,81,District - Bhiwani (13),30-34,121942,62925,59017,97459,50399,47060,24483,12526,11957
4283,C4114,6,81,District - Bhiwani (13),35-39,110894,57511,53383,88138,45922,42216,22756,11589,11167
4284,C4114,6,81,District - Bhiwani (13),40-44,94702,49517,45185,74902,39205,35697,19800,10312,9488
4285,C4114,6,81,District - Bhiwani (13),45-49,78222,40472,37750,60872,31512,29360,17350,8960,8390
4286,C4114,6,81,District - Bhiwani (13),50-54,62787,32674,30113,48708,25219,23489,14079,7455,6624
4287,C4114,6,81,District - Bhiwani (13),55-59,48122,23654,24468,37406,18094,19312,10716,5560,5156
4288,C4114,6,81,District - Bhiwani (13),60-64,59421,28240,31181,48678,22862,25816,10743,5378,5365
4289,C4114,6,81,District - Bhiwani (13),65-69,33532,16775,16757,27912,13947,13965,5620,2828,2792
4290,C4114,6,81,District - Bhiwani (13),70-74,25294,12328,12966,21398,10446,10952,3896,1882,2014
4291,C4114,6,81,District - Bhiwani (13),75-79,13721,6739,6982,11652,5800,5852,2069,939,1130
4292,C4114,6,81,District - Bhiwani (13),80+,18551,8548,10003,15897,7433,8464,2654,1115,1539
4293,C4114,6,81,District - Bhiwani (13),Age not stated,2297,1267,1030,1730,956,774,567,311,256
4294,C4114,6,82,District - Rohtak (14),All ages,1061204,568479,492725,615040,332034,283006,446164,236445,209719
4295,C4114,6,82,District - Rohtak (14),0-4,89807,49369,40438,54194,29779,24415,35613,19590,16023
4296,C4114,6,82,District - Rohtak (14),5-9,97673,53894,43779,58560,32166,26394,39113,21728,17385
4297,C4114,6,82,District - Rohtak (14),10-14,105308,58439,46869,63833,35083,28750,41475,23356,18119
4298,C4114,6,82,District - Rohtak (14),15-19,112334,63037,49297,66292,37304,28988,46042,25733,20309
4299,C4114,6,82,District - Rohtak (14),20-24,107524,58580,48944,61189,34115,27074,46335,24465,21870
4300,C4114,6,82,District - Rohtak (14),25-29,93095,49523,43572,51896,28415,23481,41199,21108,20091
4301,C4114,6,82,District - Rohtak (14),30-34,77927,40927,37000,44042,23570,20472,33885,17357,16528
4302,C4114,6,82,District - Rohtak (14),35-39,72290,37485,34805,41077,21713,19364,31213,15772,15441
4303,C4114,6,82,District - Rohtak (14),40-44,64264,33894,30370,36115,19475,16640,28149,14419,13730
4304,C4114,6,82,District - Rohtak (14),45-49,54873,28886,25987,29722,15947,13775,25151,12939,12212
4305,C4114,6,82,District - Rohtak (14),50-54,46402,24656,21746,24975,13253,11722,21427,11403,10024
4306,C4114,6,82,District - Rohtak (14),55-59,36352,18503,17849,19496,9635,9861,16856,8868,7988
4307,C4114,6,82,District - Rohtak (14),60-64,38753,19036,19717,23136,11167,11969,15617,7869,7748
4308,C4114,6,82,District - Rohtak (14),65-69,22808,11584,11224,13809,6931,6878,8999,4653,4346
4309,C4114,6,82,District - Rohtak (14),70-74,18476,9079,9397,11654,5719,5935,6822,3360,3462
4310,C4114,6,82,District - Rohtak (14),75-79,9616,4805,4811,6036,3077,2959,3580,1728,1852
4311,C4114,6,82,District - Rohtak (14),80+,13278,6556,6722,8691,4516,4175,4587,2040,2547
4312,C4114,6,82,District - Rohtak (14),Age not stated,424,226,198,323,169,154,101,57,44
4313,C4114,6,83,District - Jhajjar (15),All ages,958405,514667,443738,715066,384219,330847,243339,130448,112891
4314,C4114,6,83,District - Jhajjar (15),0-4,83782,46929,36853,62743,35295,27448,21039,11634,9405
4315,C4114,6,83,District - Jhajjar (15),5-9,88115,49613,38502,65595,36901,28694,22520,12712,9808
4316,C4114,6,83,District - Jhajjar (15),10-14,95290,53649,41641,71366,40034,31332,23924,13615,10309
4317,C4114,6,83,District - Jhajjar (15),15-19,99232,55516,43716,74406,41447,32959,24826,14069,10757
4318,C4114,6,83,District - Jhajjar (15),20-24,97455,52164,45291,72149,38925,33224,25306,13239,12067
4319,C4114,6,83,District - Jhajjar (15),25-29,86101,45694,40407,62896,33790,29106,23205,11904,11301
4320,C4114,6,83,District - Jhajjar (15),30-34,72322,37871,34451,53162,28082,25080,19160,9789,9371
4321,C4114,6,83,District - Jhajjar (15),35-39,67372,35408,31964,49243,26194,23049,18129,9214,8915
4322,C4114,6,83,District - Jhajjar (15),40-44,57535,30571,26964,42138,22367,19771,15397,8204,7193
4323,C4114,6,83,District - Jhajjar (15),45-49,47866,25629,22237,34891,18686,16205,12975,6943,6032
4324,C4114,6,83,District - Jhajjar (15),50-54,38988,20562,18426,28814,15021,13793,10174,5541,4633
4325,C4114,6,83,District - Jhajjar (15),55-59,30614,15597,15017,22754,11447,11307,7860,4150,3710
4326,C4114,6,83,District - Jhajjar (15),60-64,34994,16580,18414,27378,12732,14646,7616,3848,3768
4327,C4114,6,83,District - Jhajjar (15),65-69,20450,10296,10154,16126,8010,8116,4324,2286,2038
4328,C4114,6,83,District - Jhajjar (15),70-74,15912,7643,8269,12921,6163,6758,2991,1480,1511
4329,C4114,6,83,District - Jhajjar (15),75-79,8905,4365,4540,7323,3606,3717,1582,759,823
4330,C4114,6,83,District - Jhajjar (15),80+,12493,6005,6488,10412,5084,5328,2081,921,1160
4331,C4114,6,83,District - Jhajjar (15),Age not stated,979,575,404,749,435,314,230,140,90
4332,C4114,6,84,District - Mahendragarh (16),All ages,922088,486665,435423,789233,416358,372875,132855,70307,62548
4333,C4114,6,84,District - Mahendragarh (16),0-4,77624,43646,33978,66741,37562,29179,10883,6084,4799
4334,C4114,6,84,District - Mahendragarh (16),5-9,84458,47292,37166,72266,40488,31778,12192,6804,5388
4335,C4114,6,84,District - Mahendragarh (16),10-14,98421,54382,44039,84900,46815,38085,13521,7567,5954
4336,C4114,6,84,District - Mahendragarh (16),15-19,100389,55504,44885,86506,47784,38722,13883,7720,6163
4337,C4114,6,84,District - Mahendragarh (16),20-24,91649,48700,42949,77898,41655,36243,13751,7045,6706
4338,C4114,6,84,District - Mahendragarh (16),25-29,77459,40627,36832,65467,34314,31153,11992,6313,5679
4339,C4114,6,84,District - Mahendragarh (16),30-34,66799,33538,33261,56758,28448,28310,10041,5090,4951
4340,C4114,6,84,District - Mahendragarh (16),35-39,62872,32011,30861,53269,27119,26150,9603,4892,4711
4341,C4114,6,84,District - Mahendragarh (16),40-44,54218,27553,26665,45910,23262,22648,8308,4291,4017
4342,C4114,6,84,District - Mahendragarh (16),45-49,45503,23562,21941,38296,19869,18427,7207,3693,3514
4343,C4114,6,84,District - Mahendragarh (16),50-54,36786,18974,17812,30861,15811,15050,5925,3163,2762
4344,C4114,6,84,District - Mahendragarh (16),55-59,29112,14723,14389,24776,12402,12374,4336,2321,2015
4345,C4114,6,84,District - Mahendragarh (16),60-64,34887,16410,18477,30705,14357,16348,4182,2053,2129
4346,C4114,6,84,District - Mahendragarh (16),65-69,21441,10702,10739,18851,9407,9444,2590,1295,1295
4347,C4114,6,84,District - Mahendragarh (16),70-74,16625,8127,8498,14748,7234,7514,1877,893,984
4348,C4114,6,84,District - Mahendragarh (16),75-79,9111,4324,4787,8066,3858,4208,1045,466,579
4349,C4114,6,84,District - Mahendragarh (16),80+,13296,5852,7444,11913,5303,6610,1383,549,834
4350,C4114,6,84,District - Mahendragarh (16),Age not stated,1438,738,700,1302,670,632,136,68,68
4351,C4114,6,85,District - Rewari (17),All ages,900332,474335,425997,666902,349710,317192,233430,124625,108805
4352,C4114,6,85,District - Rewari (17),0-4,80084,44763,35321,59401,33255,26146,20683,11508,9175
4353,C4114,6,85,District - Rewari (17),5-9,83035,46345,36690,60885,34109,26776,22150,12236,9914
4354,C4114,6,85,District - Rewari (17),10-14,91291,51004,40287,68361,38053,30308,22930,12951,9979
4355,C4114,6,85,District - Rewari (17),15-19,92184,50541,41643,69012,37654,31358,23172,12887,10285
4356,C4114,6,85,District - Rewari (17),20-24,91183,46855,44328,66797,34089,32708,24386,12766,11620
4357,C4114,6,85,District - Rewari (17),25-29,80970,41888,39082,58296,30060,28236,22674,11828,10846
4358,C4114,6,85,District - Rewari (17),30-34,68949,35064,33885,49665,25183,24482,19284,9881,9403
4359,C4114,6,85,District - Rewari (17),35-39,63093,32622,30471,45403,23427,21976,17690,9195,8495
4360,C4114,6,85,District - Rewari (17),40-44,53572,27531,26041,38699,19684,19015,14873,7847,7026
4361,C4114,6,85,District - Rewari (17),45-49,45090,23344,21746,32733,16740,15993,12357,6604,5753
4362,C4114,6,85,District - Rewari (17),50-54,35854,18584,17270,26457,13561,12896,9397,5023,4374
4363,C4114,6,85,District - Rewari (17),55-59,28375,14268,14107,21392,10651,10741,6983,3617,3366
4364,C4114,6,85,District - Rewari (17),60-64,33678,16177,17501,26739,12656,14083,6939,3521,3418
4365,C4114,6,85,District - Rewari (17),65-69,18907,9449,9458,15091,7506,7585,3816,1943,1873
4366,C4114,6,85,District - Rewari (17),70-74,14022,6610,7412,11343,5344,5999,2679,1266,1413
4367,C4114,6,85,District - Rewari (17),75-79,8072,3813,4259,6621,3130,3491,1451,683,768
4368,C4114,6,85,District - Rewari (17),80+,11649,5282,6367,9753,4461,5292,1896,821,1075
4369,C4114,6,85,District - Rewari (17),Age not stated,324,195,129,254,147,107,70,48,22
4370,C4114,6,86,District - Gurgaon (18),All ages,1514432,816690,697742,472179,251462,220717,1042253,565228,477025
4371,C4114,6,86,District - Gurgaon (18),0-4,142809,77629,65180,48081,26552,21529,94728,51077,43651
4372,C4114,6,86,District - Gurgaon (18),5-9,143230,79041,64189,47219,26223,20996,96011,52818,43193
4373,C4114,6,86,District - Gurgaon (18),10-14,140348,77843,62505,49956,27568,22388,90392,50275,40117
4374,C4114,6,86,District - Gurgaon (18),15-19,136906,77231,59675,50022,27449,22573,86884,49782,37102
4375,C4114,6,86,District - Gurgaon (18),20-24,153479,83840,69639,50829,26704,24125,102650,57136,45514
4376,C4114,6,86,District - Gurgaon (18),25-29,158759,83403,75356,43885,23398,20487,114874,60005,54869
4377,C4114,6,86,District - Gurgaon (18),30-34,142161,75510,66651,35988,18779,17209,106173,56731,49442
4378,C4114,6,86,District - Gurgaon (18),35-39,123113,66384,56729,32071,16847,15224,91042,49537,41505
4379,C4114,6,86,District - Gurgaon (18),40-44,92575,51037,41538,25852,13689,12163,66723,37348,29375
4380,C4114,6,86,District - Gurgaon (18),45-49,70252,38273,31979,20546,10874,9672,49706,27399,22307
4381,C4114,6,86,District - Gurgaon (18),50-54,54138,28528,25610,16219,8338,7881,37919,20190,17729
4382,C4114,6,86,District - Gurgaon (18),55-59,42466,21147,21319,12547,6260,6287,29919,14887,15032
4383,C4114,6,86,District - Gurgaon (18),60-64,42350,20643,21707,14246,6778,7468,28104,13865,14239
4384,C4114,6,86,District - Gurgaon (18),65-69,27179,13941,13238,8560,4102,4458,18619,9839,8780
4385,C4114,6,86,District - Gurgaon (18),70-74,19674,9888,9786,6826,3336,3490,12848,6552,6296
4386,C4114,6,86,District - Gurgaon (18),75-79,10555,5384,5171,3570,1770,1800,6985,3614,3371
4387,C4114,6,86,District - Gurgaon (18),80+,13945,6692,7253,5661,2739,2922,8284,3953,4331
4388,C4114,6,86,District - Gurgaon (18),Age not stated,493,276,217,101,56,45,392,220,172
4389,C4114,6,87,District - Mewat  (19),All ages,1089263,571162,518101,965157,506086,459071,124106,65076,59030
4390,C4114,6,87,District - Mewat  (19),0-4,174987,91540,83447,158887,83093,75794,16100,8447,7653
4391,C4114,6,87,District - Mewat  (19),5-9,174052,92113,81939,157017,82953,74064,17035,9160,7875
4392,C4114,6,87,District - Mewat  (19),10-14,160185,86053,74132,143980,77395,66585,16205,8658,7547
4393,C4114,6,87,District - Mewat  (19),15-19,117902,63285,54617,104336,55913,48423,13566,7372,6194
4394,C4114,6,87,District - Mewat  (19),20-24,93889,49309,44580,82290,43260,39030,11599,6049,5550
4395,C4114,6,87,District - Mewat  (19),25-29,69915,36664,33251,60517,31784,28733,9398,4880,4518
4396,C4114,6,87,District - Mewat  (19),30-34,56654,28320,28334,48836,24392,24444,7818,3928,3890
4397,C4114,6,87,District - Mewat  (19),35-39,52633,26644,25989,45348,22971,22377,7285,3673,3612
4398,C4114,6,87,District - Mewat  (19),40-44,43918,23196,20722,37838,19980,17858,6080,3216,2864
4399,C4114,6,87,District - Mewat  (19),45-49,33711,17621,16090,28787,15021,13766,4924,2600,2324
4400,C4114,6,87,District - Mewat  (19),50-54,25528,13713,11815,21889,11766,10123,3639,1947,1692
4401,C4114,6,87,District - Mewat  (19),55-59,20272,9482,10790,17499,8098,9401,2773,1384,1389
4402,C4114,6,87,District - Mewat  (19),60-64,25498,12673,12825,22549,11235,11314,2949,1438,1511
4403,C4114,6,87,District - Mewat  (19),65-69,15802,8059,7743,13971,7131,6840,1831,928,903
4404,C4114,6,87,District - Mewat  (19),70-74,10899,5786,5113,9599,5134,4465,1300,652,648
4405,C4114,6,87,District - Mewat  (19),75-79,5365,2680,2685,4709,2376,2333,656,304,352
4406,C4114,6,87,District - Mewat  (19),80+,7324,3630,3694,6510,3265,3245,814,365,449
4407,C4114,6,87,District - Mewat  (19),Age not stated,729,394,335,595,319,276,134,75,59
4408,C4114,6,88,District - Faridabad (20),All ages,1809733,966110,843623,370878,198103,172775,1438855,768007,670848
4409,C4114,6,88,District - Faridabad (20),0-4,174566,94350,80216,42873,23245,19628,131693,71105,60588
4410,C4114,6,88,District - Faridabad (20),5-9,188037,102528,85509,43418,23776,19642,144619,78752,65867
4411,C4114,6,88,District - Faridabad (20),10-14,193985,106285,87700,44691,24457,20234,149294,81828,67466
4412,C4114,6,88,District - Faridabad (20),15-19,185941,103417,82524,42334,23207,19127,143607,80210,63397
4413,C4114,6,88,District - Faridabad (20),20-24,183097,95954,87143,38970,20657,18313,144127,75297,68830
4414,C4114,6,88,District - Faridabad (20),25-29,169976,86977,82999,31180,16570,14610,138796,70407,68389
4415,C4114,6,88,District - Faridabad (20),30-34,146586,75110,71476,25565,13281,12284,121021,61829,59192
4416,C4114,6,88,District - Faridabad (20),35-39,136115,70887,65228,23333,12208,11125,112782,58679,54103
4417,C4114,6,88,District - Faridabad (20),40-44,108868,58575,50293,18914,9982,8932,89954,48593,41361
4418,C4114,6,88,District - Faridabad (20),45-49,89749,48392,41357,15130,8130,7000,74619,40262,34357
4419,C4114,6,88,District - Faridabad (20),50-54,67430,36914,30516,11113,5973,5140,56317,30941,25376
4420,C4114,6,88,District - Faridabad (20),55-59,50587,26645,23942,8382,4211,4171,42205,22434,19771
4421,C4114,6,88,District - Faridabad (20),60-64,45359,23861,21498,8751,4256,4495,36608,19605,17003
4422,C4114,6,88,District - Faridabad (20),65-69,27231,14513,12718,5785,2870,2915,21446,11643,9803
4423,C4114,6,88,District - Faridabad (20),70-74,18485,9730,8755,4385,2195,2190,14100,7535,6565
4424,C4114,6,88,District - Faridabad (20),75-79,9385,4828,4557,2268,1117,1151,7117,3711,3406
4425,C4114,6,88,District - Faridabad (20),80+,12552,6195,6357,3314,1705,1609,9238,4490,4748
4426,C4114,6,88,District - Faridabad (20),Age not stated,1784,949,835,472,263,209,1312,686,626
4427,C4114,6,89,District - Palwal  (21),All ages,1042708,554497,488211,806164,428907,377257,236544,125590,110954
4428,C4114,6,89,District - Palwal  (21),0-4,124058,66260,57798,100592,53492,47100,23466,12768,10698
4429,C4114,6,89,District - Palwal  (21),5-9,128810,69330,59480,103579,55485,48094,25231,13845,11386
4430,C4114,6,89,District - Palwal  (21),10-14,133527,72750,60777,105816,57512,48304,27711,15238,12473
4431,C4114,6,89,District - Palwal  (21),15-19,118857,66686,52171,91929,51762,40167,26928,14924,12004
4432,C4114,6,89,District - Palwal  (21),20-24,100067,53912,46155,75797,41069,34728,24270,12843,11427
4433,C4114,6,89,District - Palwal  (21),25-29,78870,41768,37102,59044,31485,27559,19826,10283,9543
4434,C4114,6,89,District - Palwal  (21),30-34,65073,32827,32246,48752,24583,24169,16321,8244,8077
4435,C4114,6,89,District - Palwal  (21),35-39,62084,31737,30347,46088,23632,22456,15996,8105,7891
4436,C4114,6,89,District - Palwal  (21),40-44,53307,27642,25665,39504,20402,19102,13803,7240,6563
4437,C4114,6,89,District - Palwal  (21),45-49,43579,23017,20562,32070,16988,15082,11509,6029,5480
4438,C4114,6,89,District - Palwal  (21),50-54,32837,17764,15073,24197,13096,11101,8640,4668,3972
4439,C4114,6,89,District - Palwal  (21),55-59,25310,12678,12632,18800,9323,9477,6510,3355,3155
4440,C4114,6,89,District - Palwal  (21),60-64,27242,13311,13931,21083,10295,10788,6159,3016,3143
4441,C4114,6,89,District - Palwal  (21),65-69,18214,9104,9110,14278,7125,7153,3936,1979,1957
4442,C4114,6,89,District - Palwal  (21),70-74,13612,7021,6591,10874,5635,5239,2738,1386,1352
4443,C4114,6,89,District - Palwal  (21),75-79,7015,3522,3493,5652,2861,2791,1363,661,702
4444,C4114,6,89,District - Palwal  (21),80+,9683,4862,4821,7655,3917,3738,2028,945,1083
4445,C4114,6,89,District - Palwal  (21),Age not stated,563,306,257,454,245,209,109,61,48
4446,C4114,2,0,State - HIMACHAL PRADESH (02),All ages,6864602,3481873,3382729,6176050,3110345,3065705,688552,371528,317024
4447,C4114,2,0,State - HIMACHAL PRADESH (02),0-4,544984,285011,259973,500931,261743,239188,44053,23268,20785
4448,C4114,2,0,State - HIMACHAL PRADESH (02),5-9,591177,311457,279720,537559,282441,255118,53618,29016,24602
4449,C4114,2,0,State - HIMACHAL PRADESH (02),10-14,639224,338240,300984,580265,305500,274765,58959,32740,26219
4450,C4114,2,0,State - HIMACHAL PRADESH (02),15-19,640461,336729,303732,575991,300554,275437,64470,36175,28295
4451,C4114,2,0,State - HIMACHAL PRADESH (02),20-24,643866,323720,320146,573439,285167,288272,70427,38553,31874
4452,C4114,2,0,State - HIMACHAL PRADESH (02),25-29,589160,290125,299035,523605,255016,268589,65555,35109,30446
4453,C4114,2,0,State - HIMACHAL PRADESH (02),30-34,546357,271253,275104,485375,239272,246103,60982,31981,29001
4454,C4114,2,0,State - HIMACHAL PRADESH (02),35-39,517966,258230,259736,459275,227906,231369,58691,30324,28367
4455,C4114,2,0,State - HIMACHAL PRADESH (02),40-44,445560,222269,223291,394635,195137,199498,50925,27132,23793
4456,C4114,2,0,State - HIMACHAL PRADESH (02),45-49,395128,197642,197486,350793,173489,177304,44335,24153,20182
4457,C4114,2,0,State - HIMACHAL PRADESH (02),50-54,330687,165724,164963,295411,145792,149619,35276,19932,15344
4458,C4114,2,0,State - HIMACHAL PRADESH (02),55-59,266860,135245,131615,240093,119998,120095,26767,15247,11520
4459,C4114,2,0,State - HIMACHAL PRADESH (02),60-64,231372,115464,115908,212263,105331,106932,19109,10133,8976
4460,C4114,2,0,State - HIMACHAL PRADESH (02),65-69,158607,78387,80220,146096,71950,74146,12511,6437,6074
4461,C4114,2,0,State - HIMACHAL PRADESH (02),70-74,130587,62119,68468,120932,57250,63682,9655,4869,4786
4462,C4114,2,0,State - HIMACHAL PRADESH (02),75-79,75706,36440,39266,69958,33561,36397,5748,2879,2869
4463,C4114,2,0,State - HIMACHAL PRADESH (02),80+,106737,48465,58272,100043,45339,54704,6694,3126,3568
4464,C4114,2,0,State - HIMACHAL PRADESH (02),Age not stated,10163,5353,4810,9386,4899,4487,777,454,323
4465,C4114,2,23,District - Chamba (01),All ages,519080,261320,257760,482972,241963,241009,36108,19357,16751
4466,C4114,2,23,District - Chamba (01),0-4,49118,25032,24086,46854,23853,23001,2264,1179,1085
4467,C4114,2,23,District - Chamba (01),5-9,53308,27495,25813,50398,25926,24472,2910,1569,1341
4468,C4114,2,23,District - Chamba (01),10-14,56293,28743,27550,52566,26710,25856,3727,2033,1694
4469,C4114,2,23,District - Chamba (01),15-19,52835,26822,26013,49669,25143,24526,3166,1679,1487
4470,C4114,2,23,District - Chamba (01),20-24,51043,25190,25853,47776,23405,24371,3267,1785,1482
4471,C4114,2,23,District - Chamba (01),25-29,43958,22103,21855,40494,20171,20323,3464,1932,1532
4472,C4114,2,23,District - Chamba (01),30-34,38352,19480,18872,35086,17660,17426,3266,1820,1446
4473,C4114,2,23,District - Chamba (01),35-39,34264,17174,17090,31301,15577,15724,2963,1597,1366
4474,C4114,2,23,District - Chamba (01),40-44,31035,15241,15794,28508,13901,14607,2527,1340,1187
4475,C4114,2,23,District - Chamba (01),45-49,26955,13512,13443,24658,12277,12381,2297,1235,1062
4476,C4114,2,23,District - Chamba (01),50-54,22446,11151,11295,20673,10219,10454,1773,932,841
4477,C4114,2,23,District - Chamba (01),55-59,17482,8955,8527,16119,8227,7892,1363,728,635
4478,C4114,2,23,District - Chamba (01),60-64,14627,7221,7406,13565,6674,6891,1062,547,515
4479,C4114,2,23,District - Chamba (01),65-69,10069,4931,5138,9311,4578,4733,758,353,405
4480,C4114,2,23,District - Chamba (01),70-74,7706,3683,4023,7166,3412,3754,540,271,269
4481,C4114,2,23,District - Chamba (01),75-79,4001,1946,2055,3639,1766,1873,362,180,182
4482,C4114,2,23,District - Chamba (01),80+,5235,2444,2791,4868,2285,2583,367,159,208
4483,C4114,2,23,District - Chamba (01),Age not stated,353,197,156,321,179,142,32,18,14
4484,C4114,2,24,District - Kangra (02),All ages,1510075,750591,759484,1423794,705365,718429,86281,45226,41055
4485,C4114,2,24,District - Kangra (02),0-4,115877,61598,54279,110371,58648,51723,5506,2950,2556
4486,C4114,2,24,District - Kangra (02),5-9,124213,66903,57310,117496,63295,54201,6717,3608,3109
4487,C4114,2,24,District - Kangra (02),10-14,134434,73181,61253,126737,68994,57743,7697,4187,3510
4488,C4114,2,24,District - Kangra (02),15-19,136480,72217,64263,128698,68007,60691,7782,4210,3572
4489,C4114,2,24,District - Kangra (02),20-24,132145,63164,68981,124341,59128,65213,7804,4036,3768
4490,C4114,2,24,District - Kangra (02),25-29,123432,56597,66835,115579,52480,63099,7853,4117,3736
4491,C4114,2,24,District - Kangra (02),30-34,117860,55359,62501,110437,51579,58858,7423,3780,3643
4492,C4114,2,24,District - Kangra (02),35-39,112860,53559,59301,106069,50147,55922,6791,3412,3379
4493,C4114,2,24,District - Kangra (02),40-44,97313,46197,51116,91246,43115,48131,6067,3082,2985
4494,C4114,2,24,District - Kangra (02),45-49,91139,44165,46974,85543,41277,44266,5596,2888,2708
4495,C4114,2,24,District - Kangra (02),50-54,76764,37182,39582,72108,34689,37419,4656,2493,2163
4496,C4114,2,24,District - Kangra (02),55-59,65241,32270,32971,61485,30232,31253,3756,2038,1718
4497,C4114,2,24,District - Kangra (02),60-64,57462,28693,28769,54571,27122,27449,2891,1571,1320
4498,C4114,2,24,District - Kangra (02),65-69,40778,20268,20510,38882,19299,19583,1896,969,927
4499,C4114,2,24,District - Kangra (02),70-74,33352,15785,17567,31766,14995,16771,1586,790,796
4500,C4114,2,24,District - Kangra (02),75-79,19459,9180,10279,18496,8709,9787,963,471,492
4501,C4114,2,24,District - Kangra (02),80+,26364,11786,14578,25225,11243,13982,1139,543,596
4502,C4114,2,24,District - Kangra (02),Age not stated,4902,2487,2415,4744,2406,2338,158,81,77
4503,C4114,2,25,District - Lahul & Spiti (03),All ages,31564,16588,14976,31564,16588,14976,0,0,0
4504,C4114,2,25,District - Lahul & Spiti (03),0-4,2135,1044,1091,2135,1044,1091,0,0,0
4505,C4114,2,25,District - Lahul & Spiti (03),5-9,2478,1251,1227,2478,1251,1227,0,0,0
4506,C4114,2,25,District - Lahul & Spiti (03),10-14,2632,1292,1340,2632,1292,1340,0,0,0
4507,C4114,2,25,District - Lahul & Spiti (03),15-19,2709,1460,1249,2709,1460,1249,0,0,0
4508,C4114,2,25,District - Lahul & Spiti (03),20-24,2989,1672,1317,2989,1672,1317,0,0,0
4509,C4114,2,25,District - Lahul & Spiti (03),25-29,2985,1637,1348,2985,1637,1348,0,0,0
4510,C4114,2,25,District - Lahul & Spiti (03),30-34,2712,1482,1230,2712,1482,1230,0,0,0
4511,C4114,2,25,District - Lahul & Spiti (03),35-39,2424,1342,1082,2424,1342,1082,0,0,0
4512,C4114,2,25,District - Lahul & Spiti (03),40-44,2172,1213,959,2172,1213,959,0,0,0
4513,C4114,2,25,District - Lahul & Spiti (03),45-49,1873,1028,845,1873,1028,845,0,0,0
4514,C4114,2,25,District - Lahul & Spiti (03),50-54,1607,813,794,1607,813,794,0,0,0
4515,C4114,2,25,District - Lahul & Spiti (03),55-59,1294,676,618,1294,676,618,0,0,0
4516,C4114,2,25,District - Lahul & Spiti (03),60-64,1044,515,529,1044,515,529,0,0,0
4517,C4114,2,25,District - Lahul & Spiti (03),65-69,669,310,359,669,310,359,0,0,0
4518,C4114,2,25,District - Lahul & Spiti (03),70-74,591,247,344,591,247,344,0,0,0
4519,C4114,2,25,District - Lahul & Spiti (03),75-79,434,202,232,434,202,232,0,0,0
4520,C4114,2,25,District - Lahul & Spiti (03),80+,561,268,293,561,268,293,0,0,0
4521,C4114,2,25,District - Lahul & Spiti (03),Age not stated,255,136,119,255,136,119,0,0,0
4522,C4114,2,26,District - Kullu (04),All ages,437903,225452,212451,396512,203269,193243,41391,22183,19208
4523,C4114,2,26,District - Kullu (04),0-4,35218,17910,17308,32447,16457,15990,2771,1453,1318
4524,C4114,2,26,District - Kullu (04),5-9,38179,19478,18701,34967,17782,17185,3212,1696,1516
4525,C4114,2,26,District - Kullu (04),10-14,42519,21770,20749,39130,19935,19195,3389,1835,1554
4526,C4114,2,26,District - Kullu (04),15-19,43817,22757,21060,40210,20765,19445,3607,1992,1615
4527,C4114,2,26,District - Kullu (04),20-24,45039,23183,21856,40967,20912,20055,4072,2271,1801
4528,C4114,2,26,District - Kullu (04),25-29,39955,20875,19080,35968,18755,17213,3987,2120,1867
4529,C4114,2,26,District - Kullu (04),30-34,35480,18404,17076,31743,16483,15260,3737,1921,1816
4530,C4114,2,26,District - Kullu (04),35-39,32940,17046,15894,29154,15058,14096,3786,1988,1798
4531,C4114,2,26,District - Kullu (04),40-44,27863,14350,13513,24751,12660,12091,3112,1690,1422
4532,C4114,2,26,District - Kullu (04),45-49,24227,12497,11730,21624,11124,10500,2603,1373,1230
4533,C4114,2,26,District - Kullu (04),50-54,19541,10081,9460,17382,8849,8533,2159,1232,927
4534,C4114,2,26,District - Kullu (04),55-59,15647,8340,7307,14027,7452,6575,1620,888,732
4535,C4114,2,26,District - Kullu (04),60-64,12959,6573,6386,11774,5964,5810,1185,609,576
4536,C4114,2,26,District - Kullu (04),65-69,8519,4337,4182,7742,3932,3810,777,405,372
4537,C4114,2,26,District - Kullu (04),70-74,6791,3375,3416,6222,3067,3155,569,308,261
4538,C4114,2,26,District - Kullu (04),75-79,3770,1878,1892,3410,1687,1723,360,191,169
4539,C4114,2,26,District - Kullu (04),80+,5055,2388,2667,4639,2194,2445,416,194,222
4540,C4114,2,26,District - Kullu (04),Age not stated,384,210,174,355,193,162,29,17,12
4541,C4114,2,27,District - Mandi (05),All ages,999777,498065,501712,937140,466050,471090,62637,32015,30622
4542,C4114,2,27,District - Mandi (05),0-4,78696,41132,37564,74787,39079,35708,3909,2053,1856
4543,C4114,2,27,District - Mandi (05),5-9,85769,44608,41161,81341,42190,39151,4428,2418,2010
4544,C4114,2,27,District - Mandi (05),10-14,93888,48938,44950,88934,46208,42726,4954,2730,2224
4545,C4114,2,27,District - Mandi (05),15-19,92282,47780,44502,86718,44732,41986,5564,3048,2516
4546,C4114,2,27,District - Mandi (05),20-24,89945,44215,45730,84728,41592,43136,5217,2623,2594
4547,C4114,2,27,District - Mandi (05),25-29,83705,40476,43229,78688,38101,40587,5017,2375,2642
4548,C4114,2,27,District - Mandi (05),30-34,81122,39763,41359,75834,37195,38639,5288,2568,2720
4549,C4114,2,27,District - Mandi (05),35-39,76321,37545,38776,70980,34989,35991,5341,2556,2785
4550,C4114,2,27,District - Mandi (05),40-44,64420,31165,33255,59672,28794,30878,4748,2371,2377
4551,C4114,2,27,District - Mandi (05),45-49,57458,28016,29442,53012,25750,27262,4446,2266,2180
4552,C4114,2,27,District - Mandi (05),50-54,49047,23876,25171,45297,21878,23419,3750,1998,1752
4553,C4114,2,27,District - Mandi (05),55-59,39623,19464,20159,36598,17851,18747,3025,1613,1412
4554,C4114,2,27,District - Mandi (05),60-64,34561,16931,17630,32210,15762,16448,2351,1169,1182
4555,C4114,2,27,District - Mandi (05),65-69,23053,11185,11868,21496,10365,11131,1557,820,737
4556,C4114,2,27,District - Mandi (05),70-74,19324,8980,10344,18068,8351,9717,1256,629,627
4557,C4114,2,27,District - Mandi (05),75-79,11975,5671,6304,11192,5316,5876,783,355,428
4558,C4114,2,27,District - Mandi (05),80+,17078,7531,9547,16161,7151,9010,917,380,537
4559,C4114,2,27,District - Mandi (05),Age not stated,1510,789,721,1424,746,678,86,43,43
4560,C4114,2,28,District - Hamirpur (06),All ages,454768,217070,237698,423338,200748,222590,31430,16322,15108
4561,C4114,2,28,District - Hamirpur (06),0-4,33948,17911,16037,31978,16890,15088,1970,1021,949
4562,C4114,2,28,District - Hamirpur (06),5-9,37263,20087,17176,34901,18770,16131,2362,1317,1045
4563,C4114,2,28,District - Hamirpur (06),10-14,40162,21861,18301,37272,20072,17200,2890,1789,1101
4564,C4114,2,28,District - Hamirpur (06),15-19,40886,21724,19162,37506,19778,17728,3380,1946,1434
4565,C4114,2,28,District - Hamirpur (06),20-24,37659,17117,20542,35058,15821,19237,2601,1296,1305
4566,C4114,2,28,District - Hamirpur (06),25-29,34126,14168,19958,31697,13011,18686,2429,1157,1272
4567,C4114,2,28,District - Hamirpur (06),30-34,33924,14526,19398,31446,13345,18101,2478,1181,1297
4568,C4114,2,28,District - Hamirpur (06),35-39,33708,14885,18823,31078,13714,17364,2630,1171,1459
4569,C4114,2,28,District - Hamirpur (06),40-44,29400,13479,15921,26967,12301,14666,2433,1178,1255
4570,C4114,2,28,District - Hamirpur (06),45-49,26909,12307,14602,24801,11210,13591,2108,1097,1011
4571,C4114,2,28,District - Hamirpur (06),50-54,23523,10894,12629,21833,10020,11813,1690,874,816
4572,C4114,2,28,District - Hamirpur (06),55-59,20388,9499,10889,19067,8775,10292,1321,724,597
4573,C4114,2,28,District - Hamirpur (06),60-64,18868,9066,9802,17781,8486,9295,1087,580,507
4574,C4114,2,28,District - Hamirpur (06),65-69,13706,6619,7087,12952,6231,6721,754,388,366
4575,C4114,2,28,District - Hamirpur (06),70-74,11884,5207,6677,11338,4930,6408,546,277,269
4576,C4114,2,28,District - Hamirpur (06),75-79,6911,3091,3820,6583,2939,3644,328,152,176
4577,C4114,2,28,District - Hamirpur (06),80+,11361,4543,6818,10959,4383,6576,402,160,242
4578,C4114,2,28,District - Hamirpur (06),Age not stated,142,86,56,121,72,49,21,14,7
4579,C4114,2,29,District - Una (07),All ages,521173,263692,257481,476260,240254,236006,44913,23438,21475
4580,C4114,2,29,District - Una (07),0-4,41390,21969,19421,38033,20239,17794,3357,1730,1627
4581,C4114,2,29,District - Una (07),5-9,45249,24378,20871,41523,22366,19157,3726,2012,1714
4582,C4114,2,29,District - Una (07),10-14,48681,26613,22068,44692,24406,20286,3989,2207,1782
4583,C4114,2,29,District - Una (07),15-19,49373,26407,22966,45044,23889,21155,4329,2518,1811
4584,C4114,2,29,District - Una (07),20-24,46311,23077,23234,42057,20818,21239,4254,2259,1995
4585,C4114,2,29,District - Una (07),25-29,42219,19891,22328,38330,17942,20388,3889,1949,1940
4586,C4114,2,29,District - Una (07),30-34,39542,18994,20548,36103,17271,18832,3439,1723,1716
4587,C4114,2,29,District - Una (07),35-39,39029,19002,20027,35562,17269,18293,3467,1733,1734
4588,C4114,2,29,District - Una (07),40-44,34050,17084,16966,30946,15512,15434,3104,1572,1532
4589,C4114,2,29,District - Una (07),45-49,29730,14792,14938,26913,13362,13551,2817,1430,1387
4590,C4114,2,29,District - Una (07),50-54,24701,12427,12274,22429,11242,11187,2272,1185,1087
4591,C4114,2,29,District - Una (07),55-59,20474,10253,10221,18691,9333,9358,1783,920,863
4592,C4114,2,29,District - Una (07),60-64,18885,9403,9482,17396,8644,8752,1489,759,730
4593,C4114,2,29,District - Una (07),65-69,13334,6536,6798,12292,6018,6274,1042,518,524
4594,C4114,2,29,District - Una (07),70-74,11293,5230,6063,10459,4819,5640,834,411,423
4595,C4114,2,29,District - Una (07),75-79,6691,3202,3489,6231,2976,3255,460,226,234
4596,C4114,2,29,District - Una (07),80+,9980,4304,5676,9357,4037,5320,623,267,356
4597,C4114,2,29,District - Una (07),Age not stated,241,130,111,202,111,91,39,19,20
4598,C4114,2,30,District - Bilaspur (08),All ages,381956,192764,189192,356827,179653,177174,25129,13111,12018
4599,C4114,2,30,District - Bilaspur (08),0-4,29767,15626,14141,28123,14766,13357,1644,860,784
4600,C4114,2,30,District - Bilaspur (08),5-9,30515,16214,14301,28471,15066,13405,2044,1148,896
4601,C4114,2,30,District - Bilaspur (08),10-14,33496,17808,15688,31223,16571,14652,2273,1237,1036
4602,C4114,2,30,District - Bilaspur (08),15-19,33328,17451,15877,30969,16133,14836,2359,1318,1041
4603,C4114,2,30,District - Bilaspur (08),20-24,34729,17468,17261,32474,16293,16181,2255,1175,1080
4604,C4114,2,30,District - Bilaspur (08),25-29,31836,15771,16065,29821,14772,15049,2015,999,1016
4605,C4114,2,30,District - Bilaspur (08),30-34,30641,15364,15277,28552,14374,14178,2089,990,1099
4606,C4114,2,30,District - Bilaspur (08),35-39,29118,14541,14577,26967,13491,13476,2151,1050,1101
4607,C4114,2,30,District - Bilaspur (08),40-44,25102,12310,12792,23098,11288,11810,2004,1022,982
4608,C4114,2,30,District - Bilaspur (08),45-49,22506,11172,11334,20755,10211,10544,1751,961,790
4609,C4114,2,30,District - Bilaspur (08),50-54,19339,9529,9810,17979,8764,9215,1360,765,595
4610,C4114,2,30,District - Bilaspur (08),55-59,15672,7915,7757,14665,7367,7298,1007,548,459
4611,C4114,2,30,District - Bilaspur (08),60-64,14090,6941,7149,13349,6549,6800,741,392,349
4612,C4114,2,30,District - Bilaspur (08),65-69,9421,4488,4933,8961,4272,4689,460,216,244
4613,C4114,2,30,District - Bilaspur (08),70-74,8306,3801,4505,7898,3630,4268,408,171,237
4614,C4114,2,30,District - Bilaspur (08),75-79,4950,2262,2688,4724,2156,2568,226,106,120
4615,C4114,2,30,District - Bilaspur (08),80+,8719,3884,4835,8411,3746,4665,308,138,170
4616,C4114,2,30,District - Bilaspur (08),Age not stated,421,219,202,387,204,183,34,15,19
4617,C4114,2,31,District - Solan (09),All ages,580320,308754,271566,478173,249736,228437,102147,59018,43129
4618,C4114,2,31,District - Solan (09),0-4,48306,25510,22796,40798,21457,19341,7508,4053,3455
4619,C4114,2,31,District - Solan (09),5-9,50342,26499,23843,41985,21999,19986,8357,4500,3857
4620,C4114,2,31,District - Solan (09),10-14,53078,28311,24767,44988,23755,21233,8090,4556,3534
4621,C4114,2,31,District - Solan (09),15-19,53921,29253,24668,44820,23710,21110,9101,5543,3558
4622,C4114,2,31,District - Solan (09),20-24,60096,33160,26936,47488,25219,22269,12608,7941,4667
4623,C4114,2,31,District - Solan (09),25-29,55790,29770,26020,43934,22742,21192,11856,7028,4828
4624,C4114,2,31,District - Solan (09),30-34,50117,26457,23660,39789,20417,19372,10328,6040,4288
4625,C4114,2,31,District - Solan (09),35-39,47564,25304,22260,38572,20149,18423,8992,5155,3837
4626,C4114,2,31,District - Solan (09),40-44,37808,20444,17364,30994,16570,14424,6814,3874,2940
4627,C4114,2,31,District - Solan (09),45-49,31679,16699,14980,26104,13510,12594,5575,3189,2386
4628,C4114,2,31,District - Solan (09),50-54,25032,13209,11823,20948,10857,10091,4084,2352,1732
4629,C4114,2,31,District - Solan (09),55-59,19490,10225,9265,16567,8526,8041,2923,1699,1224
4630,C4114,2,31,District - Solan (09),60-64,16196,8225,7971,14061,7100,6961,2135,1125,1010
4631,C4114,2,31,District - Solan (09),65-69,10545,5330,5215,9170,4605,4565,1375,725,650
4632,C4114,2,31,District - Solan (09),70-74,8212,4158,4054,7207,3639,3568,1005,519,486
4633,C4114,2,31,District - Solan (09),75-79,4714,2443,2271,4154,2172,1982,560,271,289
4634,C4114,2,31,District - Solan (09),80+,6619,3309,3310,5923,2962,2961,696,347,349
4635,C4114,2,31,District - Solan (09),Age not stated,811,448,363,671,347,324,140,101,39
4636,C4114,2,32,District - Sirmaur (10),All ages,529855,276289,253566,472690,246175,226515,57165,30114,27051
4637,C4114,2,32,District - Sirmaur (10),0-4,48960,25310,23650,44670,23017,21653,4290,2293,1997
4638,C4114,2,32,District - Sirmaur (10),5-9,52094,27322,24772,47296,24763,22533,4798,2559,2239
4639,C4114,2,32,District - Sirmaur (10),10-14,55407,28822,26585,50383,26076,24307,5024,2746,2278
4640,C4114,2,32,District - Sirmaur (10),15-19,54407,28555,25852,49193,25661,23532,5214,2894,2320
4641,C4114,2,32,District - Sirmaur (10),20-24,53262,27702,25560,47838,24905,22933,5424,2797,2627
4642,C4114,2,32,District - Sirmaur (10),25-29,46114,23901,22213,40658,21124,19534,5456,2777,2679
4643,C4114,2,32,District - Sirmaur (10),30-34,39844,20812,19032,34819,18279,16540,5025,2533,2492
4644,C4114,2,32,District - Sirmaur (10),35-39,37579,19671,17908,32634,17184,15450,4945,2487,2458
4645,C4114,2,32,District - Sirmaur (10),40-44,32247,16827,15420,28049,14575,13474,4198,2252,1946
4646,C4114,2,32,District - Sirmaur (10),45-49,27169,14042,13127,23753,12193,11560,3416,1849,1567
4647,C4114,2,32,District - Sirmaur (10),50-54,23075,12171,10904,20376,10680,9696,2699,1491,1208
4648,C4114,2,32,District - Sirmaur (10),55-59,17411,9180,8231,15415,8112,7303,1996,1068,928
4649,C4114,2,32,District - Sirmaur (10),60-64,15313,7939,7374,13586,7075,6511,1727,864,863
4650,C4114,2,32,District - Sirmaur (10),65-69,9848,5061,4787,8708,4481,4227,1140,580,560
4651,C4114,2,32,District - Sirmaur (10),70-74,7974,4110,3864,7141,3699,3442,833,411,422
4652,C4114,2,32,District - Sirmaur (10),75-79,3951,2069,1882,3466,1816,1650,485,253,232
4653,C4114,2,32,District - Sirmaur (10),80+,4899,2618,2281,4424,2369,2055,475,249,226
4654,C4114,2,32,District - Sirmaur (10),Age not stated,301,177,124,281,166,115,20,11,9
4655,C4114,2,33,District - Shimla (11),All ages,814010,425039,388971,612659,314295,298364,201351,110744,90607
4656,C4114,2,33,District - Shimla (11),0-4,55901,29083,26818,45067,23407,21660,10834,5676,5158
4657,C4114,2,33,District - Shimla (11),5-9,65363,33960,31403,50299,25771,24528,15064,8189,6875
4658,C4114,2,33,District - Shimla (11),10-14,71938,37625,34313,55012,28205,26807,16926,9420,7506
4659,C4114,2,33,District - Shimla (11),15-19,74252,39067,35185,54284,28040,26244,19968,11027,8941
4660,C4114,2,33,District - Shimla (11),20-24,82123,42625,39498,59198,30255,28943,22925,12370,10555
4661,C4114,2,33,District - Shimla (11),25-29,76144,39513,36631,56555,28858,27697,19589,10655,8934
4662,C4114,2,33,District - Shimla (11),30-34,69102,36102,33000,51193,26677,24516,17909,9425,8484
4663,C4114,2,33,District - Shimla (11),35-39,64912,33891,31021,47287,24716,22571,17625,9175,8450
4664,C4114,2,33,District - Shimla (11),40-44,57809,30180,27629,41891,21429,20462,15918,8751,7167
4665,C4114,2,33,District - Shimla (11),45-49,50133,26431,23702,36407,18566,17841,13726,7865,5861
4666,C4114,2,33,District - Shimla (11),50-54,41667,22256,19411,30834,15646,15188,10833,6610,4223
4667,C4114,2,33,District - Shimla (11),55-59,31200,16906,14294,23227,11885,11342,7973,5021,2952
4668,C4114,2,33,District - Shimla (11),60-64,24820,12737,12083,20379,10220,10159,4441,2517,1924
4669,C4114,2,33,District - Shimla (11),65-69,16936,8515,8421,14184,7052,7132,2752,1463,1289
4670,C4114,2,33,District - Shimla (11),70-74,13670,6879,6791,11592,5797,5795,2078,1082,996
4671,C4114,2,33,District - Shimla (11),75-79,7825,4043,3782,6604,3369,3235,1221,674,547
4672,C4114,2,33,District - Shimla (11),80+,9459,4794,4665,8108,4105,4003,1351,689,662
4673,C4114,2,33,District - Shimla (11),Age not stated,756,432,324,538,297,241,218,135,83
4674,C4114,2,34,District - Kinnaur (12),All ages,84121,46249,37872,84121,46249,37872,0,0,0
4675,C4114,2,34,District - Kinnaur (12),0-4,5668,2886,2782,5668,2886,2782,0,0,0
4676,C4114,2,34,District - Kinnaur (12),5-9,6404,3262,3142,6404,3262,3142,0,0,0
4677,C4114,2,34,District - Kinnaur (12),10-14,6696,3276,3420,6696,3276,3420,0,0,0
4678,C4114,2,34,District - Kinnaur (12),15-19,6171,3236,2935,6171,3236,2935,0,0,0
4679,C4114,2,34,District - Kinnaur (12),20-24,8525,5147,3378,8525,5147,3378,0,0,0
4680,C4114,2,34,District - Kinnaur (12),25-29,8896,5423,3473,8896,5423,3473,0,0,0
4681,C4114,2,34,District - Kinnaur (12),30-34,7661,4510,3151,7661,4510,3151,0,0,0
4682,C4114,2,34,District - Kinnaur (12),35-39,7247,4270,2977,7247,4270,2977,0,0,0
4683,C4114,2,34,District - Kinnaur (12),40-44,6341,3779,2562,6341,3779,2562,0,0,0
4684,C4114,2,34,District - Kinnaur (12),45-49,5350,2981,2369,5350,2981,2369,0,0,0
4685,C4114,2,34,District - Kinnaur (12),50-54,3945,2135,1810,3945,2135,1810,0,0,0
4686,C4114,2,34,District - Kinnaur (12),55-59,2938,1562,1376,2938,1562,1376,0,0,0
4687,C4114,2,34,District - Kinnaur (12),60-64,2547,1220,1327,2547,1220,1327,0,0,0
4688,C4114,2,34,District - Kinnaur (12),65-69,1729,807,922,1729,807,922,0,0,0
4689,C4114,2,34,District - Kinnaur (12),70-74,1484,664,820,1484,664,820,0,0,0
4690,C4114,2,34,District - Kinnaur (12),75-79,1025,453,572,1025,453,572,0,0,0
4691,C4114,2,34,District - Kinnaur (12),80+,1407,596,811,1407,596,811,0,0,0
4692,C4114,2,34,District - Kinnaur (12),Age not stated,87,42,45,87,42,45,0,0,0
4693,C4114,1,0,State - JAMMU & KASHMIR (01),All ages,12541302,6640662,5900640,9108060,4774477,4333583,3433242,1866185,1567057
4694,C4114,1,0,State - JAMMU & KASHMIR (01),0-4,1414884,763501,651383,1115289,600891,514398,299595,162610,136985
4695,C4114,1,0,State - JAMMU & KASHMIR (01),5-9,1411973,746818,665155,1109056,584994,524062,302917,161824,141093
4696,C4114,1,0,State - JAMMU & KASHMIR (01),10-14,1413853,744855,668998,1097236,575511,521725,316617,169344,147273
4697,C4114,1,0,State - JAMMU & KASHMIR (01),15-19,1237462,640362,597100,926108,477098,449010,311354,163264,148090
4698,C4114,1,0,State - JAMMU & KASHMIR (01),20-24,1160913,603578,557335,827361,423292,404069,333552,180286,153266
4699,C4114,1,0,State - JAMMU & KASHMIR (01),25-29,1086122,584559,501563,738568,385544,353024,347554,199015,148539
4700,C4114,1,0,State - JAMMU & KASHMIR (01),30-34,926903,495746,431157,636137,333062,303075,290766,162684,128082
4701,C4114,1,0,State - JAMMU & KASHMIR (01),35-39,837945,441265,396680,568825,294268,274557,269120,146997,122123
4702,C4114,1,0,State - JAMMU & KASHMIR (01),40-44,714085,387739,326346,483222,256988,226234,230863,130751,100112
4703,C4114,1,0,State - JAMMU & KASHMIR (01),45-49,590790,311560,279230,395959,205036,190923,194831,106524,88307
4704,C4114,1,0,State - JAMMU & KASHMIR (01),50-54,468566,255599,212967,319992,173804,146188,148574,81795,66779
4705,C4114,1,0,State - JAMMU & KASHMIR (01),55-59,340031,172753,167278,227495,114641,112854,112536,58112,54424
4706,C4114,1,0,State - JAMMU & KASHMIR (01),60-64,322726,173427,149299,226005,121240,104765,96721,52187,44534
4707,C4114,1,0,State - JAMMU & KASHMIR (01),65-69,203965,102743,101222,140720,70780,69940,63245,31963,31282
4708,C4114,1,0,State - JAMMU & KASHMIR (01),70-74,184019,97472,86547,132084,70777,61307,51935,26695,25240
4709,C4114,1,0,State - JAMMU & KASHMIR (01),75-79,85076,43094,41982,58918,29980,28938,26158,13114,13044
4710,C4114,1,0,State - JAMMU & KASHMIR (01),80+,126870,65844,61026,94242,49712,44530,32628,16132,16496
4711,C4114,1,0,State - JAMMU & KASHMIR (01),Age not stated,15119,9747,5372,10843,6859,3984,4276,2888,1388
4712,C4114,1,1,District - Kupwara (01),All ages,870354,474190,396164,765625,412038,353587,104729,62152,42577
4713,C4114,1,1,District - Kupwara (01),0-4,133246,71220,62026,120128,64216,55912,13118,7004,6114
4714,C4114,1,1,District - Kupwara (01),5-9,128253,67309,60944,113574,59529,54045,14679,7780,6899
4715,C4114,1,1,District - Kupwara (01),10-14,118673,62428,56245,103802,54249,49553,14871,8179,6692
4716,C4114,1,1,District - Kupwara (01),15-19,81849,41873,39976,72665,36874,35791,9184,4999,4185
4717,C4114,1,1,District - Kupwara (01),20-24,70692,38505,32187,62591,33731,28860,8101,4774,3327
4718,C4114,1,1,District - Kupwara (01),25-29,68046,41511,26535,59160,35503,23657,8886,6008,2878
4719,C4114,1,1,District - Kupwara (01),30-34,57150,33789,23361,49013,28168,20845,8137,5621,2516
4720,C4114,1,1,District - Kupwara (01),35-39,49033,27287,21746,41981,22496,19485,7052,4791,2261
4721,C4114,1,1,District - Kupwara (01),40-44,41741,24356,17385,35363,19859,15504,6378,4497,1881
4722,C4114,1,1,District - Kupwara (01),45-49,30511,16556,13955,26310,13818,12492,4201,2738,1463
4723,C4114,1,1,District - Kupwara (01),50-54,24144,13621,10523,21205,11754,9451,2939,1867,1072
4724,C4114,1,1,District - Kupwara (01),55-59,16163,7962,8201,14348,6993,7355,1815,969,846
4725,C4114,1,1,District - Kupwara (01),60-64,17607,9711,7896,15813,8751,7062,1794,960,834
4726,C4114,1,1,District - Kupwara (01),65-69,9871,5053,4818,8777,4472,4305,1094,581,513
4727,C4114,1,1,District - Kupwara (01),70-74,10217,5675,4542,9188,5107,4081,1029,568,461
4728,C4114,1,1,District - Kupwara (01),75-79,3932,2029,1903,3531,1823,1708,401,206,195
4729,C4114,1,1,District - Kupwara (01),80+,7745,4395,3350,6887,3921,2966,858,474,384
4730,C4114,1,1,District - Kupwara (01),Age not stated,1481,910,571,1289,774,515,192,136,56
4731,C4114,1,2,District - Badgam (02),All ages,753745,398041,355704,655833,343385,312448,97912,54656,43256
4732,C4114,1,2,District - Badgam (02),0-4,107145,58630,48515,96894,52994,43900,10251,5636,4615
4733,C4114,1,2,District - Badgam (02),5-9,106895,57263,49632,96892,51963,44929,10003,5300,4703
4734,C4114,1,2,District - Badgam (02),10-14,94819,49723,45096,85186,44698,40488,9633,5025,4608
4735,C4114,1,2,District - Badgam (02),15-19,75536,38254,37282,66518,33674,32844,9018,4580,4438
4736,C4114,1,2,District - Badgam (02),20-24,64695,33951,30744,54796,28237,26559,9899,5714,4185
4737,C4114,1,2,District - Badgam (02),25-29,54133,28788,25345,44262,22543,21719,9871,6245,3626
4738,C4114,1,2,District - Badgam (02),30-34,46538,24506,22032,38191,19452,18739,8347,5054,3293
4739,C4114,1,2,District - Badgam (02),35-39,44226,22700,21526,36950,18510,18440,7276,4190,3086
4740,C4114,1,2,District - Badgam (02),40-44,38688,20704,17984,32394,17017,15377,6294,3687,2607
4741,C4114,1,2,District - Badgam (02),45-49,31481,16426,15055,26782,13768,13014,4699,2658,2041
4742,C4114,1,2,District - Badgam (02),50-54,24071,13209,10862,20841,11398,9443,3230,1811,1419
4743,C4114,1,2,District - Badgam (02),55-59,17542,8490,9052,14930,7253,7677,2612,1237,1375
4744,C4114,1,2,District - Badgam (02),60-64,17521,9644,7877,15065,8308,6757,2456,1336,1120
4745,C4114,1,2,District - Badgam (02),65-69,10596,5247,5349,9091,4517,4574,1505,730,775
4746,C4114,1,2,District - Badgam (02),70-74,9795,5257,4538,8463,4572,3891,1332,685,647
4747,C4114,1,2,District - Badgam (02),75-79,3941,1940,2001,3319,1625,1694,622,315,307
4748,C4114,1,2,District - Badgam (02),80+,5512,2919,2593,4735,2520,2215,777,399,378
4749,C4114,1,2,District - Badgam (02),Age not stated,611,390,221,524,336,188,87,54,33
4750,C4114,1,3,District - Leh(Ladakh) (03),All ages,133487,78971,54516,87816,48411,39405,45671,30560,15111
4751,C4114,1,3,District - Leh(Ladakh) (03),0-4,8257,4189,4068,6243,3199,3044,2014,990,1024
4752,C4114,1,3,District - Leh(Ladakh) (03),5-9,9019,4680,4339,6661,3468,3193,2358,1212,1146
4753,C4114,1,3,District - Leh(Ladakh) (03),10-14,10053,5188,4865,7212,3706,3506,2841,1482,1359
4754,C4114,1,3,District - Leh(Ladakh) (03),15-19,10245,5179,5066,7388,3664,3724,2857,1515,1342
4755,C4114,1,3,District - Leh(Ladakh) (03),20-24,14428,9031,5397,8822,4918,3904,5606,4113,1493
4756,C4114,1,3,District - Leh(Ladakh) (03),25-29,18701,13083,5618,10777,6739,4038,7924,6344,1580
4757,C4114,1,3,District - Leh(Ladakh) (03),30-34,14480,9701,4779,8738,5315,3423,5742,4386,1356
4758,C4114,1,3,District - Leh(Ladakh) (03),35-39,11230,7011,4219,6779,3944,2835,4451,3067,1384
4759,C4114,1,3,District - Leh(Ladakh) (03),40-44,9082,5680,3402,5334,3002,2332,3748,2678,1070
4760,C4114,1,3,District - Leh(Ladakh) (03),45-49,6723,3985,2738,4347,2446,1901,2376,1539,837
4761,C4114,1,3,District - Leh(Ladakh) (03),50-54,5145,2688,2457,3617,1841,1776,1528,847,681
4762,C4114,1,3,District - Leh(Ladakh) (03),55-59,4135,2159,1976,2962,1512,1450,1173,647,526
4763,C4114,1,3,District - Leh(Ladakh) (03),60-64,3606,1870,1736,2701,1373,1328,905,497,408
4764,C4114,1,3,District - Leh(Ladakh) (03),65-69,2517,1351,1166,1899,981,918,618,370,248
4765,C4114,1,3,District - Leh(Ladakh) (03),70-74,2245,1165,1080,1699,878,821,546,287,259
4766,C4114,1,3,District - Leh(Ladakh) (03),75-79,1437,766,671,1038,536,502,399,230,169
4767,C4114,1,3,District - Leh(Ladakh) (03),80+,1934,1060,874,1440,778,662,494,282,212
4768,C4114,1,3,District - Leh(Ladakh) (03),Age not stated,250,185,65,159,111,48,91,74,17
4769,C4114,1,4,District - Kargil (04),All ages,140802,77785,63017,124464,67703,56761,16338,10082,6256
4770,C4114,1,4,District - Kargil (04),0-4,13391,6719,6672,12337,6210,6127,1054,509,545
4771,C4114,1,4,District - Kargil (04),5-9,14914,7618,7296,13669,6951,6718,1245,667,578
4772,C4114,1,4,District - Kargil (04),10-14,14554,7630,6924,13309,6928,6381,1245,702,543
4773,C4114,1,4,District - Kargil (04),15-19,13918,6975,6943,12489,6264,6225,1429,711,718
4774,C4114,1,4,District - Kargil (04),20-24,15109,8212,6897,13256,7044,6212,1853,1168,685
4775,C4114,1,4,District - Kargil (04),25-29,15646,9613,6033,13137,7848,5289,2509,1765,744
4776,C4114,1,4,District - Kargil (04),30-34,11984,7521,4463,10191,6277,3914,1793,1244,549
4777,C4114,1,4,District - Kargil (04),35-39,9455,5609,3846,7965,4597,3368,1490,1012,478
4778,C4114,1,4,District - Kargil (04),40-44,7558,4452,3106,6524,3742,2782,1034,710,324
4779,C4114,1,4,District - Kargil (04),45-49,6564,3615,2949,5783,3103,2680,781,512,269
4780,C4114,1,4,District - Kargil (04),50-54,4871,2660,2211,4337,2345,1992,534,315,219
4781,C4114,1,4,District - Kargil (04),55-59,3186,1777,1409,2811,1566,1245,375,211,164
4782,C4114,1,4,District - Kargil (04),60-64,3365,1779,1586,2966,1570,1396,399,209,190
4783,C4114,1,4,District - Kargil (04),65-69,2085,1153,932,1865,1029,836,220,124,96
4784,C4114,1,4,District - Kargil (04),70-74,1985,1111,874,1816,1028,788,169,83,86
4785,C4114,1,4,District - Kargil (04),75-79,900,525,375,826,475,351,74,50,24
4786,C4114,1,4,District - Kargil (04),80+,1096,636,460,984,563,421,112,73,39
4787,C4114,1,4,District - Kargil (04),Age not stated,221,180,41,199,163,36,22,17,5
4788,C4114,1,5,District - Punch (05),All ages,476835,251899,224936,438205,229774,208431,38630,22125,16505
4789,C4114,1,5,District - Punch (05),0-4,58998,31245,27753,55949,29614,26335,3049,1631,1418
4790,C4114,1,5,District - Punch (05),5-9,59273,30959,28314,55830,29098,26732,3443,1861,1582
4791,C4114,1,5,District - Punch (05),10-14,59990,31410,28580,55907,29133,26774,4083,2277,1806
4792,C4114,1,5,District - Punch (05),15-19,46812,24654,22158,43330,22841,20489,3482,1813,1669
4793,C4114,1,5,District - Punch (05),20-24,40067,20913,19154,36483,18698,17785,3584,2215,1369
4794,C4114,1,5,District - Punch (05),25-29,39839,21838,18001,35914,19219,16695,3925,2619,1306
4795,C4114,1,5,District - Punch (05),30-34,34237,18423,15814,30733,16153,14580,3504,2270,1234
4796,C4114,1,5,District - Punch (05),35-39,29260,15092,14168,26416,13443,12973,2844,1649,1195
4797,C4114,1,5,District - Punch (05),40-44,25675,13543,12132,23100,12111,10989,2575,1432,1143
4798,C4114,1,5,District - Punch (05),45-49,20646,10462,10184,18417,9238,9179,2229,1224,1005
4799,C4114,1,5,District - Punch (05),50-54,16817,8974,7843,15052,8034,7018,1765,940,825
4800,C4114,1,5,District - Punch (05),55-59,11088,5531,5557,9887,4918,4969,1201,613,588
4801,C4114,1,5,District - Punch (05),60-64,11631,6312,5319,10604,5758,4846,1027,554,473
4802,C4114,1,5,District - Punch (05),65-69,6523,3497,3026,5926,3165,2761,597,332,265
4803,C4114,1,5,District - Punch (05),70-74,6797,3877,2920,6261,3591,2670,536,286,250
4804,C4114,1,5,District - Punch (05),75-79,2792,1487,1305,2523,1359,1164,269,128,141
4805,C4114,1,5,District - Punch (05),80+,5686,3254,2432,5250,3023,2227,436,231,205
4806,C4114,1,5,District - Punch (05),Age not stated,704,428,276,623,378,245,81,50,31
4807,C4114,1,6,District - Rajouri (06),All ages,642415,345351,297064,590101,310748,279353,52314,34603,17711
4808,C4114,1,6,District - Rajouri (06),0-4,74716,40016,34700,71443,38229,33214,3273,1787,1486
4809,C4114,1,6,District - Rajouri (06),5-9,77271,41017,36254,73479,38939,34540,3792,2078,1714
4810,C4114,1,6,District - Rajouri (06),10-14,75860,39974,35886,72095,37918,34177,3765,2056,1709
4811,C4114,1,6,District - Rajouri (06),15-19,62417,33566,28851,58635,31487,27148,3782,2079,1703
4812,C4114,1,6,District - Rajouri (06),20-24,57680,30997,26683,51898,26884,25014,5782,4113,1669
4813,C4114,1,6,District - Rajouri (06),25-29,56959,31848,25111,49263,25897,23366,7696,5951,1745
4814,C4114,1,6,District - Rajouri (06),30-34,48683,26991,21692,42124,21961,20163,6559,5030,1529
4815,C4114,1,6,District - Rajouri (06),35-39,41004,22135,18869,36027,18635,17392,4977,3500,1477
4816,C4114,1,6,District - Rajouri (06),40-44,34551,18804,15747,30456,15884,14572,4095,2920,1175
4817,C4114,1,6,District - Rajouri (06),45-49,28927,15111,13816,26100,13300,12800,2827,1811,1016
4818,C4114,1,6,District - Rajouri (06),50-54,23057,12613,10444,21234,11524,9710,1823,1089,734
4819,C4114,1,6,District - Rajouri (06),55-59,15006,7712,7294,13831,7054,6777,1175,658,517
4820,C4114,1,6,District - Rajouri (06),60-64,14634,7645,6989,13730,7176,6554,904,469,435
4821,C4114,1,6,District - Rajouri (06),65-69,9391,4664,4727,8824,4352,4472,567,312,255
4822,C4114,1,6,District - Rajouri (06),70-74,9438,5164,4274,8900,4894,4006,538,270,268
4823,C4114,1,6,District - Rajouri (06),75-79,4043,2165,1878,3813,2040,1773,230,125,105
4824,C4114,1,6,District - Rajouri (06),80+,7750,4257,3493,7415,4079,3336,335,178,157
4825,C4114,1,6,District - Rajouri (06),Age not stated,1028,672,356,834,495,339,194,177,17
4826,C4114,1,7,District - Kathua (07),All ages,616435,326109,290326,526722,278126,248596,89713,47983,41730
4827,C4114,1,7,District - Kathua (07),0-4,57900,31551,26349,51360,27968,23392,6540,3583,2957
4828,C4114,1,7,District - Kathua (07),5-9,63852,35138,28714,56255,30869,25386,7597,4269,3328
4829,C4114,1,7,District - Kathua (07),10-14,66061,35924,30137,57977,31419,26558,8084,4505,3579
4830,C4114,1,7,District - Kathua (07),15-19,60347,32775,27572,51948,28035,23913,8399,4740,3659
4831,C4114,1,7,District - Kathua (07),20-24,57528,29538,27990,48897,25066,23831,8631,4472,4159
4832,C4114,1,7,District - Kathua (07),25-29,52176,26242,25934,43809,21827,21982,8367,4415,3952
4833,C4114,1,7,District - Kathua (07),30-34,47710,24644,23066,40444,20868,19576,7266,3776,3490
4834,C4114,1,7,District - Kathua (07),35-39,43453,22467,20986,36547,18924,17623,6906,3543,3363
4835,C4114,1,7,District - Kathua (07),40-44,36696,19270,17426,30583,16141,14442,6113,3129,2984
4836,C4114,1,7,District - Kathua (07),45-49,32264,17072,15192,26417,13960,12457,5847,3112,2735
4837,C4114,1,7,District - Kathua (07),50-54,25492,13759,11733,20902,11264,9638,4590,2495,2095
4838,C4114,1,7,District - Kathua (07),55-59,19091,10115,8976,15728,8278,7450,3363,1837,1526
4839,C4114,1,7,District - Kathua (07),60-64,17149,8853,8296,14369,7404,6965,2780,1449,1331
4840,C4114,1,7,District - Kathua (07),65-69,11806,6113,5693,9873,5107,4766,1933,1006,927
4841,C4114,1,7,District - Kathua (07),70-74,10195,5109,5086,8733,4368,4365,1462,741,721
4842,C4114,1,7,District - Kathua (07),75-79,5833,2968,2865,5054,2574,2480,779,394,385
4843,C4114,1,7,District - Kathua (07),80+,8118,4097,4021,7120,3625,3495,998,472,526
4844,C4114,1,7,District - Kathua (07),Age not stated,764,474,290,706,429,277,58,45,13
4845,C4114,1,8,District - Baramula (08),All ages,1008039,534733,473306,825539,432399,393140,182500,102334,80166
4846,C4114,1,8,District - Baramula (08),0-4,115293,62408,52885,99714,53871,45843,15579,8537,7042
4847,C4114,1,8,District - Baramula (08),5-9,115240,60171,55069,99596,52115,47481,15644,8056,7588
4848,C4114,1,8,District - Baramula (08),10-14,117753,60849,56904,101359,52467,48892,16394,8382,8012
4849,C4114,1,8,District - Baramula (08),15-19,106269,53309,52960,89303,44788,44515,16966,8521,8445
4850,C4114,1,8,District - Baramula (08),20-24,94755,49821,44934,75914,39078,36836,18841,10743,8098
4851,C4114,1,8,District - Baramula (08),25-29,87214,48725,38489,65675,34595,31080,21539,14130,7409
4852,C4114,1,8,District - Baramula (08),30-34,72014,39208,32806,55712,29216,26496,16302,9992,6310
4853,C4114,1,8,District - Baramula (08),35-39,66603,35547,31056,52139,27189,24950,14464,8358,6106
4854,C4114,1,8,District - Baramula (08),40-44,56380,31104,25276,44590,24111,20479,11790,6993,4797
4855,C4114,1,8,District - Baramula (08),45-49,44662,23651,21011,35494,18506,16988,9168,5145,4023
4856,C4114,1,8,District - Baramula (08),50-54,34223,18859,15364,27452,15180,12272,6771,3679,3092
4857,C4114,1,8,District - Baramula (08),55-59,25077,12314,12763,19807,9654,10153,5270,2660,2610
4858,C4114,1,8,District - Baramula (08),60-64,25169,13783,11386,20387,11254,9133,4782,2529,2253
4859,C4114,1,8,District - Baramula (08),65-69,15682,7808,7874,12480,6229,6251,3202,1579,1623
4860,C4114,1,8,District - Baramula (08),70-74,14600,7986,6614,11962,6609,5353,2638,1377,1261
4861,C4114,1,8,District - Baramula (08),75-79,5949,2957,2992,4712,2350,2362,1237,607,630
4862,C4114,1,8,District - Baramula (08),80+,9813,5355,4458,8151,4484,3667,1662,871,791
4863,C4114,1,8,District - Baramula (08),Age not stated,1343,878,465,1092,703,389,251,175,76
4864,C4114,1,9,District - Bandipore (09),All ages,392232,207680,184552,326871,172263,154608,65361,35417,29944
4865,C4114,1,9,District - Bandipore (09),0-4,42408,22541,19867,37239,19775,17464,5169,2766,2403
4866,C4114,1,9,District - Bandipore (09),5-9,46506,24163,22343,40111,20692,19419,6395,3471,2924
4867,C4114,1,9,District - Bandipore (09),10-14,49106,25767,23339,41594,21591,20003,7512,4176,3336
4868,C4114,1,9,District - Bandipore (09),15-19,44926,22798,22128,37502,18966,18536,7424,3832,3592
4869,C4114,1,9,District - Bandipore (09),20-24,37627,19637,17990,30859,16042,14817,6768,3595,3173
4870,C4114,1,9,District - Bandipore (09),25-29,31805,17158,14647,25795,13872,11923,6010,3286,2724
4871,C4114,1,9,District - Bandipore (09),30-34,26520,14672,11848,21768,11996,9772,4752,2676,2076
4872,C4114,1,9,District - Bandipore (09),35-39,25159,13179,11980,20528,10700,9828,4631,2479,2152
4873,C4114,1,9,District - Bandipore (09),40-44,21663,12215,9448,17468,9716,7752,4195,2499,1696
4874,C4114,1,9,District - Bandipore (09),45-49,17123,8997,8126,13769,7209,6560,3354,1788,1566
4875,C4114,1,9,District - Bandipore (09),50-54,12935,7184,5751,10537,5858,4679,2398,1326,1072
4876,C4114,1,9,District - Bandipore (09),55-59,9569,4704,4865,7783,3828,3955,1786,876,910
4877,C4114,1,9,District - Bandipore (09),60-64,9498,5243,4255,7833,4333,3500,1665,910,755
4878,C4114,1,9,District - Bandipore (09),65-69,5923,2962,2961,4729,2375,2354,1194,587,607
4879,C4114,1,9,District - Bandipore (09),70-74,5257,3021,2236,4305,2447,1858,952,574,378
4880,C4114,1,9,District - Bandipore (09),75-79,2176,1132,1044,1772,937,835,404,195,209
4881,C4114,1,9,District - Bandipore (09),80+,3444,1906,1538,2861,1623,1238,583,283,300
4882,C4114,1,9,District - Bandipore (09),Age not stated,587,401,186,418,303,115,169,98,71
4883,C4114,1,10,District - Srinagar (10),All ages,1236829,651124,585705,17313,8916,8397,1219516,642208,577308
4884,C4114,1,10,District - Srinagar (10),0-4,112881,60853,52028,1744,906,838,111137,59947,51190
4885,C4114,1,10,District - Srinagar (10),5-9,107816,56670,51146,1711,890,821,106105,55780,50325
4886,C4114,1,10,District - Srinagar (10),10-14,112683,58784,53899,1920,1010,910,110763,57774,52989
4887,C4114,1,10,District - Srinagar (10),15-19,117071,59947,57124,2081,1036,1045,114990,58911,56079
4888,C4114,1,10,District - Srinagar (10),20-24,121447,63034,58413,1743,908,835,119704,62126,57578
4889,C4114,1,10,District - Srinagar (10),25-29,121340,63419,57921,1449,720,729,119891,62699,57192
4890,C4114,1,10,District - Srinagar (10),30-34,101850,52880,48970,1306,686,620,100544,52194,48350
4891,C4114,1,10,District - Srinagar (10),35-39,97966,51091,46875,1211,601,610,96755,50490,46265
4892,C4114,1,10,District - Srinagar (10),40-44,82159,45556,36603,1068,567,501,81091,44989,36102
4893,C4114,1,10,District - Srinagar (10),45-49,69586,37631,31955,800,423,377,68786,37208,31578
4894,C4114,1,10,District - Srinagar (10),50-54,51762,28528,23234,603,310,293,51159,28218,22941
4895,C4114,1,10,District - Srinagar (10),55-59,40659,20432,20227,437,222,215,40222,20210,20012
4896,C4114,1,10,District - Srinagar (10),60-64,36110,19806,16304,439,244,195,35671,19562,16109
4897,C4114,1,10,District - Srinagar (10),65-69,22967,11598,11369,259,116,143,22708,11482,11226
4898,C4114,1,10,District - Srinagar (10),70-74,18635,9729,8906,234,127,107,18401,9602,8799
4899,C4114,1,10,District - Srinagar (10),75-79,9160,4553,4607,100,50,50,9060,4503,4557
4900,C4114,1,10,District - Srinagar (10),80+,11037,5475,5562,183,88,95,10854,5387,5467
4901,C4114,1,10,District - Srinagar (10),Age not stated,1700,1138,562,25,12,13,1675,1126,549
4902,C4114,1,11,District - Ganderbal (11),All ages,297446,158720,138726,250407,133715,116692,47039,25005,22034
4903,C4114,1,11,District - Ganderbal (11),0-4,34943,19037,15906,29173,15790,13383,5770,3247,2523
4904,C4114,1,11,District - Ganderbal (11),5-9,37090,19326,17764,31490,16360,15130,5600,2966,2634
4905,C4114,1,11,District - Ganderbal (11),10-14,36979,19495,17484,31437,16549,14888,5542,2946,2596
4906,C4114,1,11,District - Ganderbal (11),15-19,32094,16594,15500,27331,14164,13167,4763,2430,2333
4907,C4114,1,11,District - Ganderbal (11),20-24,27794,14653,13141,23449,12529,10920,4345,2124,2221
4908,C4114,1,11,District - Ganderbal (11),25-29,25265,14104,11161,21420,12026,9394,3845,2078,1767
4909,C4114,1,11,District - Ganderbal (11),30-34,20356,11032,9324,17332,9402,7930,3024,1630,1394
4910,C4114,1,11,District - Ganderbal (11),35-39,18736,9952,8784,15583,8259,7324,3153,1693,1460
4911,C4114,1,11,District - Ganderbal (11),40-44,15420,8551,6869,12660,7031,5629,2760,1520,1240
4912,C4114,1,11,District - Ganderbal (11),45-49,12433,6469,5964,10146,5257,4889,2287,1212,1075
4913,C4114,1,11,District - Ganderbal (11),50-54,9295,5319,3976,7673,4396,3277,1622,923,699
4914,C4114,1,11,District - Ganderbal (11),55-59,6733,3211,3522,5599,2665,2934,1134,546,588
4915,C4114,1,11,District - Ganderbal (11),60-64,6866,3862,3004,5764,3246,2518,1102,616,486
4916,C4114,1,11,District - Ganderbal (11),65-69,4434,2114,2320,3739,1786,1953,695,328,367
4917,C4114,1,11,District - Ganderbal (11),70-74,4063,2307,1756,3393,1953,1440,670,354,316
4918,C4114,1,11,District - Ganderbal (11),75-79,1600,797,803,1324,653,671,276,144,132
4919,C4114,1,11,District - Ganderbal (11),80+,2920,1587,1333,2497,1362,1135,423,225,198
4920,C4114,1,11,District - Ganderbal (11),Age not stated,425,310,115,397,287,110,28,23,5
4921,C4114,1,12,District - Pulwama (12),All ages,560440,293064,267376,479978,248096,231882,80462,44968,35494
4922,C4114,1,12,District - Pulwama (12),0-4,72210,39877,32333,61970,34381,27589,10240,5496,4744
4923,C4114,1,12,District - Pulwama (12),5-9,55330,28937,26393,47989,25009,22980,7341,3928,3413
4924,C4114,1,12,District - Pulwama (12),10-14,55643,28869,26774,48838,25312,23526,6805,3557,3248
4925,C4114,1,12,District - Pulwama (12),15-19,55325,27359,27966,48586,23962,24624,6739,3397,3342
4926,C4114,1,12,District - Pulwama (12),20-24,54308,27160,27148,46617,22936,23681,7691,4224,3467
4927,C4114,1,12,District - Pulwama (12),25-29,49785,26637,23148,40724,20675,20049,9061,5962,3099
4928,C4114,1,12,District - Pulwama (12),30-34,41424,21692,19732,34930,17871,17059,6494,3821,2673
4929,C4114,1,12,District - Pulwama (12),35-39,36773,19385,17388,30942,15991,14951,5831,3394,2437
4930,C4114,1,12,District - Pulwama (12),40-44,33050,17766,15284,27551,14434,13117,5499,3332,2167
4931,C4114,1,12,District - Pulwama (12),45-49,25785,13531,12254,21856,11289,10567,3929,2242,1687
4932,C4114,1,12,District - Pulwama (12),50-54,21543,11639,9904,18492,9917,8575,3051,1722,1329
4933,C4114,1,12,District - Pulwama (12),55-59,15838,7771,8067,13654,6718,6936,2184,1053,1131
4934,C4114,1,12,District - Pulwama (12),60-64,15396,8283,7113,13345,7145,6200,2051,1138,913
4935,C4114,1,12,District - Pulwama (12),65-69,9675,4599,5076,8430,4032,4398,1245,567,678
4936,C4114,1,12,District - Pulwama (12),70-74,8968,4784,4184,7832,4225,3607,1136,559,577
4937,C4114,1,12,District - Pulwama (12),75-79,3667,1762,1905,3186,1542,1644,481,220,261
4938,C4114,1,12,District - Pulwama (12),80+,5024,2601,2423,4437,2313,2124,587,288,299
4939,C4114,1,12,District - Pulwama (12),Age not stated,696,412,284,599,344,255,97,68,29
4940,C4114,1,13,District - Shupiyan (13),All ages,266215,136480,129735,249855,127161,122694,16360,9319,7041
4941,C4114,1,13,District - Shupiyan (13),0-4,29277,15835,13442,27722,14960,12762,1555,875,680
4942,C4114,1,13,District - Shupiyan (13),5-9,29499,15091,14408,28323,14490,13833,1176,601,575
4943,C4114,1,13,District - Shupiyan (13),10-14,31592,15975,15617,30369,15385,14984,1223,590,633
4944,C4114,1,13,District - Shupiyan (13),15-19,31313,15433,15880,29949,14771,15178,1364,662,702
4945,C4114,1,13,District - Shupiyan (13),20-24,26737,13021,13716,25108,12097,13011,1629,924,705
4946,C4114,1,13,District - Shupiyan (13),25-29,21668,10960,10708,19419,9434,9985,2249,1526,723
4947,C4114,1,13,District - Shupiyan (13),30-34,18304,9373,8931,16789,8434,8355,1515,939,576
4948,C4114,1,13,District - Shupiyan (13),35-39,16844,8634,8210,15480,7818,7662,1364,816,548
4949,C4114,1,13,District - Shupiyan (13),40-44,14087,7463,6624,13012,6797,6215,1075,666,409
4950,C4114,1,13,District - Shupiyan (13),45-49,11517,5821,5696,10674,5350,5324,843,471,372
4951,C4114,1,13,District - Shupiyan (13),50-54,9728,5396,4332,9077,5034,4043,651,362,289
4952,C4114,1,13,District - Shupiyan (13),55-59,6898,3287,3611,6406,3024,3382,492,263,229
4953,C4114,1,13,District - Shupiyan (13),60-64,6921,3977,2944,6493,3739,2754,428,238,190
4954,C4114,1,13,District - Shupiyan (13),65-69,3836,1867,1969,3562,1726,1836,274,141,133
4955,C4114,1,13,District - Shupiyan (13),70-74,3846,2113,1733,3622,2012,1610,224,101,123
4956,C4114,1,13,District - Shupiyan (13),75-79,1479,757,722,1364,696,668,115,61,54
4957,C4114,1,13,District - Shupiyan (13),80+,2450,1324,1126,2286,1249,1037,164,75,89
4958,C4114,1,13,District - Shupiyan (13),Age not stated,219,153,66,200,145,55,19,8,11
4959,C4114,1,14,District - Anantnag (14),All ages,1078692,559767,518925,795805,411012,384793,282887,148755,134132
4960,C4114,1,14,District - Anantnag (14),0-4,147604,81112,66492,114465,62937,51528,33139,18175,14964
4961,C4114,1,14,District - Anantnag (14),5-9,139277,73016,66261,106885,55840,51045,32392,17176,15216
4962,C4114,1,14,District - Anantnag (14),10-14,135721,70923,64798,103466,53882,49584,32255,17041,15214
4963,C4114,1,14,District - Anantnag (14),15-19,105248,53368,51880,78972,39838,39134,26276,13530,12746
4964,C4114,1,14,District - Anantnag (14),20-24,93874,46732,47142,68303,33730,34573,25571,13002,12569
4965,C4114,1,14,District - Anantnag (14),25-29,82421,41517,40904,57684,28435,29249,24737,13082,11655
4966,C4114,1,14,District - Anantnag (14),30-34,72628,36673,35955,50894,25489,25405,21734,11184,10550
4967,C4114,1,14,District - Anantnag (14),35-39,65284,32791,32493,45948,22684,23264,19336,10107,9229
4968,C4114,1,14,District - Anantnag (14),40-44,57521,30732,26789,40464,21387,19077,17057,9345,7712
4969,C4114,1,14,District - Anantnag (14),45-49,44555,22886,21669,31462,15901,15561,13093,6985,6108
4970,C4114,1,14,District - Anantnag (14),50-54,37307,20403,16904,26786,14621,12165,10521,5782,4739
4971,C4114,1,14,District - Anantnag (14),55-59,26657,13023,13634,18933,9238,9695,7724,3785,3939
4972,C4114,1,14,District - Anantnag (14),60-64,26033,14278,11755,18916,10415,8501,7117,3863,3254
4973,C4114,1,14,District - Anantnag (14),65-69,15151,7110,8041,10956,5141,5815,4195,1969,2226
4974,C4114,1,14,District - Anantnag (14),70-74,14982,7871,7111,11039,5940,5099,3943,1931,2012
4975,C4114,1,14,District - Anantnag (14),75-79,5689,2725,2964,4003,1949,2054,1686,776,910
4976,C4114,1,14,District - Anantnag (14),80+,7700,3927,3773,5809,3057,2752,1891,870,1021
4977,C4114,1,14,District - Anantnag (14),Age not stated,1040,680,360,820,528,292,220,152,68
4978,C4114,1,15,District - Kulgam (15),All ages,424483,217620,206863,343870,175574,168296,80613,42046,38567
4979,C4114,1,15,District - Kulgam (15),0-4,51061,27469,23592,42741,22978,19763,8320,4491,3829
4980,C4114,1,15,District - Kulgam (15),5-9,46933,24077,22856,39219,20148,19071,7714,3929,3785
4981,C4114,1,15,District - Kulgam (15),10-14,49228,25177,24051,40651,20759,19892,8577,4418,4159
4982,C4114,1,15,District - Kulgam (15),15-19,44153,21986,22167,35906,17869,18037,8247,4117,4130
4983,C4114,1,15,District - Kulgam (15),20-24,41190,20010,21180,33044,15919,17125,8146,4091,4055
4984,C4114,1,15,District - Kulgam (15),25-29,34293,16952,17341,26920,13001,13919,7373,3951,3422
4985,C4114,1,15,District - Kulgam (15),30-34,30079,15088,14991,23719,11708,12011,6360,3380,2980
4986,C4114,1,15,District - Kulgam (15),35-39,27261,13932,13329,21663,10998,10665,5598,2934,2664
4987,C4114,1,15,District - Kulgam (15),40-44,24124,12702,11422,19034,9984,9050,5090,2718,2372
4988,C4114,1,15,District - Kulgam (15),45-49,18406,9543,8863,14612,7491,7121,3794,2052,1742
4989,C4114,1,15,District - Kulgam (15),50-54,15802,8677,7125,12671,6944,5727,3131,1733,1398
4990,C4114,1,15,District - Kulgam (15),55-59,11222,5571,5651,8928,4437,4491,2294,1134,1160
4991,C4114,1,15,District - Kulgam (15),60-64,11059,6108,4951,8833,4904,3929,2226,1204,1022
4992,C4114,1,15,District - Kulgam (15),65-69,6694,3288,3406,5397,2668,2729,1297,620,677
4993,C4114,1,15,District - Kulgam (15),70-74,6394,3483,2911,5145,2816,2329,1249,667,582
4994,C4114,1,15,District - Kulgam (15),75-79,2437,1242,1195,1975,1026,949,462,216,246
4995,C4114,1,15,District - Kulgam (15),80+,3645,1980,1665,2954,1620,1334,691,360,331
4996,C4114,1,15,District - Kulgam (15),Age not stated,502,335,167,458,304,154,44,31,13
4997,C4114,1,16,District - Doda (16),All ages,409936,213641,196295,377247,195430,181817,32689,18211,14478
4998,C4114,1,16,District - Doda (16),0-4,49447,25643,23804,46632,24113,22519,2815,1530,1285
4999,C4114,1,16,District - Doda (16),5-9,50305,25963,24342,47204,24319,22885,3101,1644,1457
5000,C4114,1,16,District - Doda (16),10-14,50588,26174,24414,47045,24173,22872,3543,2001,1542
5001,C4114,1,16,District - Doda (16),15-19,40541,21092,19449,37280,19244,18036,3261,1848,1413
5002,C4114,1,16,District - Doda (16),20-24,38242,19607,18635,35216,17952,17264,3026,1655,1371
5003,C4114,1,16,District - Doda (16),25-29,34453,18123,16330,31264,16284,14980,3189,1839,1350
5004,C4114,1,16,District - Doda (16),30-34,30158,15925,14233,27431,14422,13009,2727,1503,1224
5005,C4114,1,16,District - Doda (16),35-39,25337,13595,11742,22879,12209,10670,2458,1386,1072
5006,C4114,1,16,District - Doda (16),40-44,20989,11123,9866,18892,9892,9000,2097,1231,866
5007,C4114,1,16,District - Doda (16),45-49,16705,8734,7971,14911,7771,7140,1794,963,831
5008,C4114,1,16,District - Doda (16),50-54,13820,7345,6475,12362,6505,5857,1458,840,618
5009,C4114,1,16,District - Doda (16),55-59,9821,5147,4674,8777,4542,4235,1044,605,439
5010,C4114,1,16,District - Doda (16),60-64,10087,5086,5001,9270,4615,4655,817,471,346
5011,C4114,1,16,District - Doda (16),65-69,7006,3685,3321,6502,3423,3079,504,262,242
5012,C4114,1,16,District - Doda (16),70-74,5357,2715,2642,4978,2511,2467,379,204,175
5013,C4114,1,16,District - Doda (16),75-79,2767,1477,1290,2585,1389,1196,182,88,94
5014,C4114,1,16,District - Doda (16),80+,3886,1940,1946,3654,1836,1818,232,104,128
5015,C4114,1,16,District - Doda (16),Age not stated,427,267,160,365,230,135,62,37,25
5016,C4114,1,17,District - Ramban (17),All ages,283713,149132,134581,271902,142317,129585,11811,6815,4996
5017,C4114,1,17,District - Ramban (17),0-4,38465,19997,18468,37565,19506,18059,900,491,409
5018,C4114,1,17,District - Ramban (17),5-9,37914,19620,18294,36941,19094,17847,973,526,447
5019,C4114,1,17,District - Ramban (17),10-14,36437,18801,17636,35431,18284,17147,1006,517,489
5020,C4114,1,17,District - Ramban (17),15-19,28230,14432,13798,27262,13917,13345,968,515,453
5021,C4114,1,17,District - Ramban (17),20-24,25136,13006,12130,24046,12384,11662,1090,622,468
5022,C4114,1,17,District - Ramban (17),25-29,22344,12081,10263,20805,10999,9806,1539,1082,457
5023,C4114,1,17,District - Ramban (17),30-34,19372,10408,8964,18218,9674,8544,1154,734,420
5024,C4114,1,17,District - Ramban (17),35-39,17012,9059,7953,16115,8556,7559,897,503,394
5025,C4114,1,17,District - Ramban (17),40-44,14204,7663,6541,13382,7158,6224,822,505,317
5026,C4114,1,17,District - Ramban (17),45-49,11016,5801,5215,10337,5431,4906,679,370,309
5027,C4114,1,17,District - Ramban (17),50-54,9306,5104,4202,8755,4802,3953,551,302,249
5028,C4114,1,17,District - Ramban (17),55-59,6594,3416,3178,6192,3195,2997,402,221,181
5029,C4114,1,17,District - Ramban (17),60-64,6239,3396,2843,5955,3238,2717,284,158,126
5030,C4114,1,17,District - Ramban (17),65-69,3877,2072,1805,3685,1971,1714,192,101,91
5031,C4114,1,17,District - Ramban (17),70-74,3426,1958,1468,3281,1896,1385,145,62,83
5032,C4114,1,17,District - Ramban (17),75-79,1523,843,680,1446,804,642,77,39,38
5033,C4114,1,17,District - Ramban (17),80+,2255,1235,1020,2140,1180,960,115,55,60
5034,C4114,1,17,District - Ramban (17),Age not stated,363,240,123,346,228,118,17,12,5
5035,C4114,1,18,District - Kishtwar (18),All ages,230696,120165,110531,215831,111986,103845,14865,8179,6686
5036,C4114,1,18,District - Kishtwar (18),0-4,27019,14116,12903,25877,13494,12383,1142,622,520
5037,C4114,1,18,District - Kishtwar (18),5-9,28828,14813,14015,27598,14174,13424,1230,639,591
5038,C4114,1,18,District - Kishtwar (18),10-14,28897,14959,13938,27466,14184,13282,1431,775,656
5039,C4114,1,18,District - Kishtwar (18),15-19,22349,11653,10696,21010,10926,10084,1339,727,612
5040,C4114,1,18,District - Kishtwar (18),20-24,19734,10014,9720,18353,9273,9080,1381,741,640
5041,C4114,1,18,District - Kishtwar (18),25-29,19104,9875,9229,17773,9100,8673,1331,775,556
5042,C4114,1,18,District - Kishtwar (18),30-34,16930,8833,8097,15730,8200,7530,1200,633,567
5043,C4114,1,18,District - Kishtwar (18),35-39,14574,7709,6865,13300,6990,6310,1274,719,555
5044,C4114,1,18,District - Kishtwar (18),40-44,11977,6369,5608,10812,5649,5163,1165,720,445
5045,C4114,1,18,District - Kishtwar (18),45-49,9934,5266,4668,9008,4695,4313,926,571,355
5046,C4114,1,18,District - Kishtwar (18),50-54,7984,4244,3740,7257,3850,3407,727,394,333
5047,C4114,1,18,District - Kishtwar (18),55-59,5749,2971,2778,5255,2704,2551,494,267,227
5048,C4114,1,18,District - Kishtwar (18),60-64,5904,3090,2814,5477,2876,2601,427,214,213
5049,C4114,1,18,District - Kishtwar (18),65-69,4086,2098,1988,3797,1956,1841,289,142,147
5050,C4114,1,18,District - Kishtwar (18),70-74,3454,1885,1569,3217,1775,1442,237,110,127
5051,C4114,1,18,District - Kishtwar (18),75-79,1577,863,714,1455,807,648,122,56,66
5052,C4114,1,18,District - Kishtwar (18),80+,2330,1245,1085,2186,1174,1012,144,71,73
5053,C4114,1,18,District - Kishtwar (18),Age not stated,266,162,104,260,159,101,6,3,3
5054,C4114,1,19,District - Udhampur (19),All ages,554985,296784,258201,446777,232974,213803,108208,63810,44398
5055,C4114,1,19,District - Udhampur (19),0-4,58824,31127,27697,51206,26968,24238,7618,4159,3459
5056,C4114,1,19,District - Udhampur (19),5-9,61388,32711,28677,52880,27983,24897,8508,4728,3780
5057,C4114,1,19,District - Udhampur (19),10-14,61318,32328,28990,52710,27645,25065,8608,4683,3925
5058,C4114,1,19,District - Udhampur (19),15-19,53339,27990,25349,45169,23545,21624,8170,4445,3725
5059,C4114,1,19,District - Udhampur (19),20-24,53165,28547,24618,42145,21921,20224,11020,6626,4394
5060,C4114,1,19,District - Udhampur (19),25-29,51111,27893,23218,38114,19421,18693,12997,8472,4525
5061,C4114,1,19,District - Udhampur (19),30-34,44808,24584,20224,33278,17203,16075,11530,7381,4149
5062,C4114,1,19,District - Udhampur (19),35-39,38707,21089,17618,28785,15010,13775,9922,6079,3843
5063,C4114,1,19,District - Udhampur (19),40-44,31103,17163,13940,23092,12271,10821,8011,4892,3119
5064,C4114,1,19,District - Udhampur (19),45-49,26167,13980,12187,19502,9964,9538,6665,4016,2649
5065,C4114,1,19,District - Udhampur (19),50-54,20882,11400,9482,16091,8560,7531,4791,2840,1951
5066,C4114,1,19,District - Udhampur (19),55-59,15241,8062,7179,11943,6229,5714,3298,1833,1465
5067,C4114,1,19,District - Udhampur (19),60-64,13363,7036,6327,10881,5731,5150,2482,1305,1177
5068,C4114,1,19,District - Udhampur (19),65-69,8802,4546,4256,7145,3676,3469,1657,870,787
5069,C4114,1,19,District - Udhampur (19),70-74,7317,3615,3702,6067,2992,3075,1250,623,627
5070,C4114,1,19,District - Udhampur (19),75-79,3931,2006,1925,3211,1637,1574,720,369,351
5071,C4114,1,19,District - Udhampur (19),80+,5221,2534,2687,4339,2096,2243,882,438,444
5072,C4114,1,19,District - Udhampur (19),Age not stated,298,173,125,219,122,97,79,51,28
5073,C4114,1,20,District - Reasi (20),All ages,314667,166461,148206,287671,151481,136190,26996,14980,12016
5074,C4114,1,20,District - Reasi (20),0-4,38926,20253,18673,36633,19036,17597,2293,1217,1076
5075,C4114,1,20,District - Reasi (20),5-9,39512,20383,19129,37066,19111,17955,2446,1272,1174
5076,C4114,1,20,District - Reasi (20),10-14,39726,20892,18834,37337,19601,17736,2389,1291,1098
5077,C4114,1,20,District - Reasi (20),15-19,29882,15791,14091,27536,14538,12998,2346,1253,1093
5078,C4114,1,20,District - Reasi (20),20-24,29169,15391,13778,26588,13992,12596,2581,1399,1182
5079,C4114,1,20,District - Reasi (20),25-29,26752,14418,12334,23577,12491,11086,3175,1927,1248
5080,C4114,1,20,District - Reasi (20),30-34,22198,11964,10234,19908,10617,9291,2290,1347,943
5081,C4114,1,20,District - Reasi (20),35-39,19200,10298,8902,17069,9106,7963,2131,1192,939
5082,C4114,1,20,District - Reasi (20),40-44,15995,8467,7528,14243,7468,6775,1752,999,753
5083,C4114,1,20,District - Reasi (20),45-49,13374,7088,6286,11795,6218,5577,1579,870,709
5084,C4114,1,20,District - Reasi (20),50-54,10790,5948,4842,9530,5216,4314,1260,732,528
5085,C4114,1,20,District - Reasi (20),55-59,7283,3834,3449,6425,3347,3078,858,487,371
5086,C4114,1,20,District - Reasi (20),60-64,7388,3968,3420,6717,3605,3112,671,363,308
5087,C4114,1,20,District - Reasi (20),65-69,4581,2404,2177,4155,2171,1984,426,233,193
5088,C4114,1,20,District - Reasi (20),70-74,4235,2300,1935,3890,2131,1759,345,169,176
5089,C4114,1,20,District - Reasi (20),75-79,2026,1085,941,1838,982,856,188,103,85
5090,C4114,1,20,District - Reasi (20),80+,3440,1858,1582,3193,1743,1450,247,115,132
5091,C4114,1,20,District - Reasi (20),Age not stated,190,119,71,171,108,63,19,11,8
5092,C4114,1,21,District - Jammu (21),All ages,1529958,813821,716137,764945,401603,363342,765013,412218,352795
5093,C4114,1,21,District - Jammu (21),0-4,115818,64517,51301,65264,36856,28408,50554,27661,22893
5094,C4114,1,21,District - Jammu (21),5-9,127711,71416,56295,70946,39953,30993,56765,31463,25302
5095,C4114,1,21,District - Jammu (21),10-14,137646,76454,61192,76189,42091,34098,61457,34363,27094
5096,C4114,1,21,District - Jammu (21),15-19,144526,78526,66000,79006,42531,36475,65520,35995,29525
5097,C4114,1,21,District - Jammu (21),20-24,147093,76482,70611,74016,37400,36616,73077,39082,33995
5098,C4114,1,21,District - Jammu (21),25-29,144033,75060,68973,68528,33732,34796,75505,41328,34177
5099,C4114,1,21,District - Jammu (21),30-34,123830,64674,59156,58874,29489,29385,64956,35185,29771
5100,C4114,1,21,District - Jammu (21),35-39,117189,60426,56763,55272,27764,27508,61917,32662,29255
5101,C4114,1,21,District - Jammu (21),40-44,100693,53097,47596,46187,23872,22315,54506,29225,25281
5102,C4114,1,21,District - Jammu (21),45-49,94183,49177,45006,42614,22102,20512,51569,27075,24494
5103,C4114,1,21,District - Jammu (21),50-54,75462,40317,35145,33830,18124,15706,41632,22193,19439
5104,C4114,1,21,District - Jammu (21),55-59,56314,29876,26438,24418,12834,11584,31896,17042,14854
5105,C4114,1,21,District - Jammu (21),60-64,47870,24977,22893,22523,11554,10969,25347,13423,11924
5106,C4114,1,21,District - Jammu (21),65-69,32276,16423,15853,14308,7220,7088,17968,9203,8765
5107,C4114,1,21,District - Jammu (21),70-74,27307,13737,13570,13294,6628,6666,14013,7109,6904
5108,C4114,1,21,District - Jammu (21),75-79,15152,7550,7602,7180,3467,3713,7972,4083,3889
5109,C4114,1,21,District - Jammu (21),80+,21204,10085,11119,11647,5458,6189,9557,4627,4930
5110,C4114,1,21,District - Jammu (21),Age not stated,1651,1027,624,849,528,321,802,499,303
5111,C4114,1,22,District - Samba (22),All ages,318898,169124,149774,265283,139365,125918,53615,29759,23856
5112,C4114,1,22,District - Samba (22),0-4,27055,15146,11909,22990,12890,10100,4065,2256,1809
5113,C4114,1,22,District - Samba (22),5-9,29147,16477,12670,24737,13999,10738,4410,2478,1932
5114,C4114,1,22,District - Samba (22),10-14,30526,17131,13395,25936,14527,11409,4590,2604,1986
5115,C4114,1,22,District - Samba (22),15-19,31072,16808,14264,26242,14164,12078,4830,2644,2186
5116,C4114,1,22,District - Samba (22),20-24,30443,15316,15127,25217,12553,12664,5226,2763,2463
5117,C4114,1,22,District - Samba (22),25-29,29034,14714,14320,23099,11183,11916,5935,3531,2404
5118,C4114,1,22,District - Samba (22),30-34,25650,13165,12485,20814,10461,10353,4836,2704,2132
5119,C4114,1,22,District - Samba (22),35-39,23639,12277,11362,19246,9844,9402,4393,2433,1960
5120,C4114,1,22,District - Samba (22),40-44,20729,10959,9770,17013,8895,8118,3716,2064,1652
5121,C4114,1,22,District - Samba (22),45-49,18228,9758,8470,14823,7796,7027,3405,1962,1443
5122,C4114,1,22,District - Samba (22),50-54,14130,7712,6418,11688,6327,5361,2442,1385,1057
5123,C4114,1,22,District - Samba (22),55-59,10165,5388,4777,8441,4430,4011,1724,958,766
5124,C4114,1,22,District - Samba (22),60-64,9310,4720,4590,7924,4001,3923,1386,719,667
5125,C4114,1,22,District - Samba (22),65-69,6186,3091,3095,5321,2667,2654,865,424,441
5126,C4114,1,22,District - Samba (22),70-74,5506,2610,2896,4765,2277,2488,741,333,408
5127,C4114,1,22,District - Samba (22),75-79,3065,1465,1600,2663,1259,1404,402,206,196
5128,C4114,1,22,District - Samba (22),80+,4660,2174,2486,4074,1920,2154,586,254,332
5129,C4114,1,22,District - Samba (22),Age not stated,353,213,140,290,172,118,63,41,22
5130,C4114,29,0,State - KARNATAKA (29),All ages,61095297,30966657,30128640,37469335,18929354,18539981,23625962,12037303,11588659
5131,C4114,29,0,State - KARNATAKA (29),0-4,5046719,2582024,2464695,3179495,1625896,1553599,1867224,956128,911096
5132,C4114,29,0,State - KARNATAKA (29),5-9,5241509,2696670,2544839,3309619,1700617,1609002,1931890,996053,935837
5133,C4114,29,0,State - KARNATAKA (29),10-14,5736646,2955287,2781359,3662475,1889725,1772750,2074171,1065562,1008609
5134,C4114,29,0,State - KARNATAKA (29),15-19,5827277,3042048,2785229,3658264,1933809,1724455,2169013,1108239,1060774
5135,C4114,29,0,State - KARNATAKA (29),20-24,6052558,3109586,2942972,3549425,1849584,1699841,2503133,1260002,1243131
5136,C4114,29,0,State - KARNATAKA (29),25-29,5771606,2879254,2892352,3283508,1645487,1638021,2488098,1233767,1254331
5137,C4114,29,0,State - KARNATAKA (29),30-34,4698380,2389594,2308786,2657749,1332397,1325352,2040631,1057197,983434
5138,C4114,29,0,State - KARNATAKA (29),35-39,4695451,2319088,2376363,2770958,1337639,1433319,1924493,981449,943044
5139,C4114,29,0,State - KARNATAKA (29),40-44,3826712,1977768,1848944,2320355,1183334,1137021,1506357,794434,711923
5140,C4114,29,0,State - KARNATAKA (29),45-49,3519782,1804833,1714949,2165676,1103911,1061765,1354106,700922,653184
5141,C4114,29,0,State - KARNATAKA (29),50-54,2699270,1381969,1317301,1665456,844160,821296,1033814,537809,496005
5142,C4114,29,0,State - KARNATAKA (29),55-59,2142504,1056054,1086450,1323457,636709,686748,819047,419345,399702
5143,C4114,29,0,State - KARNATAKA (29),60-64,2060052,994630,1065422,1352255,642294,709961,707797,352336,355461
5144,C4114,29,0,State - KARNATAKA (29),65-69,1520119,723687,796432,1039482,491844,547638,480637,231843,248794
5145,C4114,29,0,State - KARNATAKA (29),70-74,1061125,510419,550706,736309,352315,383994,324816,158104,166712
5146,C4114,29,0,State - KARNATAKA (29),75-79,524426,249834,274592,350060,166285,183775,174366,83549,90817
5147,C4114,29,0,State - KARNATAKA (29),80+,625310,268502,356808,418963,179395,239568,206347,89107,117240
5148,C4114,29,0,State - KARNATAKA (29),Age not stated,45851,25410,20441,25829,13953,11876,20022,11457,8565
5149,C4114,29,555,District - Belgaum (01),All ages,4779661,2423063,2356598,3568466,1811094,1757372,1211195,611969,599226
5150,C4114,29,555,District - Belgaum (01),0-4,440713,227323,213390,343778,177350,166428,96935,49973,46962
5151,C4114,29,555,District - Belgaum (01),5-9,452189,235130,217059,347615,180328,167287,104574,54802,49772
5152,C4114,29,555,District - Belgaum (01),10-14,473479,247027,226452,361880,188611,173269,111599,58416,53183
5153,C4114,29,555,District - Belgaum (01),15-19,457740,249599,208141,344423,189860,154563,113317,59739,53578
5154,C4114,29,555,District - Belgaum (01),20-24,444897,232409,212488,325672,171965,153707,119225,60444,58781
5155,C4114,29,555,District - Belgaum (01),25-29,400330,197080,203250,290123,143724,146399,110207,53356,56851
5156,C4114,29,555,District - Belgaum (01),30-34,339726,168193,171533,244491,120903,123588,95235,47290,47945
5157,C4114,29,555,District - Belgaum (01),35-39,349524,168045,181479,255525,121986,133539,93999,46059,47940
5158,C4114,29,555,District - Belgaum (01),40-44,296371,150659,145712,217152,110162,106990,79219,40497,38722
5159,C4114,29,555,District - Belgaum (01),45-49,265495,134868,130627,193785,98842,94943,71710,36026,35684
5160,C4114,29,555,District - Belgaum (01),50-54,204901,103774,101127,148421,74734,73687,56480,29040,27440
5161,C4114,29,555,District - Belgaum (01),55-59,168284,80470,87814,122818,57433,65385,45466,23037,22429
5162,C4114,29,555,District - Belgaum (01),60-64,173174,82178,90996,131506,61851,69655,41668,20327,21341
5163,C4114,29,555,District - Belgaum (01),65-69,130759,61021,69738,101493,47472,54021,29266,13549,15717
5164,C4114,29,555,District - Belgaum (01),70-74,88197,42577,45620,68328,33151,35177,19869,9426,10443
5165,C4114,29,555,District - Belgaum (01),75-79,42113,20183,21930,31680,15283,16397,10433,4900,5533
5166,C4114,29,555,District - Belgaum (01),80+,49715,21382,28333,38130,16520,21610,11585,4862,6723
5167,C4114,29,555,District - Belgaum (01),Age not stated,2054,1145,909,1646,919,727,408,226,182
5168,C4114,29,556,District - Bagalkot  (02),All ages,1889752,950111,939641,1291906,650267,641639,597846,299844,298002
5169,C4114,29,556,District - Bagalkot  (02),0-4,189153,97315,91838,134778,69322,65456,54375,27993,26382
5170,C4114,29,556,District - Bagalkot  (02),5-9,199696,103097,96599,141251,72724,68527,58445,30373,28072
5171,C4114,29,556,District - Bagalkot  (02),10-14,198739,102271,96468,138838,71351,67487,59901,30920,28981
5172,C4114,29,556,District - Bagalkot  (02),15-19,189079,101865,87214,128443,70795,57648,60636,31070,29566
5173,C4114,29,556,District - Bagalkot  (02),20-24,180276,92562,87714,119228,62361,56867,61048,30201,30847
5174,C4114,29,556,District - Bagalkot  (02),25-29,166500,80839,85661,110494,53528,56966,56006,27311,28695
5175,C4114,29,556,District - Bagalkot  (02),30-34,133200,66508,66692,88638,43875,44763,44562,22633,21929
5176,C4114,29,556,District - Bagalkot  (02),35-39,131572,63444,68128,88601,42665,45936,42971,20779,22192
5177,C4114,29,556,District - Bagalkot  (02),40-44,105287,54010,51277,71141,36389,34752,34146,17621,16525
5178,C4114,29,556,District - Bagalkot  (02),45-49,95647,48258,47389,64086,32404,31682,31561,15854,15707
5179,C4114,29,556,District - Bagalkot  (02),50-54,72023,35540,36483,48164,23522,24642,23859,12018,11841
5180,C4114,29,556,District - Bagalkot  (02),55-59,58861,27675,31186,39153,18017,21136,19708,9658,10050
5181,C4114,29,556,District - Bagalkot  (02),60-64,61514,28069,33445,43105,19397,23708,18409,8672,9737
5182,C4114,29,556,District - Bagalkot  (02),65-69,46849,21374,25475,32954,14878,18076,13895,6496,7399
5183,C4114,29,556,District - Bagalkot  (02),70-74,30544,14035,16509,21717,9924,11793,8827,4111,4716
5184,C4114,29,556,District - Bagalkot  (02),75-79,13798,6349,7449,9391,4266,5125,4407,2083,2324
5185,C4114,29,556,District - Bagalkot  (02),80+,16185,6421,9764,11358,4521,6837,4827,1900,2927
5186,C4114,29,556,District - Bagalkot  (02),Age not stated,829,479,350,566,328,238,263,151,112
5187,C4114,29,557,District - Bijapur (03),All ages,2177331,1111022,1066309,1675353,857562,817791,501978,253460,248518
5188,C4114,29,557,District - Bijapur (03),0-4,222388,114663,107725,176008,90622,85386,46380,24041,22339
5189,C4114,29,557,District - Bijapur (03),5-9,233313,121309,112004,182785,94818,87967,50528,26491,24037
5190,C4114,29,557,District - Bijapur (03),10-14,236092,122745,113347,182944,95300,87644,53148,27445,25703
5191,C4114,29,557,District - Bijapur (03),15-19,218221,119316,98905,166861,93090,73771,51360,26226,25134
5192,C4114,29,557,District - Bijapur (03),20-24,203007,106802,96205,151729,81612,70117,51278,25190,26088
5193,C4114,29,557,District - Bijapur (03),25-29,182253,89948,92305,136239,67977,68262,46014,21971,24043
5194,C4114,29,557,District - Bijapur (03),30-34,145317,72285,73032,108480,53721,54759,36837,18564,18273
5195,C4114,29,557,District - Bijapur (03),35-39,148260,71970,76290,112023,54221,57802,36237,17749,18488
5196,C4114,29,557,District - Bijapur (03),40-44,123281,63060,60221,93689,47588,46101,29592,15472,14120
5197,C4114,29,557,District - Bijapur (03),45-49,110227,56334,53893,84331,43089,41242,25896,13245,12651
5198,C4114,29,557,District - Bijapur (03),50-54,86151,43395,42756,66068,32992,33076,20083,10403,9680
5199,C4114,29,557,District - Bijapur (03),55-59,69137,32926,36211,53568,25122,28446,15569,7804,7765
5200,C4114,29,557,District - Bijapur (03),60-64,72259,35052,37207,57803,27893,29910,14456,7159,7297
5201,C4114,29,557,District - Bijapur (03),65-69,50250,24336,25914,40659,19636,21023,9591,4700,4891
5202,C4114,29,557,District - Bijapur (03),70-74,37758,18453,19305,30827,15127,15700,6931,3326,3605
5203,C4114,29,557,District - Bijapur (03),75-79,17302,8346,8956,13873,6709,7164,3429,1637,1792
5204,C4114,29,557,District - Bijapur (03),80+,20692,9253,11439,16443,7462,8981,4249,1791,2458
5205,C4114,29,557,District - Bijapur (03),Age not stated,1423,829,594,1023,583,440,400,246,154
5206,C4114,29,558,District - Bidar (04),All ages,1703300,870665,832635,1277348,651250,626098,425952,219415,206537
5207,C4114,29,558,District - Bidar (04),0-4,155663,79547,76116,117617,59945,57672,38046,19602,18444
5208,C4114,29,558,District - Bidar (04),5-9,173360,89308,84052,128467,66012,62455,44893,23296,21597
5209,C4114,29,558,District - Bidar (04),10-14,194987,100067,94920,145013,74073,70940,49974,25994,23980
5210,C4114,29,558,District - Bidar (04),15-19,191206,100134,91072,141929,74476,67453,49277,25658,23619
5211,C4114,29,558,District - Bidar (04),20-24,165566,91164,74402,120674,67529,53145,44892,23635,21257
5212,C4114,29,558,District - Bidar (04),25-29,137413,70586,66827,99984,52030,47954,37429,18556,18873
5213,C4114,29,558,District - Bidar (04),30-34,111218,56242,54976,80843,40916,39927,30375,15326,15049
5214,C4114,29,558,District - Bidar (04),35-39,112030,55117,56913,81559,39792,41767,30471,15325,15146
5215,C4114,29,558,District - Bidar (04),40-44,94326,49801,44525,69908,36703,33205,24418,13098,11320
5216,C4114,29,558,District - Bidar (04),45-49,79546,41000,38546,59448,30094,29354,20098,10906,9192
5217,C4114,29,558,District - Bidar (04),50-54,62583,32091,30492,47537,24175,23362,15046,7916,7130
5218,C4114,29,558,District - Bidar (04),55-59,50965,23422,27543,39582,17606,21976,11383,5816,5567
5219,C4114,29,558,District - Bidar (04),60-64,59401,27085,32316,48266,21714,26552,11135,5371,5764
5220,C4114,29,558,District - Bidar (04),65-69,47269,22579,24690,39709,18902,20807,7560,3677,3883
5221,C4114,29,558,District - Bidar (04),70-74,32202,16243,15959,27069,13690,13379,5133,2553,2580
5222,C4114,29,558,District - Bidar (04),75-79,14524,6896,7628,12237,5789,6448,2287,1107,1180
5223,C4114,29,558,District - Bidar (04),80+,20327,8990,11337,16980,7525,9455,3347,1465,1882
5224,C4114,29,558,District - Bidar (04),Age not stated,714,393,321,526,279,247,188,114,74
5225,C4114,29,559,District - Raichur (05),All ages,1928812,964511,964301,1438464,717972,720492,490348,246539,243809
5226,C4114,29,559,District - Raichur (05),0-4,197750,101082,96668,153601,78639,74962,44149,22443,21706
5227,C4114,29,559,District - Raichur (05),5-9,209559,107473,102086,159989,81757,78232,49570,25716,23854
5228,C4114,29,559,District - Raichur (05),10-14,216585,111067,105518,164308,84407,79901,52277,26660,25617
5229,C4114,29,559,District - Raichur (05),15-19,212033,110397,101636,158035,82502,75533,53998,27895,26103
5230,C4114,29,559,District - Raichur (05),20-24,189067,95333,93734,136524,69142,67382,52543,26191,26352
5231,C4114,29,559,District - Raichur (05),25-29,171676,83744,87932,124998,60952,64046,46678,22792,23886
5232,C4114,29,559,District - Raichur (05),30-34,132593,66309,66284,97064,48284,48780,35529,18025,17504
5233,C4114,29,559,District - Raichur (05),35-39,131761,64253,67508,96008,46548,49460,35753,17705,18048
5234,C4114,29,559,District - Raichur (05),40-44,106028,54548,51480,77846,40216,37630,28182,14332,13850
5235,C4114,29,559,District - Raichur (05),45-49,94791,47487,47304,68638,34263,34375,26153,13224,12929
5236,C4114,29,559,District - Raichur (05),50-54,72358,36262,36096,52897,26212,26685,19461,10050,9411
5237,C4114,29,559,District - Raichur (05),55-59,53956,25061,28895,39435,17743,21692,14521,7318,7203
5238,C4114,29,559,District - Raichur (05),60-64,55077,25099,29978,42553,19294,23259,12524,5805,6719
5239,C4114,29,559,District - Raichur (05),65-69,35610,15613,19997,27810,12097,15713,7800,3516,4284
5240,C4114,29,559,District - Raichur (05),70-74,25525,10995,14530,20118,8615,11503,5407,2380,3027
5241,C4114,29,559,District - Raichur (05),75-79,10196,4250,5946,7797,3168,4629,2399,1082,1317
5242,C4114,29,559,District - Raichur (05),80+,13088,4924,8164,9927,3651,6276,3161,1273,1888
5243,C4114,29,559,District - Raichur (05),Age not stated,1159,614,545,916,482,434,243,132,111
5244,C4114,29,560,District - Koppal (06),All ages,1389920,699926,689994,1156216,582958,573258,233704,116968,116736
5245,C4114,29,560,District - Koppal (06),0-4,139957,71478,68479,118189,60542,57647,21768,10936,10832
5246,C4114,29,560,District - Koppal (06),5-9,148664,76040,72624,125517,64287,61230,23147,11753,11394
5247,C4114,29,560,District - Koppal (06),10-14,156128,80050,76078,131538,67542,63996,24590,12508,12082
5248,C4114,29,560,District - Koppal (06),15-19,153733,81464,72269,128575,68805,59770,25158,12659,12499
5249,C4114,29,560,District - Koppal (06),20-24,135314,70256,65058,111022,58122,52900,24292,12134,12158
5250,C4114,29,560,District - Koppal (06),25-29,121634,60441,61193,99193,49477,49716,22441,10964,11477
5251,C4114,29,560,District - Koppal (06),30-34,95099,48012,47087,77295,38951,38344,17804,9061,8743
5252,C4114,29,560,District - Koppal (06),35-39,94925,46566,48359,77388,37660,39728,17537,8906,8631
5253,C4114,29,560,District - Koppal (06),40-44,74707,38744,35963,61396,31875,29521,13311,6869,6442
5254,C4114,29,560,District - Koppal (06),45-49,65662,33632,32030,53795,27496,26299,11867,6136,5731
5255,C4114,29,560,District - Koppal (06),50-54,49164,24452,24712,40625,20077,20548,8539,4375,4164
5256,C4114,29,560,District - Koppal (06),55-59,39807,18077,21730,33038,14753,18285,6769,3324,3445
5257,C4114,29,560,District - Koppal (06),60-64,44273,19978,24295,37884,17109,20775,6389,2869,3520
5258,C4114,29,560,District - Koppal (06),65-69,31411,14600,16811,27086,12593,14493,4325,2007,2318
5259,C4114,29,560,District - Koppal (06),70-74,19612,8355,11257,16887,7114,9773,2725,1241,1484
5260,C4114,29,560,District - Koppal (06),75-79,8479,3522,4957,7214,2978,4236,1265,544,721
5261,C4114,29,560,District - Koppal (06),80+,10238,3655,6583,8634,3066,5568,1604,589,1015
5262,C4114,29,560,District - Koppal (06),Age not stated,1113,604,509,940,511,429,173,93,80
5263,C4114,29,561,District - Gadag (07),All ages,1064570,537147,527423,685261,347585,337676,379309,189562,189747
5264,C4114,29,561,District - Gadag (07),0-4,93977,48198,45779,62404,32028,30376,31573,16170,15403
5265,C4114,29,561,District - Gadag (07),5-9,94275,48295,45980,61009,31263,29746,33266,17032,16234
5266,C4114,29,561,District - Gadag (07),10-14,103829,53204,50625,66840,34435,32405,36989,18769,18220
5267,C4114,29,561,District - Gadag (07),15-19,108759,57834,50925,70255,37956,32299,38504,19878,18626
5268,C4114,29,561,District - Gadag (07),20-24,105623,55321,50302,67533,36138,31395,38090,19183,18907
5269,C4114,29,561,District - Gadag (07),25-29,95115,47586,47529,60469,30578,29891,34646,17008,17638
5270,C4114,29,561,District - Gadag (07),30-34,76009,38361,37648,47327,23967,23360,28682,14394,14288
5271,C4114,29,561,District - Gadag (07),35-39,78385,37864,40521,49628,23965,25663,28757,13899,14858
5272,C4114,29,561,District - Gadag (07),40-44,64464,32874,31590,40825,20777,20048,23639,12097,11542
5273,C4114,29,561,District - Gadag (07),45-49,60211,30853,29358,38706,19980,18726,21505,10873,10632
5274,C4114,29,561,District - Gadag (07),50-54,45060,22590,22470,28599,14284,14315,16461,8306,8155
5275,C4114,29,561,District - Gadag (07),55-59,37305,18130,19175,24028,11541,12487,13277,6589,6688
5276,C4114,29,561,District - Gadag (07),60-64,37821,17544,20277,25234,11639,13595,12587,5905,6682
5277,C4114,29,561,District - Gadag (07),65-69,28229,12987,15242,19055,8846,10209,9174,4141,5033
5278,C4114,29,561,District - Gadag (07),70-74,17581,7889,9692,11733,5199,6534,5848,2690,3158
5279,C4114,29,561,District - Gadag (07),75-79,8652,3860,4792,5585,2520,3065,3067,1340,1727
5280,C4114,29,561,District - Gadag (07),80+,8761,3479,5282,5677,2287,3390,3084,1192,1892
5281,C4114,29,561,District - Gadag (07),Age not stated,514,278,236,354,182,172,160,96,64
5282,C4114,29,562,District - Dharwad (08),All ages,1847023,937206,909817,797484,409416,388068,1049539,527790,521749
5283,C4114,29,562,District - Dharwad (08),0-4,156277,80221,76056,72597,37505,35092,83680,42716,40964
5284,C4114,29,562,District - Dharwad (08),5-9,158081,81266,76815,70128,36006,34122,87953,45260,42693
5285,C4114,29,562,District - Dharwad (08),10-14,174269,89676,84593,76181,39302,36879,98088,50374,47714
5286,C4114,29,562,District - Dharwad (08),15-19,177607,93105,84502,76864,41506,35358,100743,51599,49144
5287,C4114,29,562,District - Dharwad (08),20-24,183861,95334,88527,77363,41790,35573,106498,53544,52954
5288,C4114,29,562,District - Dharwad (08),25-29,167840,83224,84616,69409,35053,34356,98431,48171,50260
5289,C4114,29,562,District - Dharwad (08),30-34,139284,70523,68761,57695,29423,28272,81589,41100,40489
5290,C4114,29,562,District - Dharwad (08),35-39,141652,69350,72302,60086,29301,30785,81566,40049,41517
5291,C4114,29,562,District - Dharwad (08),40-44,116998,60344,56654,50127,26104,24023,66871,34240,32631
5292,C4114,29,562,District - Dharwad (08),45-49,107754,54855,52899,45447,23739,21708,62307,31116,31191
5293,C4114,29,562,District - Dharwad (08),50-54,82652,42945,39707,33607,17489,16118,49045,25456,23589
5294,C4114,29,562,District - Dharwad (08),55-59,66158,33078,33080,27210,13441,13769,38948,19637,19311
5295,C4114,29,562,District - Dharwad (08),60-64,62894,30407,32487,28601,13598,15003,34293,16809,17484
5296,C4114,29,562,District - Dharwad (08),65-69,47798,22805,24993,23403,11376,12027,24395,11429,12966
5297,C4114,29,562,District - Dharwad (08),70-74,30235,14729,15506,14308,7051,7257,15927,7678,8249
5298,C4114,29,562,District - Dharwad (08),75-79,16093,7769,8324,6926,3385,3541,9167,4384,4783
5299,C4114,29,562,District - Dharwad (08),80+,16747,7049,9698,7316,3224,4092,9431,3825,5606
5300,C4114,29,562,District - Dharwad (08),Age not stated,823,526,297,216,123,93,607,403,204
5301,C4114,29,563,District - Uttara Kannada (09),All ages,1437169,726256,710913,1018188,514910,503278,418981,211346,207635
5302,C4114,29,563,District - Uttara Kannada (09),0-4,105800,53966,51834,75320,38392,36928,30480,15574,14906
5303,C4114,29,563,District - Uttara Kannada (09),5-9,111831,57738,54093,79410,40972,38438,32421,16766,15655
5304,C4114,29,563,District - Uttara Kannada (09),10-14,129579,67126,62453,92187,47773,44414,37392,19353,18039
5305,C4114,29,563,District - Uttara Kannada (09),15-19,129525,66658,62867,92256,47406,44850,37269,19252,18017
5306,C4114,29,563,District - Uttara Kannada (09),20-24,134794,68242,66552,95388,48239,47149,39406,20003,19403
5307,C4114,29,563,District - Uttara Kannada (09),25-29,130752,65639,65113,92811,46948,45863,37941,18691,19250
5308,C4114,29,563,District - Uttara Kannada (09),30-34,111651,57115,54536,77854,40005,37849,33797,17110,16687
5309,C4114,29,563,District - Uttara Kannada (09),35-39,110155,54761,55394,77191,38467,38724,32964,16294,16670
5310,C4114,29,563,District - Uttara Kannada (09),40-44,97525,49419,48106,68924,34757,34167,28601,14662,13939
5311,C4114,29,563,District - Uttara Kannada (09),45-49,93318,47101,46217,66484,33644,32840,26834,13457,13377
5312,C4114,29,563,District - Uttara Kannada (09),50-54,74743,38573,36170,52687,27319,25368,22056,11254,10802
5313,C4114,29,563,District - Uttara Kannada (09),55-59,61153,31205,29948,42575,21612,20963,18578,9593,8985
5314,C4114,29,563,District - Uttara Kannada (09),60-64,51061,25274,25787,36115,17866,18249,14946,7408,7538
5315,C4114,29,563,District - Uttara Kannada (09),65-69,39455,18275,21180,28758,13342,15416,10697,4933,5764
5316,C4114,29,563,District - Uttara Kannada (09),70-74,26188,12132,14056,18710,8599,10111,7478,3533,3945
5317,C4114,29,563,District - Uttara Kannada (09),75-79,14605,6629,7976,10503,4765,5738,4102,1864,2238
5318,C4114,29,563,District - Uttara Kannada (09),80+,14337,6044,8293,10457,4514,5943,3880,1530,2350
5319,C4114,29,563,District - Uttara Kannada (09),Age not stated,697,359,338,558,290,268,139,69,70
5320,C4114,29,564,District - Haveri (10),All ages,1597668,819128,778540,1242167,638450,603717,355501,180678,174823
5321,C4114,29,564,District - Haveri (10),0-4,136911,70190,66721,106741,54541,52200,30170,15649,14521
5322,C4114,29,564,District - Haveri (10),5-9,142060,72905,69155,109259,55860,53399,32801,17045,15756
5323,C4114,29,564,District - Haveri (10),10-14,158009,81153,76856,120862,62043,58819,37147,19110,18037
5324,C4114,29,564,District - Haveri (10),15-19,164613,86225,78388,126405,66841,59564,38208,19384,18824
5325,C4114,29,564,District - Haveri (10),20-24,160382,86144,74238,123545,67361,56184,36837,18783,18054
5326,C4114,29,564,District - Haveri (10),25-29,142478,73116,69362,110003,57062,52941,32475,16054,16421
5327,C4114,29,564,District - Haveri (10),30-34,115402,58842,56560,88609,45198,43411,26793,13644,13149
5328,C4114,29,564,District - Haveri (10),35-39,117698,57342,60356,91388,44381,47007,26310,12961,13349
5329,C4114,29,564,District - Haveri (10),40-44,99723,51249,48474,78062,40009,38053,21661,11240,10421
5330,C4114,29,564,District - Haveri (10),45-49,93271,48409,44862,73477,38208,35269,19794,10201,9593
5331,C4114,29,564,District - Haveri (10),50-54,69697,36489,33208,54904,28739,26165,14793,7750,7043
5332,C4114,29,564,District - Haveri (10),55-59,55751,27770,27981,44218,21946,22272,11533,5824,5709
5333,C4114,29,564,District - Haveri (10),60-64,51422,25629,25793,41283,20599,20684,10139,5030,5109
5334,C4114,29,564,District - Haveri (10),65-69,40598,20303,20295,33151,16628,16523,7447,3675,3772
5335,C4114,29,564,District - Haveri (10),70-74,24679,11950,12729,20208,9798,10410,4471,2152,2319
5336,C4114,29,564,District - Haveri (10),75-79,11891,5860,6031,9580,4760,4820,2311,1100,1211
5337,C4114,29,564,District - Haveri (10),80+,12548,5246,7302,10059,4241,5818,2489,1005,1484
5338,C4114,29,564,District - Haveri (10),Age not stated,535,306,229,413,235,178,122,71,51
5339,C4114,29,565,District - Bellary (11),All ages,2452595,1236954,1215641,1532356,774093,758263,920239,462861,457378
5340,C4114,29,565,District - Bellary (11),0-4,240890,122485,118405,155912,79425,76487,84978,43060,41918
5341,C4114,29,565,District - Bellary (11),5-9,248657,127080,121577,160551,82009,78542,88106,45071,43035
5342,C4114,29,565,District - Bellary (11),10-14,256603,131430,125173,167120,85793,81327,89483,45637,43846
5343,C4114,29,565,District - Bellary (11),15-19,260887,136411,124476,170515,90261,80254,90372,46150,44222
5344,C4114,29,565,District - Bellary (11),20-24,249942,127863,122079,153598,80114,73484,96344,47749,48595
5345,C4114,29,565,District - Bellary (11),25-29,230034,113030,117004,137575,68368,69207,92459,44662,47797
5346,C4114,29,565,District - Bellary (11),30-34,181476,93347,88129,107904,55010,52894,73572,38337,35235
5347,C4114,29,565,District - Bellary (11),35-39,175736,88455,87281,104672,51971,52701,71064,36484,34580
5348,C4114,29,565,District - Bellary (11),40-44,138005,71984,66021,83523,43268,40255,54482,28716,25766
5349,C4114,29,565,District - Bellary (11),45-49,122059,61724,60335,73382,36981,36401,48677,24743,23934
5350,C4114,29,565,District - Bellary (11),50-54,93034,46829,46205,55797,28086,27711,37237,18743,18494
5351,C4114,29,565,District - Bellary (11),55-59,71715,33924,37791,43234,19758,23476,28481,14166,14315
5352,C4114,29,565,District - Bellary (11),60-64,69920,32501,37419,44516,20698,23818,25404,11803,13601
5353,C4114,29,565,District - Bellary (11),65-69,47272,21459,25813,31053,14088,16965,16219,7371,8848
5354,C4114,29,565,District - Bellary (11),70-74,32695,14546,18149,21483,9471,12012,11212,5075,6137
5355,C4114,29,565,District - Bellary (11),75-79,14630,6377,8253,9282,4009,5273,5348,2368,2980
5356,C4114,29,565,District - Bellary (11),80+,17639,6745,10894,11274,4257,7017,6365,2488,3877
5357,C4114,29,565,District - Bellary (11),Age not stated,1401,764,637,965,526,439,436,238,198
5358,C4114,29,566,District - Chitradurga (12),All ages,1659456,840843,818613,1329923,675573,654350,329533,165270,164263
5359,C4114,29,566,District - Chitradurga (12),0-4,129681,66372,63309,105110,53854,51256,24571,12518,12053
5360,C4114,29,566,District - Chitradurga (12),5-9,135062,69454,65608,108099,55500,52599,26963,13954,13009
5361,C4114,29,566,District - Chitradurga (12),10-14,157645,81374,76271,125615,65007,60608,32030,16367,15663
5362,C4114,29,566,District - Chitradurga (12),15-19,165160,85820,79340,131862,68985,62877,33298,16835,16463
5363,C4114,29,566,District - Chitradurga (12),20-24,156981,79747,77234,123936,63880,60056,33045,15867,17178
5364,C4114,29,566,District - Chitradurga (12),25-29,146701,71493,75208,114959,56635,58324,31742,14858,16884
5365,C4114,29,566,District - Chitradurga (12),30-34,120913,61228,59685,94862,48319,46543,26051,12909,13142
5366,C4114,29,566,District - Chitradurga (12),35-39,128223,62296,65927,100844,48750,52094,27379,13546,13833
5367,C4114,29,566,District - Chitradurga (12),40-44,108386,55614,52772,86808,44390,42418,21578,11224,10354
5368,C4114,29,566,District - Chitradurga (12),45-49,102535,52865,49670,82085,42327,39758,20450,10538,9912
5369,C4114,29,566,District - Chitradurga (12),50-54,78103,40670,37433,63105,32715,30390,14998,7955,7043
5370,C4114,29,566,District - Chitradurga (12),55-59,60468,30278,30190,48986,24243,24743,11482,6035,5447
5371,C4114,29,566,District - Chitradurga (12),60-64,58714,29449,29265,49075,24531,24544,9639,4918,4721
5372,C4114,29,566,District - Chitradurga (12),65-69,43780,21365,22415,37196,18206,18990,6584,3159,3425
5373,C4114,29,566,District - Chitradurga (12),70-74,32453,16234,16219,27893,14033,13860,4560,2201,2359
5374,C4114,29,566,District - Chitradurga (12),75-79,15155,7558,7597,12879,6438,6441,2276,1120,1156
5375,C4114,29,566,District - Chitradurga (12),80+,17739,8050,9689,15067,6906,8161,2672,1144,1528
5376,C4114,29,566,District - Chitradurga (12),Age not stated,1757,976,781,1542,854,688,215,122,93
5377,C4114,29,567,District - Davanagere (13),All ages,1945497,986400,959097,1316487,668267,648220,629010,318133,310877
5378,C4114,29,567,District - Davanagere (13),0-4,154310,79037,75273,105094,53948,51146,49216,25089,24127
5379,C4114,29,567,District - Davanagere (13),5-9,161087,82694,78393,107947,55300,52647,53140,27394,25746
5380,C4114,29,567,District - Davanagere (13),10-14,183791,94482,89309,123883,63753,60130,59908,30729,29179
5381,C4114,29,567,District - Davanagere (13),15-19,196956,101300,95656,132283,67941,64342,64673,33359,31314
5382,C4114,29,567,District - Davanagere (13),20-24,194098,99903,94195,127998,66681,61317,66100,33222,32878
5383,C4114,29,567,District - Davanagere (13),25-29,178276,89274,89002,117915,59685,58230,60361,29589,30772
5384,C4114,29,567,District - Davanagere (13),30-34,145473,73091,72382,96652,48667,47985,48821,24424,24397
5385,C4114,29,567,District - Davanagere (13),35-39,151409,74552,76857,101988,50103,51885,49421,24449,24972
5386,C4114,29,567,District - Davanagere (13),40-44,125238,64651,60587,85424,44130,41294,39814,20521,19293
5387,C4114,29,567,District - Davanagere (13),45-49,116431,60111,56320,79164,41198,37966,37267,18913,18354
5388,C4114,29,567,District - Davanagere (13),50-54,87809,45808,42001,59330,30923,28407,28479,14885,13594
5389,C4114,29,567,District - Davanagere (13),55-59,68315,34223,34092,45938,22818,23120,22377,11405,10972
5390,C4114,29,567,District - Davanagere (13),60-64,64484,31616,32868,45738,22057,23681,18746,9559,9187
5391,C4114,29,567,District - Davanagere (13),65-69,48306,23616,24690,35523,17264,18259,12783,6352,6431
5392,C4114,29,567,District - Davanagere (13),70-74,32510,15574,16936,24244,11595,12649,8266,3979,4287
5393,C4114,29,567,District - Davanagere (13),75-79,15913,7557,8356,11764,5561,6203,4149,1996,2153
5394,C4114,29,567,District - Davanagere (13),80+,18836,7750,11086,13926,5788,8138,4910,1962,2948
5395,C4114,29,567,District - Davanagere (13),Age not stated,2255,1161,1094,1676,855,821,579,306,273
5396,C4114,29,568,District - Shimoga (14),All ages,1752753,877415,875338,1129026,565821,563205,623727,311594,312133
5397,C4114,29,568,District - Shimoga (14),0-4,129212,65738,63474,84584,43104,41480,44628,22634,21994
5398,C4114,29,568,District - Shimoga (14),5-9,138103,70477,67626,90162,46115,44047,47941,24362,23579
5399,C4114,29,568,District - Shimoga (14),10-14,162453,83174,79279,105851,54408,51443,56602,28766,27836
5400,C4114,29,568,District - Shimoga (14),15-19,164421,83549,80872,103415,52780,50635,61006,30769,30237
5401,C4114,29,568,District - Shimoga (14),20-24,164792,82133,82659,103290,51887,51403,61502,30246,31256
5402,C4114,29,568,District - Shimoga (14),25-29,154169,75978,78191,98062,48486,49576,56107,27492,28615
5403,C4114,29,568,District - Shimoga (14),30-34,130707,64924,65783,82583,40899,41684,48124,24025,24099
5404,C4114,29,568,District - Shimoga (14),35-39,140421,67520,72901,90679,43319,47360,49742,24201,25541
5405,C4114,29,568,District - Shimoga (14),40-44,123091,61895,61196,79877,40239,39638,43214,21656,21558
5406,C4114,29,568,District - Shimoga (14),45-49,119078,61030,58048,77687,40041,37646,41391,20989,20402
5407,C4114,29,568,District - Shimoga (14),50-54,89754,46730,43024,57224,30096,27128,32530,16634,15896
5408,C4114,29,568,District - Shimoga (14),55-59,70402,36621,33781,44169,22814,21355,26233,13807,12426
5409,C4114,29,568,District - Shimoga (14),60-64,58849,29079,29770,38211,18544,19667,20638,10535,10103
5410,C4114,29,568,District - Shimoga (14),65-69,44556,20484,24072,30344,13917,16427,14212,6567,7645
5411,C4114,29,568,District - Shimoga (14),70-74,29394,13594,15800,20096,9210,10886,9298,4384,4914
5412,C4114,29,568,District - Shimoga (14),75-79,15527,7112,8415,10586,4818,5768,4941,2294,2647
5413,C4114,29,568,District - Shimoga (14),80+,17060,6953,10107,11645,4829,6816,5415,2124,3291
5414,C4114,29,568,District - Shimoga (14),Age not stated,764,424,340,561,315,246,203,109,94
5415,C4114,29,569,District - Udupi (15),All ages,1177361,562131,615230,843300,398847,444453,334061,163284,170777
5416,C4114,29,569,District - Udupi (15),0-4,73122,37287,35835,52743,26818,25925,20379,10469,9910
5417,C4114,29,569,District - Udupi (15),5-9,76096,38776,37320,54863,28084,26779,21233,10692,10541
5418,C4114,29,569,District - Udupi (15),10-14,91113,46336,44777,66661,33883,32778,24452,12453,11999
5419,C4114,29,569,District - Udupi (15),15-19,100319,50084,50235,73891,36695,37196,26428,13389,13039
5420,C4114,29,569,District - Udupi (15),20-24,111819,52110,59709,81708,37291,44417,30111,14819,15292
5421,C4114,29,569,District - Udupi (15),25-29,107096,49024,58072,77134,34975,42159,29962,14049,15913
5422,C4114,29,569,District - Udupi (15),30-34,91148,43452,47696,63816,30277,33539,27332,13175,14157
5423,C4114,29,569,District - Udupi (15),35-39,90781,42542,48239,63086,29055,34031,27695,13487,14208
5424,C4114,29,569,District - Udupi (15),40-44,79703,38060,41643,55469,25927,29542,24234,12133,12101
5425,C4114,29,569,District - Udupi (15),45-49,79271,37847,41424,55769,26067,29702,23502,11780,11722
5426,C4114,29,569,District - Udupi (15),50-54,65325,31382,33943,45979,21731,24248,19346,9651,9695
5427,C4114,29,569,District - Udupi (15),55-59,56127,26712,29415,39752,18699,21053,16375,8013,8362
5428,C4114,29,569,District - Udupi (15),60-64,48618,22657,25961,34535,15968,18567,14083,6689,7394
5429,C4114,29,569,District - Udupi (15),65-69,41548,18221,23327,30339,13236,17103,11209,4985,6224
5430,C4114,29,569,District - Udupi (15),70-74,28729,12733,15996,20961,9294,11667,7768,3439,4329
5431,C4114,29,569,District - Udupi (15),75-79,17634,7592,10042,12798,5533,7265,4836,2059,2777
5432,C4114,29,569,District - Udupi (15),80+,18253,6969,11284,13399,5105,8294,4854,1864,2990
5433,C4114,29,569,District - Udupi (15),Age not stated,659,347,312,397,209,188,262,138,124
5434,C4114,29,570,District - Chikmagalur (16),All ages,1137961,566622,571339,898453,447545,450908,239508,119077,120431
5435,C4114,29,570,District - Chikmagalur (16),0-4,74621,37762,36859,58441,29529,28912,16180,8233,7947
5436,C4114,29,570,District - Chikmagalur (16),5-9,80543,41220,39323,62520,31970,30550,18023,9250,8773
5437,C4114,29,570,District - Chikmagalur (16),10-14,103500,52708,50792,80740,41391,39349,22760,11317,11443
5438,C4114,29,570,District - Chikmagalur (16),15-19,101692,51215,50477,78056,39713,38343,23636,11502,12134
5439,C4114,29,570,District - Chikmagalur (16),20-24,103307,50396,52911,79749,39192,40557,23558,11204,12354
5440,C4114,29,570,District - Chikmagalur (16),25-29,101331,49378,51953,79025,38751,40274,22306,10627,11679
5441,C4114,29,570,District - Chikmagalur (16),30-34,85219,41871,43348,66392,32631,33761,18827,9240,9587
5442,C4114,29,570,District - Chikmagalur (16),35-39,94678,44943,49735,74432,35120,39312,20246,9823,10423
5443,C4114,29,570,District - Chikmagalur (16),40-44,80727,40784,39943,64161,32245,31916,16566,8539,8027
5444,C4114,29,570,District - Chikmagalur (16),45-49,80756,41154,39602,64673,32845,31828,16083,8309,7774
5445,C4114,29,570,District - Chikmagalur (16),50-54,60644,32092,28552,48562,25591,22971,12082,6501,5581
5446,C4114,29,570,District - Chikmagalur (16),55-59,47974,24713,23261,38760,19688,19072,9214,5025,4189
5447,C4114,29,570,District - Chikmagalur (16),60-64,40595,20030,20565,33458,16437,17021,7137,3593,3544
5448,C4114,29,570,District - Chikmagalur (16),65-69,33054,15135,17919,27766,12717,15049,5288,2418,2870
5449,C4114,29,570,District - Chikmagalur (16),70-74,22603,10833,11770,19160,9200,9960,3443,1633,1810
5450,C4114,29,570,District - Chikmagalur (16),75-79,12267,5895,6372,10290,4997,5293,1977,898,1079
5451,C4114,29,570,District - Chikmagalur (16),80+,13727,6098,7629,11679,5202,6477,2048,896,1152
5452,C4114,29,570,District - Chikmagalur (16),Age not stated,723,395,328,589,326,263,134,69,65
5453,C4114,29,571,District - Tumkur (17),All ages,2678980,1350594,1328386,2079902,1048710,1031192,599078,301884,297194
5454,C4114,29,571,District - Tumkur (17),0-4,187669,95248,92421,143898,73010,70888,43771,22238,21533
5455,C4114,29,571,District - Tumkur (17),5-9,198299,102015,96284,151191,77815,73376,47108,24200,22908
5456,C4114,29,571,District - Tumkur (17),10-14,238259,124775,113484,183324,96472,86852,54935,28303,26632
5457,C4114,29,571,District - Tumkur (17),15-19,247643,129870,117773,188376,99525,88851,59267,30345,28922
5458,C4114,29,571,District - Tumkur (17),20-24,246216,126235,119981,185233,95974,89259,60983,30261,30722
5459,C4114,29,571,District - Tumkur (17),25-29,233375,116242,117133,177969,89845,88124,55406,26397,29009
5460,C4114,29,571,District - Tumkur (17),30-34,195529,96875,98654,147661,73536,74125,47868,23339,24529
5461,C4114,29,571,District - Tumkur (17),35-39,208238,99691,108547,159057,75669,83388,49181,24022,25159
5462,C4114,29,571,District - Tumkur (17),40-44,181613,90890,90723,140025,69755,70270,41588,21135,20453
5463,C4114,29,571,District - Tumkur (17),45-49,175556,89004,86552,137077,69034,68043,38479,19970,18509
5464,C4114,29,571,District - Tumkur (17),50-54,137410,69548,67862,108477,54067,54410,28933,15481,13452
5465,C4114,29,571,District - Tumkur (17),55-59,108338,53745,54593,86784,42202,44582,21554,11543,10011
5466,C4114,29,571,District - Tumkur (17),60-64,109114,53214,55900,90957,44041,46916,18157,9173,8984
5467,C4114,29,571,District - Tumkur (17),65-69,84827,41234,43593,72042,35075,36967,12785,6159,6626
5468,C4114,29,571,District - Tumkur (17),70-74,61932,30856,31076,53204,26522,26682,8728,4334,4394
5469,C4114,29,571,District - Tumkur (17),75-79,29205,14710,14495,24804,12558,12246,4401,2152,2249
5470,C4114,29,571,District - Tumkur (17),80+,33370,14990,18380,28118,12693,15425,5252,2297,2955
5471,C4114,29,571,District - Tumkur (17),Age not stated,2387,1452,935,1705,917,788,682,535,147
5472,C4114,29,572,District - Bangalore (18),All ages,9621551,5022661,4598890,871607,464256,407351,8749944,4558405,4191539
5473,C4114,29,572,District - Bangalore (18),0-4,755635,388131,367504,72864,37290,35574,682771,350841,331930
5474,C4114,29,572,District - Bangalore (18),5-9,722652,371780,350872,67656,34682,32974,654996,337098,317898
5475,C4114,29,572,District - Bangalore (18),10-14,728636,375422,353214,70856,36764,34092,657780,338658,319122
5476,C4114,29,572,District - Bangalore (18),15-19,774999,399402,375597,78108,41241,36867,696891,358161,338730
5477,C4114,29,572,District - Bangalore (18),20-24,1094930,567855,527075,112879,62330,50549,982051,505525,476526
5478,C4114,29,572,District - Bangalore (18),25-29,1198814,615684,583130,106661,57690,48971,1092153,557994,534159
5479,C4114,29,572,District - Bangalore (18),30-34,955234,517351,437883,76798,42482,34316,878436,474869,403567
5480,C4114,29,572,District - Bangalore (18),35-39,830430,443995,386435,71670,38319,33351,758760,405676,353084
5481,C4114,29,572,District - Bangalore (18),40-44,602926,330829,272097,50186,28361,21825,552740,302468,250272
5482,C4114,29,572,District - Bangalore (18),45-49,520985,276096,244889,44125,24085,20040,476860,252011,224849
5483,C4114,29,572,District - Bangalore (18),50-54,389571,203992,185579,30126,16100,14026,359445,187892,171553
5484,C4114,29,572,District - Bangalore (18),55-59,312046,159445,152601,22995,11516,11479,289051,147929,141122
5485,C4114,29,572,District - Bangalore (18),60-64,271092,138563,132529,22410,11044,11366,248682,127519,121163
5486,C4114,29,572,District - Bangalore (18),65-69,178762,90586,88176,16560,8135,8425,162202,82451,79751
5487,C4114,29,572,District - Bangalore (18),70-74,119786,61997,57789,11819,6126,5693,107967,55871,52096
5488,C4114,29,572,District - Bangalore (18),75-79,66172,33720,32452,6146,3241,2905,60026,30479,29547
5489,C4114,29,572,District - Bangalore (18),80+,86766,40998,45768,8858,4348,4510,77908,36650,41258
5490,C4114,29,572,District - Bangalore (18),Age not stated,12115,6815,5300,890,502,388,11225,6313,4912
5491,C4114,29,573,District - Mandya (19),All ages,1805769,905085,900684,1497407,751243,746164,308362,153842,154520
5492,C4114,29,573,District - Mandya (19),0-4,122564,63065,59499,100128,51489,48639,22436,11576,10860
5493,C4114,29,573,District - Mandya (19),5-9,129443,66854,62589,105633,54640,50993,23810,12214,11596
5494,C4114,29,573,District - Mandya (19),10-14,153314,79865,73449,125739,65972,59767,27575,13893,13682
5495,C4114,29,573,District - Mandya (19),15-19,162126,84088,78038,133771,69978,63793,28355,14110,14245
5496,C4114,29,573,District - Mandya (19),20-24,170210,87021,83189,139712,72380,67332,30498,14641,15857
5497,C4114,29,573,District - Mandya (19),25-29,164650,82513,82137,134318,67935,66383,30332,14578,15754
5498,C4114,29,573,District - Mandya (19),30-34,136630,67390,69240,110720,54728,55992,25910,12662,13248
5499,C4114,29,573,District - Mandya (19),35-39,148252,70308,77944,121700,57316,64384,26552,12992,13560
5500,C4114,29,573,District - Mandya (19),40-44,123731,62852,60879,102607,51856,50751,21124,10996,10128
5501,C4114,29,573,District - Mandya (19),45-49,118623,60797,57826,98839,50624,48215,19784,10173,9611
5502,C4114,29,573,District - Mandya (19),50-54,91849,46486,45363,77012,38765,38247,14837,7721,7116
5503,C4114,29,573,District - Mandya (19),55-59,68882,33836,35046,57521,27703,29818,11361,6133,5228
5504,C4114,29,573,District - Mandya (19),60-64,72497,33792,38705,62986,29152,33834,9511,4640,4871
5505,C4114,29,573,District - Mandya (19),65-69,55549,26427,29122,48811,23273,25538,6738,3154,3584
5506,C4114,29,573,District - Mandya (19),70-74,42504,20008,22496,38015,17863,20152,4489,2145,2344
5507,C4114,29,573,District - Mandya (19),75-79,19419,9226,10193,17145,8146,8999,2274,1080,1194
5508,C4114,29,573,District - Mandya (19),80+,24400,9985,14415,21711,8899,12812,2689,1086,1603
5509,C4114,29,573,District - Mandya (19),Age not stated,1126,572,554,1039,524,515,87,48,39
5510,C4114,29,574,District - Hassan (20),All ages,1776421,883667,892754,1399658,695583,704075,376763,188084,188679
5511,C4114,29,574,District - Hassan (20),0-4,117374,59283,58091,91150,45925,45225,26224,13358,12866
5512,C4114,29,574,District - Hassan (20),5-9,126336,64352,61984,96883,49195,47688,29453,15157,14296
5513,C4114,29,574,District - Hassan (20),10-14,152557,77307,75250,117870,59751,58119,34687,17556,17131
5514,C4114,29,574,District - Hassan (20),15-19,154538,77843,76695,120003,60761,59242,34535,17082,17453
5515,C4114,29,574,District - Hassan (20),20-24,165984,83519,82465,129022,65936,63086,36962,17583,19379
5516,C4114,29,574,District - Hassan (20),25-29,160551,80663,79888,125103,63848,61255,35448,16815,18633
5517,C4114,29,574,District - Hassan (20),30-34,132342,65838,66504,101126,50448,50678,31216,15390,15826
5518,C4114,29,574,District - Hassan (20),35-39,144591,69407,75184,112313,53479,58834,32278,15928,16350
5519,C4114,29,574,District - Hassan (20),40-44,123291,62242,61049,96558,48345,48213,26733,13897,12836
5520,C4114,29,574,District - Hassan (20),45-49,121815,61157,60658,96703,48030,48673,25112,13127,11985
5521,C4114,29,574,District - Hassan (20),50-54,91860,47301,44559,73579,37676,35903,18281,9625,8656
5522,C4114,29,574,District - Hassan (20),55-59,74250,36880,37370,59797,29201,30596,14453,7679,6774
5523,C4114,29,574,District - Hassan (20),60-64,68945,32829,36116,57508,27107,30401,11437,5722,5715
5524,C4114,29,574,District - Hassan (20),65-69,56388,26339,30049,48260,22543,25717,8128,3796,4332
5525,C4114,29,574,District - Hassan (20),70-74,40010,18693,21317,34563,16064,18499,5447,2629,2818
5526,C4114,29,574,District - Hassan (20),75-79,20308,9465,10843,17331,8078,9253,2977,1387,1590
5527,C4114,29,574,District - Hassan (20),80+,24157,9945,14212,20876,8655,12221,3281,1290,1991
5528,C4114,29,574,District - Hassan (20),Age not stated,1124,604,520,1013,541,472,111,63,48
5529,C4114,29,575,District - Dakshina Kannada (21),All ages,2089649,1034714,1054935,1093563,541484,552079,996086,493230,502856
5530,C4114,29,575,District - Dakshina Kannada (21),0-4,147145,75616,71529,78531,40351,38180,68614,35265,33349
5531,C4114,29,575,District - Dakshina Kannada (21),5-9,155569,79705,75864,83139,42542,40597,72430,37163,35267
5532,C4114,29,575,District - Dakshina Kannada (21),10-14,175536,90131,85405,94407,48591,45816,81129,41540,39589
5533,C4114,29,575,District - Dakshina Kannada (21),15-19,191035,96754,94281,97957,49827,48130,93078,46927,46151
5534,C4114,29,575,District - Dakshina Kannada (21),20-24,210759,102561,108198,106449,51489,54960,104310,51072,53238
5535,C4114,29,575,District - Dakshina Kannada (21),25-29,192373,93003,99370,102585,49471,53114,89788,43532,46256
5536,C4114,29,575,District - Dakshina Kannada (21),30-34,165623,81433,84190,86677,42966,43711,78946,38467,40479
5537,C4114,29,575,District - Dakshina Kannada (21),35-39,163196,80270,82926,84193,41085,43108,79003,39185,39818
5538,C4114,29,575,District - Dakshina Kannada (21),40-44,143200,71444,71756,73423,36315,37108,69777,35129,34648
5539,C4114,29,575,District - Dakshina Kannada (21),45-49,136431,68870,67561,71133,35745,35388,65298,33125,32173
5540,C4114,29,575,District - Dakshina Kannada (21),50-54,111778,56429,55349,57697,28792,28905,54081,27637,26444
5541,C4114,29,575,District - Dakshina Kannada (21),55-59,89069,44698,44371,46179,23016,23163,42890,21682,21208
5542,C4114,29,575,District - Dakshina Kannada (21),60-64,71953,34870,37083,37656,18360,19296,34297,16510,17787
5543,C4114,29,575,District - Dakshina Kannada (21),65-69,52941,23942,28999,28709,13156,15553,24232,10786,13446
5544,C4114,29,575,District - Dakshina Kannada (21),70-74,37492,16541,20951,20184,9121,11063,17308,7420,9888
5545,C4114,29,575,District - Dakshina Kannada (21),75-79,23223,9861,13362,12394,5504,6890,10829,4357,6472
5546,C4114,29,575,District - Dakshina Kannada (21),80+,21446,8130,13316,11818,4921,6897,9628,3209,6419
5547,C4114,29,575,District - Dakshina Kannada (21),Age not stated,880,456,424,432,232,200,448,224,224
5548,C4114,29,576,District - Kodagu (22),All ages,554519,274608,279911,473531,234161,239370,80988,40447,40541
5549,C4114,29,576,District - Kodagu (22),0-4,38297,19308,18989,32814,16535,16279,5483,2773,2710
5550,C4114,29,576,District - Kodagu (22),5-9,43132,21826,21306,36822,18601,18221,6310,3225,3085
5551,C4114,29,576,District - Kodagu (22),10-14,52578,26637,25941,45012,22849,22163,7566,3788,3778
5552,C4114,29,576,District - Kodagu (22),15-19,47341,23885,23456,39898,20164,19734,7443,3721,3722
5553,C4114,29,576,District - Kodagu (22),20-24,47975,23376,24599,40616,19747,20869,7359,3629,3730
5554,C4114,29,576,District - Kodagu (22),25-29,47595,23378,24217,40527,20043,20484,7068,3335,3733
5555,C4114,29,576,District - Kodagu (22),30-34,41113,20176,20937,34418,16954,17464,6695,3222,3473
5556,C4114,29,576,District - Kodagu (22),35-39,44417,21135,23282,37571,17764,19807,6846,3371,3475
5557,C4114,29,576,District - Kodagu (22),40-44,38076,18991,19085,32340,16037,16303,5736,2954,2782
5558,C4114,29,576,District - Kodagu (22),45-49,39754,19992,19762,34212,17099,17113,5542,2893,2649
5559,C4114,29,576,District - Kodagu (22),50-54,30497,15830,14667,26253,13540,12713,4244,2290,1954
5560,C4114,29,576,District - Kodagu (22),55-59,25648,13209,12439,22087,11282,10805,3561,1927,1634
5561,C4114,29,576,District - Kodagu (22),60-64,20031,9910,10121,17479,8627,8852,2552,1283,1269
5562,C4114,29,576,District - Kodagu (22),65-69,15455,6992,8463,13631,6189,7442,1824,803,1021
5563,C4114,29,576,District - Kodagu (22),70-74,9861,4514,5347,8660,3962,4698,1201,552,649
5564,C4114,29,576,District - Kodagu (22),75-79,6073,2782,3291,5307,2425,2882,766,357,409
5565,C4114,29,576,District - Kodagu (22),80+,6354,2506,3848,5599,2195,3404,755,311,444
5566,C4114,29,576,District - Kodagu (22),Age not stated,322,161,161,285,148,137,37,13,24
5567,C4114,29,577,District - Mysore (23),All ages,3001127,1511600,1489527,1755714,887500,868214,1245413,624100,621313
5568,C4114,29,577,District - Mysore (23),0-4,215953,109725,106228,130749,66396,64353,85204,43329,41875
5569,C4114,29,577,District - Mysore (23),5-9,228565,116735,111830,136120,69223,66897,92445,47512,44933
5570,C4114,29,577,District - Mysore (23),10-14,264355,134533,129822,158948,81046,77902,105407,53487,51920
5571,C4114,29,577,District - Mysore (23),15-19,279357,142682,136675,164208,85247,78961,115149,57435,57714
5572,C4114,29,577,District - Mysore (23),20-24,305388,154096,151292,173079,89297,83782,132309,64799,67510
5573,C4114,29,577,District - Mysore (23),25-29,286498,141127,145371,165052,83048,82004,121446,58079,63367
5574,C4114,29,577,District - Mysore (23),30-34,233328,116329,116999,130967,65505,65462,102361,50824,51537
5575,C4114,29,577,District - Mysore (23),35-39,246616,119977,126639,142250,68709,73541,104366,51268,53098
5576,C4114,29,577,District - Mysore (23),40-44,199049,102690,96359,114128,59290,54838,84921,43400,41521
5577,C4114,29,577,District - Mysore (23),45-49,186227,96837,89390,106190,55635,50555,80037,41202,38835
5578,C4114,29,577,District - Mysore (23),50-54,142853,74175,68678,81630,41858,39772,61223,32317,28906
5579,C4114,29,577,District - Mysore (23),55-59,108484,55415,53069,60187,29921,30266,48297,25494,22803
5580,C4114,29,577,District - Mysore (23),60-64,105384,51874,53510,65087,31537,33550,40297,20337,19960
5581,C4114,29,577,District - Mysore (23),65-69,75931,36998,38933,48150,23625,24525,27781,13373,14408
5582,C4114,29,577,District - Mysore (23),70-74,58062,28377,29685,38355,18680,19675,19707,9697,10010
5583,C4114,29,577,District - Mysore (23),75-79,27810,13625,14185,16927,8253,8674,10883,5372,5511
5584,C4114,29,577,District - Mysore (23),80+,35181,15318,19863,22506,9614,12892,12675,5704,6971
5585,C4114,29,577,District - Mysore (23),Age not stated,2086,1087,999,1181,616,565,905,471,434
5586,C4114,29,578,District - Chamarajanagar (24),All ages,1020791,512231,508560,845817,424884,420933,174974,87347,87627
5587,C4114,29,578,District - Chamarajanagar (24),0-4,71282,36366,34916,58607,29909,28698,12675,6457,6218
5588,C4114,29,578,District - Chamarajanagar (24),5-9,74972,38521,36451,61418,31533,29885,13554,6988,6566
5589,C4114,29,578,District - Chamarajanagar (24),10-14,87397,44804,42593,71498,36670,34828,15899,8134,7765
5590,C4114,29,578,District - Chamarajanagar (24),15-19,93805,48634,45171,76524,39948,36576,17281,8686,8595
5591,C4114,29,578,District - Chamarajanagar (24),20-24,97330,49319,48011,80030,40967,39063,17300,8352,8948
5592,C4114,29,578,District - Chamarajanagar (24),25-29,94260,46029,48231,77370,37997,39373,16890,8032,8858
5593,C4114,29,578,District - Chamarajanagar (24),30-34,77475,37770,39705,63315,30845,32470,14160,6925,7235
5594,C4114,29,578,District - Chamarajanagar (24),35-39,84405,39854,44551,69724,32709,37015,14681,7145,7536
5595,C4114,29,578,District - Chamarajanagar (24),40-44,68268,34848,33420,56602,28804,27798,11666,6044,5622
5596,C4114,29,578,District - Chamarajanagar (24),45-49,64755,33771,30984,53953,28125,25828,10802,5646,5156
5597,C4114,29,578,District - Chamarajanagar (24),50-54,50465,25525,24940,42294,21320,20974,8171,4205,3966
5598,C4114,29,578,District - Chamarajanagar (24),55-59,37725,18949,18776,31638,15709,15929,6087,3240,2847
5599,C4114,29,578,District - Chamarajanagar (24),60-64,39613,19163,20450,34005,16451,17554,5608,2712,2896
5600,C4114,29,578,District - Chamarajanagar (24),65-69,30220,15168,15052,26248,13252,12996,3972,1916,2056
5601,C4114,29,578,District - Chamarajanagar (24),70-74,23553,11634,11919,20570,10239,10331,2983,1395,1588
5602,C4114,29,578,District - Chamarajanagar (24),75-79,10561,5258,5303,9248,4607,4641,1313,651,662
5603,C4114,29,578,District - Chamarajanagar (24),80+,13866,6167,7699,12025,5391,6634,1841,776,1065
5604,C4114,29,578,District - Chamarajanagar (24),Age not stated,839,451,388,748,408,340,91,43,48
5605,C4114,29,579,District - Gulbarga (25),All ages,2566326,1301755,1264571,1730775,877144,853631,835551,424611,410940
5606,C4114,29,579,District - Gulbarga (25),0-4,255431,130444,124987,178367,91009,87358,77064,39435,37629
5607,C4114,29,579,District - Gulbarga (25),5-9,272281,141898,130383,188185,97888,90297,84096,44010,40086
5608,C4114,29,579,District - Gulbarga (25),10-14,292225,150737,141488,201664,103747,97917,90561,46990,43571
5609,C4114,29,579,District - Gulbarga (25),15-19,285139,149634,135505,192254,102475,89779,92885,47159,45726
5610,C4114,29,579,District - Gulbarga (25),20-24,249997,131067,118930,160712,86109,74603,89285,44958,44327
5611,C4114,29,579,District - Gulbarga (25),25-29,215646,107665,107981,138255,70116,68139,77391,37549,39842
5612,C4114,29,579,District - Gulbarga (25),30-34,168494,84540,83954,108272,54048,54224,60222,30492,29730
5613,C4114,29,579,District - Gulbarga (25),35-39,169407,82292,87115,110332,53006,57326,59075,29286,29789
5614,C4114,29,579,District - Gulbarga (25),40-44,141785,73014,68771,93453,47760,45693,48332,25254,23078
5615,C4114,29,579,District - Gulbarga (25),45-49,124979,63624,61355,82763,41777,40986,42216,21847,20369
5616,C4114,29,579,District - Gulbarga (25),50-54,97177,49592,47585,65356,32625,32731,31821,16967,14854
5617,C4114,29,579,District - Gulbarga (25),55-59,76982,35947,41035,53141,23976,29165,23841,11971,11870
5618,C4114,29,579,District - Gulbarga (25),60-64,80893,37947,42946,58144,26788,31356,22749,11159,11590
5619,C4114,29,579,District - Gulbarga (25),65-69,54442,25789,28653,40304,18734,21570,14138,7055,7083
5620,C4114,29,579,District - Gulbarga (25),70-74,39115,18579,20536,29188,13643,15545,9927,4936,4991
5621,C4114,29,579,District - Gulbarga (25),75-79,17285,7908,9377,12661,5708,6953,4624,2200,2424
5622,C4114,29,579,District - Gulbarga (25),80+,23041,9986,13055,16653,7163,9490,6388,2823,3565
5623,C4114,29,579,District - Gulbarga (25),Age not stated,2007,1092,915,1071,572,499,936,520,416
5624,C4114,29,580,District - Yadgir (26),All ages,1174271,590329,583942,953594,479078,474516,220677,111251,109426
5625,C4114,29,580,District - Yadgir (26),0-4,129573,66318,63255,107587,55036,52551,21986,11282,10704
5626,C4114,29,580,District - Yadgir (26),5-9,142627,73205,69422,117950,60389,57561,24677,12816,11861
5627,C4114,29,580,District - Yadgir (26),10-14,140904,72745,68159,115373,59548,55825,25531,13197,12334
5628,C4114,29,580,District - Yadgir (26),15-19,125868,67723,58145,101572,55203,46369,24296,12520,11776
5629,C4114,29,580,District - Yadgir (26),20-24,104956,54143,50813,83429,43218,40211,21527,10925,10602
5630,C4114,29,580,District - Yadgir (26),25-29,94523,46570,47953,75214,37153,38061,19309,9417,9892
5631,C4114,29,580,District - Yadgir (26),30-34,76028,37641,38387,60198,29722,30476,15830,7919,7911
5632,C4114,29,580,District - Yadgir (26),35-39,75560,36642,38918,60266,29016,31250,15294,7626,7668
5633,C4114,29,580,District - Yadgir (26),40-44,61431,31859,29572,49258,25355,23903,12173,6504,5669
5634,C4114,29,580,District - Yadgir (26),45-49,54203,26930,27273,43569,21463,22106,10634,5467,5167
5635,C4114,29,580,District - Yadgir (26),50-54,42771,21352,21419,34726,17289,17437,8045,4063,3982
5636,C4114,29,580,District - Yadgir (26),55-59,33066,14717,18349,27133,11945,15188,5933,2772,3161
5637,C4114,29,580,District - Yadgir (26),60-64,35798,16121,19677,29870,13466,16404,5928,2655,3273
5638,C4114,29,580,District - Yadgir (26),65-69,24263,10664,13599,20254,8905,11349,4009,1759,2250
5639,C4114,29,580,District - Yadgir (26),70-74,17295,7625,9670,14450,6369,8081,2845,1256,1589
5640,C4114,29,580,District - Yadgir (26),75-79,6870,2803,4067,5632,2253,3379,1238,550,688
5641,C4114,29,580,District - Yadgir (26),80+,8123,3043,5080,6732,2538,4194,1391,505,886
5642,C4114,29,580,District - Yadgir (26),Age not stated,412,228,184,381,210,171,31,18,13
5643,C4114,29,581,District - Kolar (27),All ages,1536401,776396,760005,1056328,535431,520897,480073,240965,239108
5644,C4114,29,581,District - Kolar (27),0-4,119634,60732,58902,81417,41554,39863,38217,19178,19039
5645,C4114,29,581,District - Kolar (27),5-9,128682,65868,62814,87578,44875,42703,41104,20993,20111
5646,C4114,29,581,District - Kolar (27),10-14,150701,76973,73728,103293,52714,50579,47408,24259,23149
5647,C4114,29,581,District - Kolar (27),15-19,155377,80260,75117,106166,55271,50895,49211,24989,24222
5648,C4114,29,581,District - Kolar (27),20-24,147972,75342,72630,98333,51360,46973,49639,23982,25657
5649,C4114,29,581,District - Kolar (27),25-29,139133,68857,70276,93470,46871,46599,45663,21986,23677
5650,C4114,29,581,District - Kolar (27),30-34,112478,56603,55875,74874,37488,37386,37604,19115,18489
5651,C4114,29,581,District - Kolar (27),35-39,120269,58550,61719,82054,39650,42404,38215,18900,19315
5652,C4114,29,581,District - Kolar (27),40-44,96249,49606,46643,66008,33968,32040,30241,15638,14603
5653,C4114,29,581,District - Kolar (27),45-49,90384,46808,43576,62105,32170,29935,28279,14638,13641
5654,C4114,29,581,District - Kolar (27),50-54,66910,34906,32004,45739,23707,22032,21171,11199,9972
5655,C4114,29,581,District - Kolar (27),55-59,52473,26302,26171,36015,17711,18304,16458,8591,7867
5656,C4114,29,581,District - Kolar (27),60-64,51846,25191,26655,37939,18110,19829,13907,7081,6826
5657,C4114,29,581,District - Kolar (27),65-69,39441,18717,20724,30494,14558,15936,8947,4159,4788
5658,C4114,29,581,District - Kolar (27),70-74,29711,14811,14900,23353,11945,11408,6358,2866,3492
5659,C4114,29,581,District - Kolar (27),75-79,14856,7558,7298,11466,5970,5496,3390,1588,1802
5660,C4114,29,581,District - Kolar (27),80+,19003,8631,10372,15008,6968,8040,3995,1663,2332
5661,C4114,29,581,District - Kolar (27),Age not stated,1282,681,601,1016,541,475,266,140,126
5662,C4114,29,582,District - Chikkaballapura (28),All ages,1255104,636437,618667,973985,494463,479522,281119,141974,139145
5663,C4114,29,582,District - Chikkaballapura (28),0-4,92014,46880,45134,69686,35490,34196,22328,11390,10938
5664,C4114,29,582,District - Chikkaballapura (28),5-9,101205,51804,49401,76423,39017,37406,24782,12787,11995
5665,C4114,29,582,District - Chikkaballapura (28),10-14,122425,63523,58902,93728,48899,44829,28697,14624,14073
5666,C4114,29,582,District - Chikkaballapura (28),15-19,125465,66335,59130,95631,51312,44319,29834,15023,14811
5667,C4114,29,582,District - Chikkaballapura (28),20-24,115758,59599,56159,87541,46012,41529,28217,13587,14630
5668,C4114,29,582,District - Chikkaballapura (28),25-29,109584,53868,55716,83346,41273,42073,26238,12595,13643
5669,C4114,29,582,District - Chikkaballapura (28),30-34,91348,45166,46182,69311,34136,35175,22037,11030,11007
5670,C4114,29,582,District - Chikkaballapura (28),35-39,99508,47771,51737,76505,36342,40163,23003,11429,11574
5671,C4114,29,582,District - Chikkaballapura (28),40-44,81919,42185,39734,64146,32633,31513,17773,9552,8221
5672,C4114,29,582,District - Chikkaballapura (28),45-49,77524,40281,37243,61622,31729,29893,15902,8552,7350
5673,C4114,29,582,District - Chikkaballapura (28),50-54,58068,29873,28195,46639,23801,22838,11429,6072,5357
5674,C4114,29,582,District - Chikkaballapura (28),55-59,46215,22993,23222,37130,18292,18838,9085,4701,4384
5675,C4114,29,582,District - Chikkaballapura (28),60-64,45863,22628,23235,38002,18780,19222,7861,3848,4013
5676,C4114,29,582,District - Chikkaballapura (28),65-69,34962,17079,17883,29433,14450,14983,5529,2629,2900
5677,C4114,29,582,District - Chikkaballapura (28),70-74,25269,12874,12395,21453,11007,10446,3816,1867,1949
5678,C4114,29,582,District - Chikkaballapura (28),75-79,11648,5867,5781,9738,4925,4813,1910,942,968
5679,C4114,29,582,District - Chikkaballapura (28),80+,14839,6801,8038,12552,5776,6776,2287,1025,1262
5680,C4114,29,582,District - Chikkaballapura (28),Age not stated,1490,910,580,1099,589,510,391,321,70
5681,C4114,29,583,District - Bangalore Rural (29),All ages,990923,509172,481751,722179,371369,350810,268744,137803,130941
5682,C4114,29,583,District - Bangalore Rural (29),0-4,76656,39210,37446,55471,28374,27097,21185,10836,10349
5683,C4114,29,583,District - Bangalore Rural (29),5-9,75902,38855,37047,54325,27850,26475,21577,11005,10572
5684,C4114,29,583,District - Bangalore Rural (29),10-14,87247,45316,41931,63081,32735,30346,24166,12581,11585
5685,C4114,29,583,District - Bangalore Rural (29),15-19,92094,47615,44479,66548,34767,31781,25546,12848,12698
5686,C4114,29,583,District - Bangalore Rural (29),20-24,104190,53706,50484,74879,39349,35530,29311,14357,14954
5687,C4114,29,583,District - Bangalore Rural (29),25-29,99676,51089,48587,70639,36738,33901,29037,14351,14686
5688,C4114,29,583,District - Bangalore Rural (29),30-34,78740,41352,37388,55152,28893,26259,23588,12459,11129
5689,C4114,29,583,District - Bangalore Rural (29),35-39,80076,40247,39829,56677,28203,28474,23399,12044,11355
5690,C4114,29,583,District - Bangalore Rural (29),40-44,62550,33568,28982,45312,24016,21296,17238,9552,7686
5691,C4114,29,583,District - Bangalore Rural (29),45-49,56787,29686,27101,41734,21603,20131,15053,8083,6970
5692,C4114,29,583,District - Bangalore Rural (29),50-54,42099,21565,20534,31406,15855,15551,10693,5710,4983
5693,C4114,29,583,District - Bangalore Rural (29),55-59,32816,16518,16298,24560,12152,12408,8256,4366,3890
5694,C4114,29,583,District - Bangalore Rural (29),60-64,33166,16100,17066,26063,12559,13504,7103,3541,3562
5695,C4114,29,583,District - Bangalore Rural (29),65-69,25782,12687,13095,20807,10249,10558,4975,2438,2537
5696,C4114,29,583,District - Bangalore Rural (29),70-74,19367,9890,9477,15910,8204,7706,3457,1686,1771
5697,C4114,29,583,District - Bangalore Rural (29),75-79,9859,5129,4730,8085,4251,3834,1774,878,896
5698,C4114,29,583,District - Bangalore Rural (29),80+,12994,6143,6851,10716,5132,5584,2278,1011,1267
5699,C4114,29,583,District - Bangalore Rural (29),Age not stated,922,496,426,814,439,375,108,57,51
5700,C4114,29,584,District - Ramanagara (30),All ages,1082636,548008,534628,814877,412438,402439,267759,135570,132189
5701,C4114,29,584,District - Ramanagara (30),0-4,77067,39034,38033,55309,27964,27345,21758,11070,10688
5702,C4114,29,584,District - Ramanagara (30),5-9,79268,40990,38278,56724,29362,27362,22544,11628,10916
5703,C4114,29,584,District - Ramanagara (30),10-14,93711,48629,45082,67221,34895,32326,26490,13734,12756
5704,C4114,29,584,District - Ramanagara (30),15-19,100539,52347,48192,73180,38478,34702,27359,13869,13490
5705,C4114,29,584,District - Ramanagara (30),20-24,107167,56028,51139,78554,42112,36442,28613,13916,14697
5706,C4114,29,584,District - Ramanagara (30),25-29,101330,52186,49144,74606,39230,35376,26724,12956,13768
5707,C4114,29,584,District - Ramanagara (30),30-34,79583,40827,38756,57755,29600,28155,21828,11227,10601
5708,C4114,29,584,District - Ramanagara (30),35-39,83276,39929,43347,61548,29068,32480,21728,10861,10867
5709,C4114,29,584,District - Ramanagara (30),40-44,68764,35054,33710,51977,26060,25917,16787,8994,7793
5710,C4114,29,584,District - Ramanagara (30),45-49,65707,33452,32255,50694,25574,25120,15013,7878,7135
5711,C4114,29,584,District - Ramanagara (30),50-54,51961,25773,26188,41016,20080,20936,10945,5693,5252
5712,C4114,29,584,District - Ramanagara (30),55-59,40132,19115,21017,31826,14849,16977,8306,4266,4040
5713,C4114,29,584,District - Ramanagara (30),60-64,43781,20781,23000,36266,17077,19189,7515,3704,3811
5714,C4114,29,584,District - Ramanagara (30),65-69,34412,16892,17520,29480,14502,14978,4932,2390,2542
5715,C4114,29,584,District - Ramanagara (30),70-74,26263,13148,13115,22843,11499,11344,3420,1649,1771
5716,C4114,29,584,District - Ramanagara (30),75-79,12358,6167,6191,10791,5387,5404,1567,780,787
5717,C4114,29,584,District - Ramanagara (30),80+,15878,6851,9027,13820,6004,7816,2058,847,1211
5718,C4114,29,584,District - Ramanagara (30),Age not stated,1439,805,634,1267,697,570,172,108,64
5719,C4114,20,0,State - JHARKHAND (20),All ages,32988134,16930315,16057819,25055073,12776486,12278587,7933061,4153829,3779232
5720,C4114,20,0,State - JHARKHAND (20),0-4,3648297,1871134,1777163,2956705,1509453,1447252,691592,361681,329911
5721,C4114,20,0,State - JHARKHAND (20),5-9,4138425,2117879,2020546,3332668,1695581,1637087,805757,422298,383459
5722,C4114,20,0,State - JHARKHAND (20),10-14,4104396,2112627,1991769,3237192,1662046,1575146,867204,450581,416623
5723,C4114,20,0,State - JHARKHAND (20),15-19,3205268,1714887,1490381,2359367,1268321,1091046,845901,446566,399335
5724,C4114,20,0,State - JHARKHAND (20),20-24,2827622,1431263,1396359,2052259,1031084,1021175,775363,400179,375184
5725,C4114,20,0,State - JHARKHAND (20),25-29,2652639,1342314,1310325,1942429,976894,965535,710210,365420,344790
5726,C4114,20,0,State - JHARKHAND (20),30-34,2307296,1165866,1141430,1697271,849293,847978,610025,316573,293452
5727,C4114,20,0,State - JHARKHAND (20),35-39,2136764,1092675,1044089,1570756,799950,770806,566008,292725,273283
5728,C4114,20,0,State - JHARKHAND (20),40-44,1788506,930421,858085,1312316,676548,635768,476190,253873,222317
5729,C4114,20,0,State - JHARKHAND (20),45-49,1534094,798966,735128,1122090,580579,541511,412004,218387,193617
5730,C4114,20,0,State - JHARKHAND (20),50-54,1186181,620682,565499,861644,447952,413692,324537,172730,151807
5731,C4114,20,0,State - JHARKHAND (20),55-59,985234,487604,497630,720551,343784,376767,264683,143820,120863
5732,C4114,20,0,State - JHARKHAND (20),60-64,957482,474565,482917,739909,359498,380411,217573,115067,102506
5733,C4114,20,0,State - JHARKHAND (20),65-69,635397,317852,317545,502092,246596,255496,133305,71256,62049
5734,C4114,20,0,State - JHARKHAND (20),70-74,407108,210878,196230,319521,163601,155920,87587,47277,40310
5735,C4114,20,0,State - JHARKHAND (20),75-79,167954,83542,84412,128086,62658,65428,39868,20884,18984
5736,C4114,20,0,State - JHARKHAND (20),80+,188737,94908,93829,143253,72523,70730,45484,22385,23099
5737,C4114,20,0,State - JHARKHAND (20),Age not stated,116734,62252,54482,56964,30125,26839,59770,32127,27643
5738,C4114,20,346,District - Garhwa  (01),All ages,1322784,683575,639209,1253114,646947,606167,69670,36628,33042
5739,C4114,20,346,District - Garhwa  (01),0-4,159409,81147,78262,152243,77542,74701,7166,3605,3561
5740,C4114,20,346,District - Garhwa  (01),5-9,188531,96080,92451,180502,91916,88586,8029,4164,3865
5741,C4114,20,346,District - Garhwa  (01),10-14,191645,98470,93175,182844,93893,88951,8801,4577,4224
5742,C4114,20,346,District - Garhwa  (01),15-19,121854,67480,54374,114569,63537,51032,7285,3943,3342
5743,C4114,20,346,District - Garhwa  (01),20-24,101489,53035,48454,95228,49688,45540,6261,3347,2914
5744,C4114,20,346,District - Garhwa  (01),25-29,97941,49152,48789,92211,46162,46049,5730,2990,2740
5745,C4114,20,346,District - Garhwa  (01),30-34,90036,45202,44834,84865,42540,42325,5171,2662,2509
5746,C4114,20,346,District - Garhwa  (01),35-39,78920,40998,37922,74170,38505,35665,4750,2493,2257
5747,C4114,20,346,District - Garhwa  (01),40-44,63932,33537,30395,60186,31462,28724,3746,2075,1671
5748,C4114,20,346,District - Garhwa  (01),45-49,51148,26539,24609,48076,24898,23178,3072,1641,1431
5749,C4114,20,346,District - Garhwa  (01),50-54,39226,21041,18185,36706,19675,17031,2520,1366,1154
5750,C4114,20,346,District - Garhwa  (01),55-59,33233,16274,16959,31199,15202,15997,2034,1072,962
5751,C4114,20,346,District - Garhwa  (01),60-64,35840,17350,18490,33883,16342,17541,1957,1008,949
5752,C4114,20,346,District - Garhwa  (01),65-69,31577,16364,15213,30214,15637,14577,1363,727,636
5753,C4114,20,346,District - Garhwa  (01),70-74,19202,10887,8315,18272,10381,7891,930,506,424
5754,C4114,20,346,District - Garhwa  (01),75-79,8566,4389,4177,8173,4177,3996,393,212,181
5755,C4114,20,346,District - Garhwa  (01),80+,9955,5471,4484,9503,5237,4266,452,234,218
5756,C4114,20,346,District - Garhwa  (01),Age not stated,280,159,121,270,153,117,10,6,4
5757,C4114,20,347,District - Chatra (02),All ages,1042886,533935,508951,979932,500211,479721,62954,33724,29230
5758,C4114,20,347,District - Chatra (02),0-4,130854,66425,64429,124664,63267,61397,6190,3158,3032
5759,C4114,20,347,District - Chatra (02),5-9,152821,77580,75241,145237,73631,71606,7584,3949,3635
5760,C4114,20,347,District - Chatra (02),10-14,145520,75023,70497,137278,70773,66505,8242,4250,3992
5761,C4114,20,347,District - Chatra (02),15-19,99010,52981,46029,91593,48925,42668,7417,4056,3361
5762,C4114,20,347,District - Chatra (02),20-24,84903,42912,41991,78790,39485,39305,6113,3427,2686
5763,C4114,20,347,District - Chatra (02),25-29,79542,39533,40009,74279,36603,37676,5263,2930,2333
5764,C4114,20,347,District - Chatra (02),30-34,70015,35159,34856,65488,32840,32648,4527,2319,2208
5765,C4114,20,347,District - Chatra (02),35-39,61578,31371,30207,57382,29044,28338,4196,2327,1869
5766,C4114,20,347,District - Chatra (02),40-44,49880,26347,23533,46392,24363,22029,3488,1984,1504
5767,C4114,20,347,District - Chatra (02),45-49,41419,21242,20177,38680,19740,18940,2739,1502,1237
5768,C4114,20,347,District - Chatra (02),50-54,32168,17223,14945,29983,16009,13974,2185,1214,971
5769,C4114,20,347,District - Chatra (02),55-59,26682,12610,14072,25095,11726,13369,1587,884,703
5770,C4114,20,347,District - Chatra (02),60-64,26991,13937,13054,25676,13268,12408,1315,669,646
5771,C4114,20,347,District - Chatra (02),65-69,17598,8834,8764,16760,8411,8349,838,423,415
5772,C4114,20,347,District - Chatra (02),70-74,12403,6701,5702,11767,6387,5380,636,314,322
5773,C4114,20,347,District - Chatra (02),75-79,4850,2445,2405,4587,2307,2280,263,138,125
5774,C4114,20,347,District - Chatra (02),80+,5990,3135,2855,5637,2970,2667,353,165,188
5775,C4114,20,347,District - Chatra (02),Age not stated,662,477,185,644,462,182,18,15,3
5776,C4114,20,348,District - Kodarma (03),All ages,716259,367222,349037,575013,293595,281418,141246,73627,67619
5777,C4114,20,348,District - Kodarma (03),0-4,90131,46146,43985,74893,38227,36666,15238,7919,7319
5778,C4114,20,348,District - Kodarma (03),5-9,98445,50425,48020,81446,41594,39852,16999,8831,8168
5779,C4114,20,348,District - Kodarma (03),10-14,91525,47540,43985,74485,38706,35779,17040,8834,8206
5780,C4114,20,348,District - Kodarma (03),15-19,67781,37668,30113,53488,29960,23528,14293,7708,6585
5781,C4114,20,348,District - Kodarma (03),20-24,59560,30338,29222,46832,23757,23075,12728,6581,6147
5782,C4114,20,348,District - Kodarma (03),25-29,54656,27005,27651,43177,21117,22060,11479,5888,5591
5783,C4114,20,348,District - Kodarma (03),30-34,48333,24157,24176,38138,18896,19242,10195,5261,4934
5784,C4114,20,348,District - Kodarma (03),35-39,43167,21807,21360,33924,17019,16905,9243,4788,4455
5785,C4114,20,348,District - Kodarma (03),40-44,36217,18735,17482,28489,14660,13829,7728,4075,3653
5786,C4114,20,348,District - Kodarma (03),45-49,30886,15863,15023,24186,12341,11845,6700,3522,3178
5787,C4114,20,348,District - Kodarma (03),50-54,23991,12741,11250,18667,9862,8805,5324,2879,2445
5788,C4114,20,348,District - Kodarma (03),55-59,19667,9360,10307,15397,7135,8262,4270,2225,2045
5789,C4114,20,348,District - Kodarma (03),60-64,19538,9721,9817,15782,7752,8030,3756,1969,1787
5790,C4114,20,348,District - Kodarma (03),65-69,13385,6511,6874,10866,5198,5668,2519,1313,1206
5791,C4114,20,348,District - Kodarma (03),70-74,9914,4933,4981,8080,3998,4082,1834,935,899
5792,C4114,20,348,District - Kodarma (03),75-79,4020,1883,2137,3181,1479,1702,839,404,435
5793,C4114,20,348,District - Kodarma (03),80+,4794,2260,2534,3840,1824,2016,954,436,518
5794,C4114,20,348,District - Kodarma (03),Age not stated,249,129,120,142,70,72,107,59,48
5795,C4114,20,349,District - Giridih (04),All ages,2445474,1258098,1187376,2237450,1149608,1087842,208024,108490,99534
5796,C4114,20,349,District - Giridih (04),0-4,310302,159840,150462,288688,148597,140091,21614,11243,10371
5797,C4114,20,349,District - Giridih (04),5-9,347056,176794,170262,322940,164176,158764,24116,12618,11498
5798,C4114,20,349,District - Giridih (04),10-14,317220,164375,152845,292830,151810,141020,24390,12565,11825
5799,C4114,20,349,District - Giridih (04),15-19,224476,124952,99524,202570,113285,89285,21906,11667,10239
5800,C4114,20,349,District - Giridih (04),20-24,206884,104095,102789,186691,93668,93023,20193,10427,9766
5801,C4114,20,349,District - Giridih (04),25-29,191331,96255,95076,174025,87249,86776,17306,9006,8300
5802,C4114,20,349,District - Giridih (04),30-34,164333,83093,81240,149503,75458,74045,14830,7635,7195
5803,C4114,20,349,District - Giridih (04),35-39,145511,73947,71564,132048,67031,65017,13463,6916,6547
5804,C4114,20,349,District - Giridih (04),40-44,121491,62938,58553,109720,56775,52945,11771,6163,5608
5805,C4114,20,349,District - Giridih (04),45-49,102453,52387,50066,92144,47063,45081,10309,5324,4985
5806,C4114,20,349,District - Giridih (04),50-54,79822,42177,37645,71728,37724,34004,8094,4453,3641
5807,C4114,20,349,District - Giridih (04),55-59,66115,31399,34716,59922,28152,31770,6193,3247,2946
5808,C4114,20,349,District - Giridih (04),60-64,66061,33695,32366,60468,30758,29710,5593,2937,2656
5809,C4114,20,349,District - Giridih (04),65-69,43684,21665,22019,40256,19898,20358,3428,1767,1661
5810,C4114,20,349,District - Giridih (04),70-74,30770,16183,14587,28353,14900,13453,2417,1283,1134
5811,C4114,20,349,District - Giridih (04),75-79,12202,6117,6085,11125,5533,5592,1077,584,493
5812,C4114,20,349,District - Giridih (04),80+,14313,7349,6964,13074,6745,6329,1239,604,635
5813,C4114,20,349,District - Giridih (04),Age not stated,1450,837,613,1365,786,579,85,51,34
5814,C4114,20,350,District - Deoghar (05),All ages,1492073,775022,717051,1233712,638136,595576,258361,136886,121475
5815,C4114,20,350,District - Deoghar (05),0-4,184888,94983,89905,161186,82533,78653,23702,12450,11252
5816,C4114,20,350,District - Deoghar (05),5-9,195486,99210,96276,168256,84883,83373,27230,14327,12903
5817,C4114,20,350,District - Deoghar (05),10-14,183760,96572,87188,154387,80882,73505,29373,15690,13683
5818,C4114,20,350,District - Deoghar (05),15-19,132938,75006,57932,106766,60504,46262,26172,14502,11670
5819,C4114,20,350,District - Deoghar (05),20-24,126952,64111,62841,102861,51506,51355,24091,12605,11486
5820,C4114,20,350,District - Deoghar (05),25-29,120937,61363,59574,98650,49976,48674,22287,11387,10900
5821,C4114,20,350,District - Deoghar (05),30-34,105761,54158,51603,86046,43961,42085,19715,10197,9518
5822,C4114,20,350,District - Deoghar (05),35-39,92929,48779,44150,74648,39334,35314,18281,9445,8836
5823,C4114,20,350,District - Deoghar (05),40-44,75645,39779,35866,60197,31500,28697,15448,8279,7169
5824,C4114,20,350,District - Deoghar (05),45-49,64078,33438,30640,50957,26443,24514,13121,6995,6126
5825,C4114,20,350,District - Deoghar (05),50-54,50425,26651,23774,40108,21012,19096,10317,5639,4678
5826,C4114,20,350,District - Deoghar (05),55-59,43532,20996,22536,35105,16559,18546,8427,4437,3990
5827,C4114,20,350,District - Deoghar (05),60-64,44429,22818,21611,36660,18657,18003,7769,4161,3608
5828,C4114,20,350,District - Deoghar (05),65-69,29609,15226,14383,24494,12490,12004,5115,2736,2379
5829,C4114,20,350,District - Deoghar (05),70-74,19952,10908,9044,16334,8873,7461,3618,2035,1583
5830,C4114,20,350,District - Deoghar (05),75-79,8161,4331,3830,6509,3422,3087,1652,909,743
5831,C4114,20,350,District - Deoghar (05),80+,9406,4981,4425,7495,3965,3530,1911,1016,895
5832,C4114,20,350,District - Deoghar (05),Age not stated,3185,1712,1473,3053,1636,1417,132,76,56
5833,C4114,20,351,District - Godda (06),All ages,1313551,677927,635624,1249132,643907,605225,64419,34020,30399
5834,C4114,20,351,District - Godda (06),0-4,164446,83853,80593,158145,80538,77607,6301,3315,2986
5835,C4114,20,351,District - Godda (06),5-9,179701,91497,88204,172258,87625,84633,7443,3872,3571
5836,C4114,20,351,District - Godda (06),10-14,163166,85944,77222,155667,82027,73640,7499,3917,3582
5837,C4114,20,351,District - Godda (06),15-19,112610,63410,49200,106239,60028,46211,6371,3382,2989
5838,C4114,20,351,District - Godda (06),20-24,100556,50738,49818,94843,47803,47040,5713,2935,2778
5839,C4114,20,351,District - Godda (06),25-29,99888,49734,50154,94564,46976,47588,5324,2758,2566
5840,C4114,20,351,District - Godda (06),30-34,93299,46794,46505,88287,44190,44097,5012,2604,2408
5841,C4114,20,351,District - Godda (06),35-39,86695,44797,41898,82191,42415,39776,4504,2382,2122
5842,C4114,20,351,District - Godda (06),40-44,70485,37814,32671,66707,35730,30977,3778,2084,1694
5843,C4114,20,351,District - Godda (06),45-49,58160,30521,27639,54960,28791,26169,3200,1730,1470
5844,C4114,20,351,District - Godda (06),50-54,46168,24573,21595,43655,23234,20421,2513,1339,1174
5845,C4114,20,351,District - Godda (06),55-59,38074,18028,20046,36038,16899,19139,2036,1129,907
5846,C4114,20,351,District - Godda (06),60-64,39631,19363,20268,37810,18398,19412,1821,965,856
5847,C4114,20,351,District - Godda (06),65-69,26707,13231,13476,25457,12544,12913,1250,687,563
5848,C4114,20,351,District - Godda (06),70-74,17802,9387,8415,16989,8908,8081,813,479,334
5849,C4114,20,351,District - Godda (06),75-79,6773,3347,3426,6418,3151,3267,355,196,159
5850,C4114,20,351,District - Godda (06),80+,8364,4304,4060,7918,4085,3833,446,219,227
5851,C4114,20,351,District - Godda (06),Age not stated,1026,592,434,986,565,421,40,27,13
5852,C4114,20,352,District - Sahibganj (07),All ages,1150567,589391,561176,990901,505892,485009,159666,83499,76167
5853,C4114,20,352,District - Sahibganj (07),0-4,153412,78114,75298,136169,69255,66914,17243,8859,8384
5854,C4114,20,352,District - Sahibganj (07),5-9,163264,83304,79960,144476,73646,70830,18788,9658,9130
5855,C4114,20,352,District - Sahibganj (07),10-14,146536,76351,70185,127554,66531,61023,18982,9820,9162
5856,C4114,20,352,District - Sahibganj (07),15-19,101638,55253,46385,85279,46455,38824,16359,8798,7561
5857,C4114,20,352,District - Sahibganj (07),20-24,91835,45506,46329,77431,37932,39499,14404,7574,6830
5858,C4114,20,352,District - Sahibganj (07),25-29,88342,43913,44429,75387,37213,38174,12955,6700,6255
5859,C4114,20,352,District - Sahibganj (07),30-34,77761,39102,38659,66880,33495,33385,10881,5607,5274
5860,C4114,20,352,District - Sahibganj (07),35-39,73425,37479,35946,63192,32195,30997,10233,5284,4949
5861,C4114,20,352,District - Sahibganj (07),40-44,60231,31936,28295,51563,27305,24258,8668,4631,4037
5862,C4114,20,352,District - Sahibganj (07),45-49,50432,26168,24264,42875,22142,20733,7557,4026,3531
5863,C4114,20,352,District - Sahibganj (07),50-54,38766,20451,18315,32851,17281,15570,5915,3170,2745
5864,C4114,20,352,District - Sahibganj (07),55-59,30576,14888,15688,25927,12400,13527,4649,2488,2161
5865,C4114,20,352,District - Sahibganj (07),60-64,30453,15209,15244,26314,13074,13240,4139,2135,2004
5866,C4114,20,352,District - Sahibganj (07),65-69,17785,8674,9111,15094,7248,7846,2691,1426,1265
5867,C4114,20,352,District - Sahibganj (07),70-74,11171,5554,5617,9301,4562,4739,1870,992,878
5868,C4114,20,352,District - Sahibganj (07),75-79,4244,2027,2217,3422,1585,1837,822,442,380
5869,C4114,20,352,District - Sahibganj (07),80+,4732,2301,2431,3838,1869,1969,894,432,462
5870,C4114,20,352,District - Sahibganj (07),Age not stated,5964,3161,2803,3348,1704,1644,2616,1457,1159
5871,C4114,20,353,District - Pakur (08),All ages,900422,452661,447761,832910,418251,414659,67512,34410,33102
5872,C4114,20,353,District - Pakur (08),0-4,123065,62121,60944,115120,58123,56997,7945,3998,3947
5873,C4114,20,353,District - Pakur (08),5-9,127860,64993,62867,119601,60812,58789,8259,4181,4078
5874,C4114,20,353,District - Pakur (08),10-14,113985,58896,55089,105525,54611,50914,8460,4285,4175
5875,C4114,20,353,District - Pakur (08),15-19,76857,39970,36887,69875,36422,33453,6982,3548,3434
5876,C4114,20,353,District - Pakur (08),20-24,74920,35173,39747,68683,32039,36644,6237,3134,3103
5877,C4114,20,353,District - Pakur (08),25-29,71289,35191,36098,66007,32503,33504,5282,2688,2594
5878,C4114,20,353,District - Pakur (08),30-34,62359,31429,30930,57670,29080,28590,4689,2349,2340
5879,C4114,20,353,District - Pakur (08),35-39,55862,28380,27482,51532,26166,25366,4330,2214,2116
5880,C4114,20,353,District - Pakur (08),40-44,47627,24442,23185,43871,22438,21433,3756,2004,1752
5881,C4114,20,353,District - Pakur (08),45-49,40978,20761,20217,37925,19137,18788,3053,1624,1429
5882,C4114,20,353,District - Pakur (08),50-54,32236,16879,15357,29726,15554,14172,2510,1325,1185
5883,C4114,20,353,District - Pakur (08),55-59,23456,11184,12272,21595,10181,11414,1861,1003,858
5884,C4114,20,353,District - Pakur (08),60-64,22535,10674,11861,20796,9788,11008,1739,886,853
5885,C4114,20,353,District - Pakur (08),65-69,12474,5709,6765,11481,5225,6256,993,484,509
5886,C4114,20,353,District - Pakur (08),70-74,7926,3582,4344,7185,3229,3956,741,353,388
5887,C4114,20,353,District - Pakur (08),75-79,2700,1185,1515,2420,1059,1361,280,126,154
5888,C4114,20,353,District - Pakur (08),80+,3091,1459,1632,2757,1288,1469,334,171,163
5889,C4114,20,353,District - Pakur (08),Age not stated,1202,633,569,1141,596,545,61,37,24
5890,C4114,20,354,District - Dhanbad (09),All ages,2684487,1405956,1278531,1124093,581956,542137,1560394,824000,736394
5891,C4114,20,354,District - Dhanbad (09),0-4,252500,131563,120937,117207,60550,56657,135293,71013,64280
5892,C4114,20,354,District - Dhanbad (09),5-9,295788,154029,141759,132979,68431,64548,162809,85598,77211
5893,C4114,20,354,District - Dhanbad (09),10-14,318597,164610,153987,140502,71579,68923,178095,93031,85064
5894,C4114,20,354,District - Dhanbad (09),15-19,290914,156464,134450,113103,61436,51667,177811,95028,82783
5895,C4114,20,354,District - Dhanbad (09),20-24,250370,132310,118060,99284,51750,47534,151086,80560,70526
5896,C4114,20,354,District - Dhanbad (09),25-29,226666,118625,108041,95022,49395,45627,131644,69230,62414
5897,C4114,20,354,District - Dhanbad (09),30-34,190301,99172,91129,80240,41512,38728,110061,57660,52401
5898,C4114,20,354,District - Dhanbad (09),35-39,177516,91400,86116,73257,38094,35163,104259,53306,50953
5899,C4114,20,354,District - Dhanbad (09),40-44,149580,78416,71164,59909,31286,28623,89671,47130,42541
5900,C4114,20,354,District - Dhanbad (09),45-49,131479,68818,62661,50854,26528,24326,80625,42290,38335
5901,C4114,20,354,District - Dhanbad (09),50-54,104814,55311,49503,39398,20226,19172,65416,35085,30331
5902,C4114,20,354,District - Dhanbad (09),55-59,87120,45964,41156,33716,16318,17398,53404,29646,23758
5903,C4114,20,354,District - Dhanbad (09),60-64,70850,37184,33666,31358,15639,15719,39492,21545,17947
5904,C4114,20,354,District - Dhanbad (09),65-69,42730,22164,20566,20516,10295,10221,22214,11869,10345
5905,C4114,20,354,District - Dhanbad (09),70-74,26185,13736,12449,11941,6174,5767,14244,7562,6682
5906,C4114,20,354,District - Dhanbad (09),75-79,11093,5655,5438,4656,2329,2327,6437,3326,3111
5907,C4114,20,354,District - Dhanbad (09),80+,13653,6786,6867,5200,2575,2625,8453,4211,4242
5908,C4114,20,354,District - Dhanbad (09),Age not stated,44331,23749,20582,14951,7839,7112,29380,15910,13470
5909,C4114,20,355,District - Bokaro (10),All ages,2062330,1072807,989523,1078686,554954,523732,983644,517853,465791
5910,C4114,20,355,District - Bokaro (10),0-4,197437,102562,94875,114526,58847,55679,82911,43715,39196
5911,C4114,20,355,District - Bokaro (10),5-9,232678,120278,112400,132600,67511,65089,100078,52767,47311
5912,C4114,20,355,District - Bokaro (10),10-14,250234,127703,122531,140200,70772,69428,110034,56931,53103
5913,C4114,20,355,District - Bokaro (10),15-19,214879,115306,99573,106999,58092,48907,107880,57214,50666
5914,C4114,20,355,District - Bokaro (10),20-24,188396,98069,90327,90537,47046,43491,97859,51023,46836
5915,C4114,20,355,District - Bokaro (10),25-29,177614,92413,85201,88050,45543,42507,89564,46870,42694
5916,C4114,20,355,District - Bokaro (10),30-34,154947,79646,75301,78230,39437,38793,76717,40209,36508
5917,C4114,20,355,District - Bokaro (10),35-39,142131,73872,68259,73001,37876,35125,69130,35996,33134
5918,C4114,20,355,District - Bokaro (10),40-44,115619,61298,54321,58153,30671,27482,57466,30627,26839
5919,C4114,20,355,District - Bokaro (10),45-49,97678,51200,46478,48298,25623,22675,49380,25577,23803
5920,C4114,20,355,District - Bokaro (10),50-54,76561,38836,37725,35847,18257,17590,40714,20579,20135
5921,C4114,20,355,District - Bokaro (10),55-59,69302,35144,34158,31679,14920,16759,37623,20224,17399
5922,C4114,20,355,District - Bokaro (10),60-64,61650,32908,28742,31727,15629,16098,29923,17279,12644
5923,C4114,20,355,District - Bokaro (10),65-69,36126,19417,16709,21350,10767,10583,14776,8650,6126
5924,C4114,20,355,District - Bokaro (10),70-74,20785,10876,9909,12894,6651,6243,7891,4225,3666
5925,C4114,20,355,District - Bokaro (10),75-79,8629,4267,4362,5227,2569,2658,3402,1698,1704
5926,C4114,20,355,District - Bokaro (10),80+,9062,4475,4587,5113,2534,2579,3949,1941,2008
5927,C4114,20,355,District - Bokaro (10),Age not stated,8602,4537,4065,4255,2209,2046,4347,2328,2019
5928,C4114,20,356,District - Lohardaga (11),All ages,461790,232629,229161,404379,203255,201124,57411,29374,28037
5929,C4114,20,356,District - Lohardaga (11),0-4,51013,25804,25209,45760,23095,22665,5253,2709,2544
5930,C4114,20,356,District - Lohardaga (11),5-9,63544,32519,31025,57230,29240,27990,6314,3279,3035
5931,C4114,20,356,District - Lohardaga (11),10-14,65562,33223,32339,58631,29670,28961,6931,3553,3378
5932,C4114,20,356,District - Lohardaga (11),15-19,49562,25585,23977,43017,22313,20704,6545,3272,3273
5933,C4114,20,356,District - Lohardaga (11),20-24,36799,18306,18493,31065,15466,15599,5734,2840,2894
5934,C4114,20,356,District - Lohardaga (11),25-29,32364,16113,16251,27434,13679,13755,4930,2434,2496
5935,C4114,20,356,District - Lohardaga (11),30-34,28495,13871,14624,24280,11749,12531,4215,2122,2093
5936,C4114,20,356,District - Lohardaga (11),35-39,27082,13382,13700,23151,11418,11733,3931,1964,1967
5937,C4114,20,356,District - Lohardaga (11),40-44,23723,11847,11876,20415,10069,10346,3308,1778,1530
5938,C4114,20,356,District - Lohardaga (11),45-49,21040,10861,10179,18192,9290,8902,2848,1571,1277
5939,C4114,20,356,District - Lohardaga (11),50-54,15806,8017,7789,13814,6959,6855,1992,1058,934
5940,C4114,20,356,District - Lohardaga (11),55-59,13501,6634,6867,11858,5772,6086,1643,862,781
5941,C4114,20,356,District - Lohardaga (11),60-64,13660,6567,7093,12189,5822,6367,1471,745,726
5942,C4114,20,356,District - Lohardaga (11),65-69,9167,4508,4659,8212,4020,4192,955,488,467
5943,C4114,20,356,District - Lohardaga (11),70-74,5569,2825,2744,4962,2512,2450,607,313,294
5944,C4114,20,356,District - Lohardaga (11),75-79,2234,1131,1103,1931,985,946,303,146,157
5945,C4114,20,356,District - Lohardaga (11),80+,2307,1239,1068,2000,1073,927,307,166,141
5946,C4114,20,356,District - Lohardaga (11),Age not stated,362,197,165,238,123,115,124,74,50
5947,C4114,20,357,District - Purbi Singhbhum (12),All ages,2293919,1176902,1117017,1019328,514498,504830,1274591,662404,612187
5948,C4114,20,357,District - Purbi Singhbhum (12),0-4,205333,106612,98721,102286,52431,49855,103047,54181,48866
5949,C4114,20,357,District - Purbi Singhbhum (12),5-9,222646,115575,107071,109106,55547,53559,113540,60028,53512
5950,C4114,20,357,District - Purbi Singhbhum (12),10-14,226440,117772,108668,107519,55474,52045,118921,62298,56623
5951,C4114,20,357,District - Purbi Singhbhum (12),15-19,213765,113552,100213,92021,49429,42592,121744,64123,57621
5952,C4114,20,357,District - Purbi Singhbhum (12),20-24,215693,107205,108488,89377,44147,45230,126316,63058,63258
5953,C4114,20,357,District - Purbi Singhbhum (12),25-29,208718,104263,104455,85788,42448,43340,122930,61815,61115
5954,C4114,20,357,District - Purbi Singhbhum (12),30-34,181709,92187,89522,73817,36704,37113,107892,55483,52409
5955,C4114,20,357,District - Purbi Singhbhum (12),35-39,173162,88307,84855,72485,36366,36119,100677,51941,48736
5956,C4114,20,357,District - Purbi Singhbhum (12),40-44,148502,77462,71040,63996,32662,31334,84506,44800,39706
5957,C4114,20,357,District - Purbi Singhbhum (12),45-49,128941,67712,61229,55664,29028,26636,73277,38684,34593
5958,C4114,20,357,District - Purbi Singhbhum (12),50-54,100372,52468,47904,43573,22191,21382,56799,30277,26522
5959,C4114,20,357,District - Purbi Singhbhum (12),55-59,79855,41310,38545,34855,17242,17613,45000,24068,20932
5960,C4114,20,357,District - Purbi Singhbhum (12),60-64,73924,35784,38140,34760,16191,18569,39164,19593,19571
5961,C4114,20,357,District - Purbi Singhbhum (12),65-69,50227,24940,25287,24207,11114,13093,26020,13826,12194
5962,C4114,20,357,District - Purbi Singhbhum (12),70-74,33534,16976,16558,15756,7204,8552,17778,9772,8006
5963,C4114,20,357,District - Purbi Singhbhum (12),75-79,15500,7621,7879,7209,3273,3936,8291,4348,3943
5964,C4114,20,357,District - Purbi Singhbhum (12),80+,14736,6681,8055,6529,2859,3670,8207,3822,4385
5965,C4114,20,357,District - Purbi Singhbhum (12),Age not stated,862,475,387,380,188,192,482,287,195
5966,C4114,20,358,District - Palamu (13),All ages,1939869,1006302,933567,1713866,887551,826315,226003,118751,107252
5967,C4114,20,358,District - Palamu (13),0-4,217299,111879,105420,196462,100979,95483,20837,10900,9937
5968,C4114,20,358,District - Palamu (13),5-9,266284,135857,130427,240843,122612,118231,25441,13245,12196
5969,C4114,20,358,District - Palamu (13),10-14,269126,138656,130470,241649,124442,117207,27477,14214,13263
5970,C4114,20,358,District - Palamu (13),15-19,188105,102422,85683,163670,89393,74277,24435,13029,11406
5971,C4114,20,358,District - Palamu (13),20-24,155614,81804,73810,134803,70634,64169,20811,11170,9641
5972,C4114,20,358,District - Palamu (13),25-29,148144,75125,73019,129322,65420,63902,18822,9705,9117
5973,C4114,20,358,District - Palamu (13),30-34,133054,67531,65523,116418,58940,57478,16636,8591,8045
5974,C4114,20,358,District - Palamu (13),35-39,118056,61006,57050,102906,53208,49698,15150,7798,7352
5975,C4114,20,358,District - Palamu (13),40-44,96738,51642,45096,83600,44473,39127,13138,7169,5969
5976,C4114,20,358,District - Palamu (13),45-49,77820,40500,37320,67138,34712,32426,10682,5788,4894
5977,C4114,20,358,District - Palamu (13),50-54,60918,32725,28193,52464,28233,24231,8454,4492,3962
5978,C4114,20,358,District - Palamu (13),55-59,53473,25119,28354,46689,21636,25053,6784,3483,3301
5979,C4114,20,358,District - Palamu (13),60-64,58406,30110,28296,51818,26688,25130,6588,3422,3166
5980,C4114,20,358,District - Palamu (13),65-69,40388,21187,19201,35933,18879,17054,4455,2308,2147
5981,C4114,20,358,District - Palamu (13),70-74,28335,15793,12542,25133,14020,11113,3202,1773,1429
5982,C4114,20,358,District - Palamu (13),75-79,12222,6312,5910,10826,5547,5279,1396,765,631
5983,C4114,20,358,District - Palamu (13),80+,14645,7866,6779,13084,7057,6027,1561,809,752
5984,C4114,20,358,District - Palamu (13),Age not stated,1242,768,474,1108,678,430,134,90,44
5985,C4114,20,359,District - Latehar (14),All ages,726978,369666,357312,675120,342566,332554,51858,27100,24758
5986,C4114,20,359,District - Latehar (14),0-4,91817,46557,45260,86607,43833,42774,5210,2724,2486
5987,C4114,20,359,District - Latehar (14),5-9,105783,53596,52187,99693,50485,49208,6090,3111,2979
5988,C4114,20,359,District - Latehar (14),10-14,104224,53025,51199,97774,49711,48063,6450,3314,3136
5989,C4114,20,359,District - Latehar (14),15-19,71853,36918,34935,66279,34112,32167,5574,2806,2768
5990,C4114,20,359,District - Latehar (14),20-24,57565,28671,28894,52790,26192,26598,4775,2479,2296
5991,C4114,20,359,District - Latehar (14),25-29,52842,26983,25859,48385,24619,23766,4457,2364,2093
5992,C4114,20,359,District - Latehar (14),30-34,44636,22155,22481,40850,20169,20681,3786,1986,1800
5993,C4114,20,359,District - Latehar (14),35-39,41245,21156,20089,37859,19294,18565,3386,1862,1524
5994,C4114,20,359,District - Latehar (14),40-44,35401,18080,17321,32505,16532,15973,2896,1548,1348
5995,C4114,20,359,District - Latehar (14),45-49,31438,16549,14889,29011,15220,13791,2427,1329,1098
5996,C4114,20,359,District - Latehar (14),50-54,23004,12237,10767,21031,11191,9840,1973,1046,927
5997,C4114,20,359,District - Latehar (14),55-59,19555,9538,10017,17934,8652,9282,1621,886,735
5998,C4114,20,359,District - Latehar (14),60-64,19412,9446,9966,18171,8811,9360,1241,635,606
5999,C4114,20,359,District - Latehar (14),65-69,13176,6891,6285,12362,6460,5902,814,431,383
6000,C4114,20,359,District - Latehar (14),70-74,7817,4156,3661,7253,3866,3387,564,290,274
6001,C4114,20,359,District - Latehar (14),75-79,3180,1609,1571,2936,1482,1454,244,127,117
6002,C4114,20,359,District - Latehar (14),80+,3726,1908,1818,3400,1761,1639,326,147,179
6003,C4114,20,359,District - Latehar (14),Age not stated,304,191,113,280,176,104,24,15,9
6004,C4114,20,360,District - Hazaribagh (15),All ages,1734495,890881,843614,1459188,746934,712254,275307,143947,131360
6005,C4114,20,360,District - Hazaribagh (15),0-4,189814,98368,91446,166200,86143,80057,23614,12225,11389
6006,C4114,20,360,District - Hazaribagh (15),5-9,220710,112994,107716,192182,98096,94086,28528,14898,13630
6007,C4114,20,360,District - Hazaribagh (15),10-14,228765,116383,112382,196631,99659,96972,32134,16724,15410
6008,C4114,20,360,District - Hazaribagh (15),15-19,179151,95787,83364,148135,79794,68341,31016,15993,15023
6009,C4114,20,360,District - Hazaribagh (15),20-24,150498,78018,72480,123377,63927,59450,27121,14091,13030
6010,C4114,20,360,District - Hazaribagh (15),25-29,138514,70097,68417,114476,57635,56841,24038,12462,11576
6011,C4114,20,360,District - Hazaribagh (15),30-34,119690,60144,59546,98993,49348,49645,20697,10796,9901
6012,C4114,20,360,District - Hazaribagh (15),35-39,109327,55563,53764,90229,45660,44569,19098,9903,9195
6013,C4114,20,360,District - Hazaribagh (15),40-44,90494,46933,43561,74038,38030,36008,16456,8903,7553
6014,C4114,20,360,District - Hazaribagh (15),45-49,76955,39806,37149,62826,32268,30558,14129,7538,6591
6015,C4114,20,360,District - Hazaribagh (15),50-54,57903,30425,27478,46755,24435,22320,11148,5990,5158
6016,C4114,20,360,District - Hazaribagh (15),55-59,48022,23534,24488,39303,18769,20534,8719,4765,3954
6017,C4114,20,360,District - Hazaribagh (15),60-64,46126,22918,23208,39052,19213,19839,7074,3705,3369
6018,C4114,20,360,District - Hazaribagh (15),65-69,33401,16610,16791,28670,14177,14493,4731,2433,2298
6019,C4114,20,360,District - Hazaribagh (15),70-74,23044,12060,10984,19630,10279,9351,3414,1781,1633
6020,C4114,20,360,District - Hazaribagh (15),75-79,9908,4965,4943,8309,4105,4204,1599,860,739
6021,C4114,20,360,District - Hazaribagh (15),80+,11629,5966,5663,9874,5107,4767,1755,859,896
6022,C4114,20,360,District - Hazaribagh (15),Age not stated,544,310,234,508,289,219,36,21,15
6023,C4114,20,361,District - Ramgarh (16),All ages,949443,494230,455213,530488,272167,258321,418955,222063,196892
6024,C4114,20,361,District - Ramgarh (16),0-4,89186,46233,42953,53194,27318,25876,35992,18915,17077
6025,C4114,20,361,District - Ramgarh (16),5-9,108028,55670,52358,63571,32450,31121,44457,23220,21237
6026,C4114,20,361,District - Ramgarh (16),10-14,119543,61100,58443,69636,35153,34483,49907,25947,23960
6027,C4114,20,361,District - Ramgarh (16),15-19,107781,56705,51076,58376,30351,28025,49405,26354,23051
6028,C4114,20,361,District - Ramgarh (16),20-24,89788,48026,41762,46913,24733,22180,42875,23293,19582
6029,C4114,20,361,District - Ramgarh (16),25-29,80421,42272,38149,43615,22815,20800,36806,19457,17349
6030,C4114,20,361,District - Ramgarh (16),30-34,68177,35418,32759,36854,18914,17940,31323,16504,14819
6031,C4114,20,361,District - Ramgarh (16),35-39,63462,32789,30673,34367,17571,16796,29095,15218,13877
6032,C4114,20,361,District - Ramgarh (16),40-44,53353,27946,25407,28650,14734,13916,24703,13212,11491
6033,C4114,20,361,District - Ramgarh (16),45-49,45533,23783,21750,24241,12683,11558,21292,11100,10192
6034,C4114,20,361,District - Ramgarh (16),50-54,35920,18607,17313,18144,9219,8925,17776,9388,8388
6035,C4114,20,361,District - Ramgarh (16),55-59,29483,15996,13487,15224,7528,7696,14259,8468,5791
6036,C4114,20,361,District - Ramgarh (16),60-64,23616,11995,11621,14733,7202,7531,8883,4793,4090
6037,C4114,20,361,District - Ramgarh (16),65-69,15531,7722,7809,10243,5054,5189,5288,2668,2620
6038,C4114,20,361,District - Ramgarh (16),70-74,10173,5239,4934,6682,3436,3246,3491,1803,1688
6039,C4114,20,361,District - Ramgarh (16),75-79,4117,2034,2083,2667,1291,1376,1450,743,707
6040,C4114,20,361,District - Ramgarh (16),80+,4954,2479,2475,3184,1596,1588,1770,883,887
6041,C4114,20,361,District - Ramgarh (16),Age not stated,377,216,161,194,119,75,183,97,86
6042,C4114,20,362,District - Dumka (17),All ages,1321442,668514,652928,1231264,620928,610336,90178,47586,42592
6043,C4114,20,362,District - Dumka (17),0-4,150631,76383,74248,142733,72287,70446,7898,4096,3802
6044,C4114,20,362,District - Dumka (17),5-9,163067,82972,80095,153998,78203,75795,9069,4769,4300
6045,C4114,20,362,District - Dumka (17),10-14,152644,78755,73889,143085,73763,69322,9559,4992,4567
6046,C4114,20,362,District - Dumka (17),15-19,114084,61404,52680,104951,56515,48436,9133,4889,4244
6047,C4114,20,362,District - Dumka (17),20-24,109730,52921,56809,101433,48582,52851,8297,4339,3958
6048,C4114,20,362,District - Dumka (17),25-29,109167,54676,54491,101223,50594,50629,7944,4082,3862
6049,C4114,20,362,District - Dumka (17),30-34,95954,48422,47532,88785,44588,44197,7169,3834,3335
6050,C4114,20,362,District - Dumka (17),35-39,88897,45261,43636,82330,41889,40441,6567,3372,3195
6051,C4114,20,362,District - Dumka (17),40-44,74803,38726,36077,69069,35588,33481,5734,3138,2596
6052,C4114,20,362,District - Dumka (17),45-49,64572,33175,31397,59742,30545,29197,4830,2630,2200
6053,C4114,20,362,District - Dumka (17),50-54,50991,26318,24673,47043,24179,22864,3948,2139,1809
6054,C4114,20,362,District - Dumka (17),55-59,42017,19759,22258,38948,18102,20846,3069,1657,1412
6055,C4114,20,362,District - Dumka (17),60-64,44314,20869,23445,41508,19396,22112,2806,1473,1333
6056,C4114,20,362,District - Dumka (17),65-69,29024,13576,15448,27304,12673,14631,1720,903,817
6057,C4114,20,362,District - Dumka (17),70-74,17152,8328,8824,15923,7674,8249,1229,654,575
6058,C4114,20,362,District - Dumka (17),75-79,6158,2949,3209,5582,2628,2954,576,321,255
6059,C4114,20,362,District - Dumka (17),80+,6508,3123,3385,5962,2865,3097,546,258,288
6060,C4114,20,362,District - Dumka (17),Age not stated,1729,897,832,1645,857,788,84,40,44
6061,C4114,20,363,District - Jamtara (18),All ages,791042,404830,386212,715296,365043,350253,75746,39787,35959
6062,C4114,20,363,District - Jamtara (18),0-4,89705,45915,43790,83029,42429,40600,6676,3486,3190
6063,C4114,20,363,District - Jamtara (18),5-9,97648,49748,47900,90046,45743,44303,7602,4005,3597
6064,C4114,20,363,District - Jamtara (18),10-14,92292,47658,44634,84246,43460,40786,8046,4198,3848
6065,C4114,20,363,District - Jamtara (18),15-19,69316,37346,31970,61626,33301,28325,7690,4045,3645
6066,C4114,20,363,District - Jamtara (18),20-24,66737,32992,33745,59512,29222,30290,7225,3770,3455
6067,C4114,20,363,District - Jamtara (18),25-29,65197,33200,31997,58451,29729,28722,6746,3471,3275
6068,C4114,20,363,District - Jamtara (18),30-34,56600,28714,27886,50709,25617,25092,5891,3097,2794
6069,C4114,20,363,District - Jamtara (18),35-39,52698,27358,25340,47109,24383,22726,5589,2975,2614
6070,C4114,20,363,District - Jamtara (18),40-44,43070,22235,20835,38566,19794,18772,4504,2441,2063
6071,C4114,20,363,District - Jamtara (18),45-49,37521,19687,17834,33634,17629,16005,3887,2058,1829
6072,C4114,20,363,District - Jamtara (18),50-54,29023,14987,14036,25964,13364,12600,3059,1623,1436
6073,C4114,20,363,District - Jamtara (18),55-59,25334,12100,13234,22754,10790,11964,2580,1310,1270
6074,C4114,20,363,District - Jamtara (18),60-64,26504,12938,13566,24163,11729,12434,2341,1209,1132
6075,C4114,20,363,District - Jamtara (18),65-69,16895,8523,8372,15394,7692,7702,1501,831,670
6076,C4114,20,363,District - Jamtara (18),70-74,10205,5241,4964,9241,4717,4524,964,524,440
6077,C4114,20,363,District - Jamtara (18),75-79,3976,1919,2057,3560,1704,1856,416,215,201
6078,C4114,20,363,District - Jamtara (18),80+,4873,2425,2448,4367,2174,2193,506,251,255
6079,C4114,20,363,District - Jamtara (18),Age not stated,3448,1844,1604,2925,1566,1359,523,278,245
6080,C4114,20,364,District - Ranchi (19),All ages,2914253,1494937,1419316,1656918,840528,816390,1257335,654409,602926
6081,C4114,20,364,District - Ranchi (19),0-4,269974,139280,130694,167916,85553,82363,102058,53727,48331
6082,C4114,20,364,District - Ranchi (19),5-9,318793,164131,154662,201093,102612,98481,117700,61519,56181
6083,C4114,20,364,District - Ranchi (19),10-14,340174,173691,166483,212481,107825,104656,127693,65866,61827
6084,C4114,20,364,District - Ranchi (19),15-19,306556,159706,146850,174038,90992,83046,132518,68714,63804
6085,C4114,20,364,District - Ranchi (19),20-24,261237,131590,129647,136322,69294,67028,124915,62296,62619
6086,C4114,20,364,District - Ranchi (19),25-29,245559,123579,121980,127453,63986,63467,118106,59593,58513
6087,C4114,20,364,District - Ranchi (19),30-34,211030,106157,104873,110038,54023,56015,100992,52134,48858
6088,C4114,20,364,District - Ranchi (19),35-39,202274,103076,99198,108373,54476,53897,93901,48600,45301
6089,C4114,20,364,District - Ranchi (19),40-44,167658,87559,80099,90757,46348,44409,76901,41211,35690
6090,C4114,20,364,District - Ranchi (19),45-49,144976,76824,68152,79343,41458,37885,65633,35366,30267
6091,C4114,20,364,District - Ranchi (19),50-54,108855,57105,51750,59254,30520,28734,49601,26585,23016
6092,C4114,20,364,District - Ranchi (19),55-59,90068,46033,44035,49941,24298,25643,40127,21735,18392
6093,C4114,20,364,District - Ranchi (19),60-64,84206,42054,42152,49485,24010,25475,34721,18044,16677
6094,C4114,20,364,District - Ranchi (19),65-69,56399,28729,27670,34011,16681,17330,22388,12048,10340
6095,C4114,20,364,District - Ranchi (19),70-74,35965,19132,16833,21370,10840,10530,14595,8292,6303
6096,C4114,20,364,District - Ranchi (19),75-79,15625,7973,7652,8676,4210,4466,6949,3763,3186
6097,C4114,20,364,District - Ranchi (19),80+,18048,9174,8874,10131,5096,5035,7917,4078,3839
6098,C4114,20,364,District - Ranchi (19),Age not stated,36856,19144,17712,16236,8306,7930,20620,10838,9782
6099,C4114,20,365,District - Khunti (20),All ages,531885,266335,265550,486903,243494,243409,44982,22841,22141
6100,C4114,20,365,District - Khunti (20),0-4,58295,29637,28658,54485,27672,26813,3810,1965,1845
6101,C4114,20,365,District - Khunti (20),5-9,65895,33616,32279,61160,31149,30011,4735,2467,2268
6102,C4114,20,365,District - Khunti (20),10-14,66134,33486,32648,60797,30834,29963,5337,2652,2685
6103,C4114,20,365,District - Khunti (20),15-19,52570,26720,25850,47500,24165,23335,5070,2555,2515
6104,C4114,20,365,District - Khunti (20),20-24,43958,21418,22540,39383,19097,20286,4575,2321,2254
6105,C4114,20,365,District - Khunti (20),25-29,40300,20163,20137,36378,18187,18191,3922,1976,1946
6106,C4114,20,365,District - Khunti (20),30-34,34348,16701,17647,31042,15031,16011,3306,1670,1636
6107,C4114,20,365,District - Khunti (20),35-39,34503,17128,17375,31293,15575,15718,3210,1553,1657
6108,C4114,20,365,District - Khunti (20),40-44,29657,14892,14765,26978,13471,13507,2679,1421,1258
6109,C4114,20,365,District - Khunti (20),45-49,27141,13951,13190,24681,12663,12018,2460,1288,1172
6110,C4114,20,365,District - Khunti (20),50-54,20677,10604,10073,19026,9732,9294,1651,872,779
6111,C4114,20,365,District - Khunti (20),55-59,17316,8462,8854,15997,7760,8237,1319,702,617
6112,C4114,20,365,District - Khunti (20),60-64,17636,8221,9415,16500,7661,8839,1136,560,576
6113,C4114,20,365,District - Khunti (20),65-69,11298,5456,5842,10539,5087,5452,759,369,390
6114,C4114,20,365,District - Khunti (20),70-74,6732,3250,3482,6221,3019,3202,511,231,280
6115,C4114,20,365,District - Khunti (20),75-79,2592,1266,1326,2344,1133,1211,248,133,115
6116,C4114,20,365,District - Khunti (20),80+,2485,1182,1303,2234,1077,1157,251,105,146
6117,C4114,20,365,District - Khunti (20),Age not stated,348,182,166,345,181,164,3,1,2
6118,C4114,20,366,District - Gumla (21),All ages,1025213,514390,510823,960132,481135,478997,65081,33255,31826
6119,C4114,20,366,District - Gumla (21),0-4,114838,58453,56385,109238,55586,53652,5600,2867,2733
6120,C4114,20,366,District - Gumla (21),5-9,138044,70269,67775,130856,66474,64382,7188,3795,3393
6121,C4114,20,366,District - Gumla (21),10-14,137557,69389,68168,128859,65001,63858,8698,4388,4310
6122,C4114,20,366,District - Gumla (21),15-19,101111,51511,49600,93235,47572,45663,7876,3939,3937
6123,C4114,20,366,District - Gumla (21),20-24,80087,39624,40463,73644,36318,37326,6443,3306,3137
6124,C4114,20,366,District - Gumla (21),25-29,71942,35662,36280,66368,32931,33437,5574,2731,2843
6125,C4114,20,366,District - Gumla (21),30-34,63064,30501,32563,58399,28206,30193,4665,2295,2370
6126,C4114,20,366,District - Gumla (21),35-39,60898,30657,30241,56367,28393,27974,4531,2264,2267
6127,C4114,20,366,District - Gumla (21),40-44,53218,26123,27095,49494,24143,25351,3724,1980,1744
6128,C4114,20,366,District - Gumla (21),45-49,48691,25133,23558,45615,23453,22162,3076,1680,1396
6129,C4114,20,366,District - Gumla (21),50-54,38040,19545,18495,35754,18302,17452,2286,1243,1043
6130,C4114,20,366,District - Gumla (21),55-59,32354,15717,16637,30688,14808,15880,1666,909,757
6131,C4114,20,366,District - Gumla (21),60-64,34080,16107,17973,32613,15396,17217,1467,711,756
6132,C4114,20,366,District - Gumla (21),65-69,23896,11769,12127,22866,11237,11629,1030,532,498
6133,C4114,20,366,District - Gumla (21),70-74,14853,7541,7312,14242,7238,7004,611,303,308
6134,C4114,20,366,District - Gumla (21),75-79,6035,3033,3002,5774,2901,2873,261,132,129
6135,C4114,20,366,District - Gumla (21),80+,6194,3179,3015,5824,3005,2819,370,174,196
6136,C4114,20,366,District - Gumla (21),Age not stated,311,177,134,296,171,125,15,6,9
6137,C4114,20,367,District - Simdega (22),All ages,599578,300309,299269,556634,278425,278209,42944,21884,21060
6138,C4114,20,367,District - Simdega (22),0-4,63633,32146,31487,60063,30349,29714,3570,1797,1773
6139,C4114,20,367,District - Simdega (22),5-9,71630,36556,35074,67023,34170,32853,4607,2386,2221
6140,C4114,20,367,District - Simdega (22),10-14,72722,36726,35996,67090,33742,33348,5632,2984,2648
6141,C4114,20,367,District - Simdega (22),15-19,57581,29169,28412,52419,26657,25762,5162,2512,2650
6142,C4114,20,367,District - Simdega (22),20-24,48374,24053,24321,44090,21846,22244,4284,2207,2077
6143,C4114,20,367,District - Simdega (22),25-29,43919,22219,21700,40237,20340,19897,3682,1879,1803
6144,C4114,20,367,District - Simdega (22),30-34,38839,18968,19871,35871,17505,18366,2968,1463,1505
6145,C4114,20,367,District - Simdega (22),35-39,38505,19279,19226,35691,17877,17814,2814,1402,1412
6146,C4114,20,367,District - Simdega (22),40-44,34442,17277,17165,31895,15949,15946,2547,1328,1219
6147,C4114,20,367,District - Simdega (22),45-49,31774,16511,15263,29632,15368,14264,2142,1143,999
6148,C4114,20,367,District - Simdega (22),50-54,24197,12476,11721,22624,11620,11004,1573,856,717
6149,C4114,20,367,District - Simdega (22),55-59,20766,9968,10798,19522,9345,10177,1244,623,621
6150,C4114,20,367,District - Simdega (22),60-64,21964,10087,11877,20866,9571,11295,1098,516,582
6151,C4114,20,367,District - Simdega (22),65-69,14862,7002,7860,14153,6649,7504,709,353,356
6152,C4114,20,367,District - Simdega (22),70-74,9030,4301,4729,8566,4079,4487,464,222,242
6153,C4114,20,367,District - Simdega (22),75-79,3703,1767,1936,3488,1655,1833,215,112,103
6154,C4114,20,367,District - Simdega (22),80+,3295,1615,1680,3068,1517,1551,227,98,129
6155,C4114,20,367,District - Simdega (22),Age not stated,342,189,153,336,186,150,6,3,3
6156,C4114,20,368,District - Pashchimi Singhbhum (23),All ages,1502338,749385,752953,1284304,637657,646647,218034,111728,106306
6157,C4114,20,368,District - Pashchimi Singhbhum (23),0-4,180512,90773,89739,161673,81250,80423,18839,9523,9316
6158,C4114,20,368,District - Pashchimi Singhbhum (23),5-9,194131,98127,96004,172890,87150,85740,21241,10977,10264
6159,C4114,20,368,District - Pashchimi Singhbhum (23),10-14,188117,96190,91927,164918,84351,80567,23199,11839,11360
6160,C4114,20,368,District - Pashchimi Singhbhum (23),15-19,149027,75550,73477,126618,64166,62452,22409,11384,11025
6161,C4114,20,368,District - Pashchimi Singhbhum (23),20-24,131468,62879,68589,109107,51841,57266,22361,11038,11323
6162,C4114,20,368,District - Pashchimi Singhbhum (23),25-29,117732,59494,58238,97658,49179,48479,20074,10315,9759
6163,C4114,20,368,District - Pashchimi Singhbhum (23),30-34,97881,48288,49593,80837,39571,41266,17044,8717,8327
6164,C4114,20,368,District - Pashchimi Singhbhum (23),35-39,95491,47161,48330,79687,39126,40561,15804,8035,7769
6165,C4114,20,368,District - Pashchimi Singhbhum (23),40-44,84353,42208,42145,70382,34798,35584,13971,7410,6561
6166,C4114,20,368,District - Pashchimi Singhbhum (23),45-49,75580,39142,36438,62970,32427,30543,12610,6715,5895
6167,C4114,20,368,District - Pashchimi Singhbhum (23),50-54,55503,28073,27430,45968,22901,23067,9535,5172,4363
6168,C4114,20,368,District - Pashchimi Singhbhum (23),55-59,42495,21014,21481,35332,16960,18372,7163,4054,3109
6169,C4114,20,368,District - Pashchimi Singhbhum (23),60-64,40091,17913,22178,34788,15345,19443,5303,2568,2735
6170,C4114,20,368,District - Pashchimi Singhbhum (23),65-69,25349,11489,13860,21782,9806,11976,3567,1683,1884
6171,C4114,20,368,District - Pashchimi Singhbhum (23),70-74,14022,6232,7790,11573,5084,6489,2449,1148,1301
6172,C4114,20,368,District - Pashchimi Singhbhum (23),75-79,5283,2395,2888,4082,1842,2240,1201,553,648
6173,C4114,20,368,District - Pashchimi Singhbhum (23),80+,4892,2222,2670,3685,1659,2026,1207,563,644
6174,C4114,20,368,District - Pashchimi Singhbhum (23),Age not stated,411,235,176,354,201,153,57,34,23
6175,C4114,20,369,District - Saraikela-Kharsawan (24),All ages,1065056,544411,520645,806310,408848,397462,258746,135563,123183
6176,C4114,20,369,District - Saraikela-Kharsawan (24),0-4,109803,56340,53463,84218,43049,41169,25585,13291,12294
6177,C4114,20,369,District - Saraikela-Kharsawan (24),5-9,120592,62059,58533,92682,47425,45257,27910,14634,13276
6178,C4114,20,369,District - Saraikela-Kharsawan (24),10-14,118908,61089,57819,92604,47377,45227,26304,13712,12592
6179,C4114,20,369,District - Saraikela-Kharsawan (24),15-19,101849,54022,47827,77001,40917,36084,24848,13105,11743
6180,C4114,20,369,District - Saraikela-Kharsawan (24),20-24,94209,47469,46740,69263,35111,34152,24946,12358,12588
6181,C4114,20,369,District - Saraikela-Kharsawan (24),25-29,89614,45284,44330,64269,32595,31674,25345,12689,12656
6182,C4114,20,369,District - Saraikela-Kharsawan (24),30-34,76674,38897,37777,55031,27519,27512,21643,11378,10265
6183,C4114,20,369,District - Saraikela-Kharsawan (24),35-39,73430,37722,35708,53564,27035,26529,19866,10687,9179
6184,C4114,20,369,District - Saraikela-Kharsawan (24),40-44,62387,32249,30138,46784,23767,23017,15603,8482,7121
6185,C4114,20,369,District - Saraikela-Kharsawan (24),45-49,53401,28395,25006,40446,21129,19317,12955,7266,5689
6186,C4114,20,369,District - Saraikela-Kharsawan (24),50-54,40795,21212,19583,31561,16272,15289,9234,4940,4294
6187,C4114,20,369,District - Saraikela-Kharsawan (24),55-59,33238,16573,16665,25833,12630,13203,7405,3943,3462
6188,C4114,20,369,District - Saraikela-Kharsawan (24),60-64,35565,16697,18868,28789,13158,15631,6776,3539,3237
6189,C4114,20,369,District - Saraikela-Kharsawan (24),65-69,24109,11655,12454,19928,9354,10574,4181,2301,1880
6190,C4114,20,369,District - Saraikela-Kharsawan (24),70-74,14567,7057,7510,11853,5570,6283,2714,1487,1227
6191,C4114,20,369,District - Saraikela-Kharsawan (24),75-79,6183,2922,3261,4984,2291,2693,1199,631,568
6192,C4114,20,369,District - Saraikela-Kharsawan (24),80+,7085,3328,3757,5536,2585,2951,1549,743,806
6193,C4114,20,369,District - Saraikela-Kharsawan (24),Age not stated,2647,1441,1206,1964,1064,900,683,377,306
6194,C4114,32,0,State - KERALA (32),All ages,33406061,16027412,17378649,17471135,8408054,9063081,15934926,7619358,8315568
6195,C4114,32,0,State - KERALA (32),0-4,2453092,1247534,1205558,1286340,653809,632531,1166752,593725,573027
6196,C4114,32,0,State - KERALA (32),5-9,2555112,1303190,1251922,1348204,687077,661127,1206908,616113,590795
6197,C4114,32,0,State - KERALA (32),10-14,2822770,1438917,1383853,1499338,762897,736441,1323432,676020,647412
6198,C4114,32,0,State - KERALA (32),15-19,2610552,1328299,1282253,1365813,696204,669609,1244739,632095,612644
6199,C4114,32,0,State - KERALA (32),20-24,2665809,1298826,1366983,1386061,680283,705778,1279748,618543,661205
6200,C4114,32,0,State - KERALA (32),25-29,2604092,1203978,1400114,1369036,639039,729997,1235056,564939,670117
6201,C4114,32,0,State - KERALA (32),30-34,2455501,1128217,1327284,1278260,592974,685286,1177241,535243,641998
6202,C4114,32,0,State - KERALA (32),35-39,2579673,1161819,1417854,1344629,608341,736288,1235044,553478,681566
6203,C4114,32,0,State - KERALA (32),40-44,2412498,1117424,1295074,1246138,578217,667921,1166360,539207,627153
6204,C4114,32,0,State - KERALA (32),45-49,2348530,1105598,1242932,1227882,578437,649445,1120648,527161,593487
6205,C4114,32,0,State - KERALA (32),50-54,1928145,931191,996954,1001162,484917,516245,926983,446274,480709
6206,C4114,32,0,State - KERALA (32),55-59,1742408,861527,880881,903383,446860,456523,839025,414667,424358
6207,C4114,32,0,State - KERALA (32),60-64,1414671,685136,729535,724947,351377,373570,689724,333759,355965
6208,C4114,32,0,State - KERALA (32),65-69,1002134,459232,542902,525265,240537,284728,476869,218695,258174
6209,C4114,32,0,State - KERALA (32),70-74,733372,326562,406810,381986,170673,211313,351386,155889,195497
6210,C4114,32,0,State - KERALA (32),75-79,501367,208317,293050,266667,111752,154915,234700,96565,138135
6211,C4114,32,0,State - KERALA (32),80+,541849,204348,337501,298687,115981,182706,243162,88367,154795
6212,C4114,32,0,State - KERALA (32),Age not stated,34486,17297,17189,17337,8679,8658,17149,8618,8531
6213,C4114,32,588,District - Kasaragod (01),All ages,1307375,628613,678762,798328,387716,410612,509047,240897,268150
6214,C4114,32,588,District - Kasaragod (01),0-4,110718,56396,54322,64923,33012,31911,45795,23384,22411
6215,C4114,32,588,District - Kasaragod (01),5-9,110107,56329,53778,66076,33807,32269,44031,22522,21509
6216,C4114,32,588,District - Kasaragod (01),10-14,121871,62341,59530,74426,38008,36418,47445,24333,23112
6217,C4114,32,588,District - Kasaragod (01),15-19,114473,57765,56708,69311,35237,34074,45162,22528,22634
6218,C4114,32,588,District - Kasaragod (01),20-24,117636,55642,61994,71161,34345,36816,46475,21297,25178
6219,C4114,32,588,District - Kasaragod (01),25-29,113958,51448,62510,70247,32364,37883,43711,19084,24627
6220,C4114,32,588,District - Kasaragod (01),30-34,102124,46516,55608,62015,28754,33261,40109,17762,22347
6221,C4114,32,588,District - Kasaragod (01),35-39,99852,45539,54313,61669,28447,33222,38183,17092,21091
6222,C4114,32,588,District - Kasaragod (01),40-44,85207,39985,45222,52712,24974,27738,32495,15011,17484
6223,C4114,32,588,District - Kasaragod (01),45-49,82700,39615,43085,51925,25247,26678,30775,14368,16407
6224,C4114,32,588,District - Kasaragod (01),50-54,64216,31483,32733,39819,19811,20008,24397,11672,12725
6225,C4114,32,588,District - Kasaragod (01),55-59,54945,27166,27779,33841,16856,16985,21104,10310,10794
6226,C4114,32,588,District - Kasaragod (01),60-64,44336,21606,22730,26928,13258,13670,17408,8348,9060
6227,C4114,32,588,District - Kasaragod (01),65-69,32464,14340,18124,20099,8986,11113,12365,5354,7011
6228,C4114,32,588,District - Kasaragod (01),70-74,22162,9802,12360,13800,6275,7525,8362,3527,4835
6229,C4114,32,588,District - Kasaragod (01),75-79,14054,5958,8096,8936,3932,5004,5118,2026,3092
6230,C4114,32,588,District - Kasaragod (01),80+,14798,5745,9053,9649,3980,5669,5149,1765,3384
6231,C4114,32,588,District - Kasaragod (01),Age not stated,1754,937,817,791,423,368,963,514,449
6232,C4114,32,589,District - Kannur (02),All ages,2523003,1181446,1341557,882017,425682,456335,1640986,755764,885222
6233,C4114,32,589,District - Kannur (02),0-4,196829,99755,97074,68213,34635,33578,128616,65120,63496
6234,C4114,32,589,District - Kannur (02),5-9,189594,96283,93311,66264,33581,32683,123330,62702,60628
6235,C4114,32,589,District - Kannur (02),10-14,207988,106226,101762,74554,38207,36347,133434,68019,65415
6236,C4114,32,589,District - Kannur (02),15-19,195500,99226,96274,68356,34990,33366,127144,64236,62908
6237,C4114,32,589,District - Kannur (02),20-24,199663,94983,104680,68881,34344,34537,130782,60639,70143
6238,C4114,32,589,District - Kannur (02),25-29,197603,86704,110899,70857,33185,37672,126746,53519,73227
6239,C4114,32,589,District - Kannur (02),30-34,195261,85303,109958,68587,31770,36817,126674,53533,73141
6240,C4114,32,589,District - Kannur (02),35-39,194385,84138,110247,68951,31383,37568,125434,52755,72679
6241,C4114,32,589,District - Kannur (02),40-44,179536,80011,99525,63850,29983,33867,115686,50028,65658
6242,C4114,32,589,District - Kannur (02),45-49,172802,78840,93962,61167,28951,32216,111635,49889,61746
6243,C4114,32,589,District - Kannur (02),50-54,142427,66823,75604,50694,24680,26014,91733,42143,49590
6244,C4114,32,589,District - Kannur (02),55-59,129416,62516,66900,44490,22161,22329,84926,40355,44571
6245,C4114,32,589,District - Kannur (02),60-64,108136,51107,57029,34671,16716,17955,73465,34391,39074
6246,C4114,32,589,District - Kannur (02),65-69,73238,32424,40814,24000,10734,13266,49238,21690,27548
6247,C4114,32,589,District - Kannur (02),70-74,55799,24181,31618,17949,7902,10047,37850,16279,21571
6248,C4114,32,589,District - Kannur (02),75-79,38295,15248,23047,13174,5365,7809,25121,9883,15238
6249,C4114,32,589,District - Kannur (02),80+,40770,14743,26027,15502,6159,9343,25268,8584,16684
6250,C4114,32,589,District - Kannur (02),Age not stated,5761,2935,2826,1857,936,921,3904,1999,1905
6251,C4114,32,590,District - Wayanad (03),All ages,817420,401684,415736,785840,386283,399557,31580,15401,16179
6252,C4114,32,590,District - Wayanad (03),0-4,65082,33062,32020,62548,31746,30802,2534,1316,1218
6253,C4114,32,590,District - Wayanad (03),5-9,69746,35656,34090,67062,34327,32735,2684,1329,1355
6254,C4114,32,590,District - Wayanad (03),10-14,77418,39481,37937,74468,38044,36424,2950,1437,1513
6255,C4114,32,590,District - Wayanad (03),15-19,63919,32424,31495,61480,31186,30294,2439,1238,1201
6256,C4114,32,590,District - Wayanad (03),20-24,66417,31936,34481,63802,30722,33080,2615,1214,1401
6257,C4114,32,590,District - Wayanad (03),25-29,70224,33366,36858,67639,32134,35505,2585,1232,1353
6258,C4114,32,590,District - Wayanad (03),30-34,65644,31334,34310,63056,30153,32903,2588,1181,1407
6259,C4114,32,590,District - Wayanad (03),35-39,67856,32250,35606,65154,31007,34147,2702,1243,1459
6260,C4114,32,590,District - Wayanad (03),40-44,57693,28496,29197,55323,27310,28013,2370,1186,1184
6261,C4114,32,590,District - Wayanad (03),45-49,55397,27117,28280,53099,25982,27117,2298,1135,1163
6262,C4114,32,590,District - Wayanad (03),50-54,42987,21742,21245,41320,20890,20430,1667,852,815
6263,C4114,32,590,District - Wayanad (03),55-59,36277,18451,17826,34796,17676,17120,1481,775,706
6264,C4114,32,590,District - Wayanad (03),60-64,28307,14181,14126,27267,13633,13634,1040,548,492
6265,C4114,32,590,District - Wayanad (03),65-69,19045,8801,10244,18346,8470,9876,699,331,368
6266,C4114,32,590,District - Wayanad (03),70-74,12686,5737,6949,12283,5566,6717,403,171,232
6267,C4114,32,590,District - Wayanad (03),75-79,8542,3524,5018,8293,3425,4868,249,99,150
6268,C4114,32,590,District - Wayanad (03),80+,9482,3741,5741,9230,3643,5587,252,98,154
6269,C4114,32,590,District - Wayanad (03),Age not stated,698,385,313,674,369,305,24,16,8
6270,C4114,32,591,District - Kozhikode (04),All ages,3086293,1470942,1615351,1013721,484784,528937,2072572,986158,1086414
6271,C4114,32,591,District - Kozhikode (04),0-4,236427,119951,116476,80643,40980,39663,155784,78971,76813
6272,C4114,32,591,District - Kozhikode (04),5-9,247158,125979,121179,83866,42791,41075,163292,83188,80104
6273,C4114,32,591,District - Kozhikode (04),10-14,266107,136111,129996,89460,45746,43714,176647,90365,86282
6274,C4114,32,591,District - Kozhikode (04),15-19,245547,125167,120380,82117,42037,40080,163430,83130,80300
6275,C4114,32,591,District - Kozhikode (04),20-24,246515,116838,129677,81059,38966,42093,165456,77872,87584
6276,C4114,32,591,District - Kozhikode (04),25-29,245890,109469,136421,80920,36261,44659,164970,73208,91762
6277,C4114,32,591,District - Kozhikode (04),30-34,234874,104571,130303,76750,34100,42650,158124,70471,87653
6278,C4114,32,591,District - Kozhikode (04),35-39,242221,106829,135392,78717,34467,44250,163504,72362,91142
6279,C4114,32,591,District - Kozhikode (04),40-44,222484,102379,120105,71506,32582,38924,150978,69797,81181
6280,C4114,32,591,District - Kozhikode (04),45-49,210002,98203,111799,67758,31392,36366,142244,66811,75433
6281,C4114,32,591,District - Kozhikode (04),50-54,170780,82899,87881,54915,27069,27846,115865,55830,60035
6282,C4114,32,591,District - Kozhikode (04),55-59,154449,77249,77200,49704,25111,24593,104745,52138,52607
6283,C4114,32,591,District - Kozhikode (04),60-64,127863,63245,64618,39254,19533,19721,88609,43712,44897
6284,C4114,32,591,District - Kozhikode (04),65-69,86813,39360,47453,27708,12516,15192,59105,26844,32261
6285,C4114,32,591,District - Kozhikode (04),70-74,60549,27251,33298,19153,8752,10401,41396,18499,22897
6286,C4114,32,591,District - Kozhikode (04),75-79,41629,17021,24608,13806,5709,8097,27823,11312,16511
6287,C4114,32,591,District - Kozhikode (04),80+,44026,16860,27166,15432,6288,9144,28594,10572,18022
6288,C4114,32,591,District - Kozhikode (04),Age not stated,2959,1560,1399,953,484,469,2006,1076,930
6289,C4114,32,592,District - Malappuram (05),All ages,4112920,1960328,2152592,2295709,1095308,1200401,1817211,865020,952191
6290,C4114,32,592,District - Malappuram (05),0-4,410106,208636,201470,228226,116130,112096,181880,92506,89374
6291,C4114,32,592,District - Malappuram (05),5-9,407354,207693,199661,227856,116031,111825,179498,91662,87836
6292,C4114,32,592,District - Malappuram (05),10-14,424031,216411,207620,239151,121917,117234,184880,94494,90386
6293,C4114,32,592,District - Malappuram (05),15-19,393009,198452,194557,216968,109506,107462,176041,88946,87095
6294,C4114,32,592,District - Malappuram (05),20-24,406877,194357,212520,224543,107212,117331,182334,87145,95189
6295,C4114,32,592,District - Malappuram (05),25-29,364628,164498,200130,204112,92356,111756,160516,72142,88374
6296,C4114,32,592,District - Malappuram (05),30-34,300552,132859,167693,167871,74180,93691,132681,58679,74002
6297,C4114,32,592,District - Malappuram (05),35-39,281541,121166,160375,158755,68673,90082,122786,52493,70293
6298,C4114,32,592,District - Malappuram (05),40-44,241469,106628,134841,134940,59919,75021,106529,46709,59820
6299,C4114,32,592,District - Malappuram (05),45-49,217799,98035,119764,122113,55438,66675,95686,42597,53089
6300,C4114,32,592,District - Malappuram (05),50-54,172496,82690,89806,95965,46116,49849,76531,36574,39957
6301,C4114,32,592,District - Malappuram (05),55-59,148036,73341,74695,82199,40567,41632,65837,32774,33063
6302,C4114,32,592,District - Malappuram (05),60-64,124191,60432,63759,68777,33487,35290,55414,26945,28469
6303,C4114,32,592,District - Malappuram (05),65-69,87856,39659,48197,49360,22347,27013,38496,17312,21184
6304,C4114,32,592,District - Malappuram (05),70-74,57916,25771,32145,32335,14482,17853,25581,11289,14292
6305,C4114,32,592,District - Malappuram (05),75-79,36779,15070,21709,20831,8602,12229,15948,6468,9480
6306,C4114,32,592,District - Malappuram (05),80+,35037,13043,21994,19732,7361,12371,15305,5682,9623
6307,C4114,32,592,District - Malappuram (05),Age not stated,3243,1587,1656,1975,984,991,1268,603,665
6308,C4114,32,593,District - Palakkad (06),All ages,2809934,1359478,1450456,2133124,1031466,1101658,676810,328012,348798
6309,C4114,32,593,District - Palakkad (06),0-4,214550,108923,105627,164796,83566,81230,49754,25357,24397
6310,C4114,32,593,District - Palakkad (06),5-9,219514,111856,107658,167619,85357,82262,51895,26499,25396
6311,C4114,32,593,District - Palakkad (06),10-14,244128,123988,120140,187475,95020,92455,56653,28968,27685
6312,C4114,32,593,District - Palakkad (06),15-19,228471,115748,112723,174381,88645,85736,54090,27103,26987
6313,C4114,32,593,District - Palakkad (06),20-24,246144,119819,126325,187845,91589,96256,58299,28230,30069
6314,C4114,32,593,District - Palakkad (06),25-29,242415,116092,126323,186254,89352,96902,56161,26740,29421
6315,C4114,32,593,District - Palakkad (06),30-34,211243,100653,110590,160568,76650,83918,50675,24003,26672
6316,C4114,32,593,District - Palakkad (06),35-39,217268,99958,117310,164827,75667,89160,52441,24291,28150
6317,C4114,32,593,District - Palakkad (06),40-44,188881,89633,99248,140962,66934,74028,47919,22699,25220
6318,C4114,32,593,District - Palakkad (06),45-49,185219,89055,96164,139348,66776,72572,45871,22279,23592
6319,C4114,32,593,District - Palakkad (06),50-54,145372,71048,74324,108171,52740,55431,37201,18308,18893
6320,C4114,32,593,District - Palakkad (06),55-59,130083,63772,66311,97019,47418,49601,33064,16354,16710
6321,C4114,32,593,District - Palakkad (06),60-64,113415,53287,60128,85099,39805,45294,28316,13482,14834
6322,C4114,32,593,District - Palakkad (06),65-69,81894,37059,44835,62022,27790,34232,19872,9269,10603
6323,C4114,32,593,District - Palakkad (06),70-74,59901,26530,33371,45045,19835,25210,14856,6695,8161
6324,C4114,32,593,District - Palakkad (06),75-79,39364,16215,23149,29619,12227,17392,9745,3988,5757
6325,C4114,32,593,District - Palakkad (06),80+,38937,14287,24650,29472,10803,18669,9465,3484,5981
6326,C4114,32,593,District - Palakkad (06),Age not stated,3135,1555,1580,2602,1292,1310,533,263,270
6327,C4114,32,594,District - Thrissur (07),All ages,3121200,1480763,1640437,1024794,488303,536491,2096406,992460,1103946
6328,C4114,32,594,District - Thrissur (07),0-4,213202,109165,104037,71056,36230,34826,142146,72935,69211
6329,C4114,32,594,District - Thrissur (07),5-9,224690,115107,109583,74067,38015,36052,150623,77092,73531
6330,C4114,32,594,District - Thrissur (07),10-14,250700,127773,122927,82431,41913,40518,168269,85860,82409
6331,C4114,32,594,District - Thrissur (07),15-19,239833,121875,117958,77733,39622,38111,162100,82253,79847
6332,C4114,32,594,District - Thrissur (07),20-24,239355,116293,123062,77464,38022,39442,161891,78271,83620
6333,C4114,32,594,District - Thrissur (07),25-29,226434,103198,123236,75457,34839,40618,150977,68359,82618
6334,C4114,32,594,District - Thrissur (07),30-34,217204,97933,119271,72136,33290,38846,145068,64643,80425
6335,C4114,32,594,District - Thrissur (07),35-39,242166,106832,135334,79798,35713,44085,162368,71119,91249
6336,C4114,32,594,District - Thrissur (07),40-44,239311,110044,129267,78526,36357,42169,160785,73687,87098
6337,C4114,32,594,District - Thrissur (07),45-49,233160,109457,123703,76856,36167,40689,156304,73290,83014
6338,C4114,32,594,District - Thrissur (07),50-54,194664,92929,101735,63669,30675,32994,130995,62254,68741
6339,C4114,32,594,District - Thrissur (07),55-59,168923,82900,86023,54772,26844,27928,114151,56056,58095
6340,C4114,32,594,District - Thrissur (07),60-64,142384,67432,74952,45835,21367,24468,96549,46065,50484
6341,C4114,32,594,District - Thrissur (07),65-69,99052,44405,54647,32443,14456,17987,66609,29949,36660
6342,C4114,32,594,District - Thrissur (07),70-74,77623,32997,44626,25089,10545,14544,52534,22452,30082
6343,C4114,32,594,District - Thrissur (07),75-79,53997,21454,32543,17771,7044,10727,36226,14410,21816
6344,C4114,32,594,District - Thrissur (07),80+,55539,19501,36038,18778,6768,12010,36761,12733,24028
6345,C4114,32,594,District - Thrissur (07),Age not stated,2963,1468,1495,913,436,477,2050,1032,1018
6346,C4114,32,595,District - Ernakulam (08),All ages,3282388,1619557,1662831,1048025,518510,529515,2234363,1101047,1133316
6347,C4114,32,595,District - Ernakulam (08),0-4,214713,109407,105306,65682,33448,32234,149031,75959,73072
6348,C4114,32,595,District - Ernakulam (08),5-9,226293,115494,110799,71044,36207,34837,155249,79287,75962
6349,C4114,32,595,District - Ernakulam (08),10-14,252209,128742,123467,80772,41068,39704,171437,87674,83763
6350,C4114,32,595,District - Ernakulam (08),15-19,229573,118577,110996,73160,38027,35133,156413,80550,75863
6351,C4114,32,595,District - Ernakulam (08),20-24,235855,121109,114746,72376,37765,34611,163479,83344,80135
6352,C4114,32,595,District - Ernakulam (08),25-29,238325,116775,121550,72432,35680,36752,165893,81095,84798
6353,C4114,32,595,District - Ernakulam (08),30-34,239287,116713,122574,72699,36008,36691,166588,80705,85883
6354,C4114,32,595,District - Ernakulam (08),35-39,262692,124545,138147,81192,38594,42598,181500,85951,95549
6355,C4114,32,595,District - Ernakulam (08),40-44,266293,130357,135936,84149,41040,43109,182144,89317,92827
6356,C4114,32,595,District - Ernakulam (08),45-49,256448,126876,129572,84173,41648,42525,172275,85228,87047
6357,C4114,32,595,District - Ernakulam (08),50-54,215067,107761,107306,69898,34978,34920,145169,72783,72386
6358,C4114,32,595,District - Ernakulam (08),55-59,192149,97746,94403,62842,32142,30700,129307,65604,63703
6359,C4114,32,595,District - Ernakulam (08),60-64,149443,73548,75895,48277,23915,24362,101166,49633,51533
6360,C4114,32,595,District - Ernakulam (08),65-69,103428,48357,55071,34930,16317,18613,68498,32040,36458
6361,C4114,32,595,District - Ernakulam (08),70-74,79552,35457,44095,27797,12421,15376,51755,23036,28719
6362,C4114,32,595,District - Ernakulam (08),75-79,55915,23493,32422,20752,8903,11849,35163,14590,20573
6363,C4114,32,595,District - Ernakulam (08),80+,62456,23351,39105,25116,10030,15086,37340,13321,24019
6364,C4114,32,595,District - Ernakulam (08),Age not stated,2690,1249,1441,734,319,415,1956,930,1026
6365,C4114,32,596,District - Idukki  (09),All ages,1108974,552808,556166,1056929,527245,529684,52045,25563,26482
6366,C4114,32,596,District - Idukki  (09),0-4,73798,37443,36355,70184,35626,34558,3614,1817,1797
6367,C4114,32,596,District - Idukki  (09),5-9,81682,41740,39942,77667,39677,37990,4015,2063,1952
6368,C4114,32,596,District - Idukki  (09),10-14,91858,46763,45095,87544,44584,42960,4314,2179,2135
6369,C4114,32,596,District - Idukki  (09),15-19,79704,40943,38761,75829,38990,36839,3875,1953,1922
6370,C4114,32,596,District - Idukki  (09),20-24,81667,41758,39909,77806,39782,38024,3861,1976,1885
6371,C4114,32,596,District - Idukki  (09),25-29,85747,43333,42414,82003,41514,40489,3744,1819,1925
6372,C4114,32,596,District - Idukki  (09),30-34,83361,41198,42163,79769,39545,40224,3592,1653,1939
6373,C4114,32,596,District - Idukki  (09),35-39,94420,45273,49147,90169,43257,46912,4251,2016,2235
6374,C4114,32,596,District - Idukki  (09),40-44,88118,43562,44556,84155,41627,42528,3963,1935,2028
6375,C4114,32,596,District - Idukki  (09),45-49,86264,42405,43859,82413,40467,41946,3851,1938,1913
6376,C4114,32,596,District - Idukki  (09),50-54,72116,36153,35963,68821,34555,34266,3295,1598,1697
6377,C4114,32,596,District - Idukki  (09),55-59,60796,31521,29275,57849,30006,27843,2947,1515,1432
6378,C4114,32,596,District - Idukki  (09),60-64,42600,21778,20822,40426,20693,19733,2174,1085,1089
6379,C4114,32,596,District - Idukki  (09),65-69,30790,14248,16542,29261,13527,15734,1529,721,808
6380,C4114,32,596,District - Idukki  (09),70-74,22129,10163,11966,20955,9623,11332,1174,540,634
6381,C4114,32,596,District - Idukki  (09),75-79,15168,6518,8650,14347,6189,8158,821,329,492
6382,C4114,32,596,District - Idukki  (09),80+,17872,7510,10362,16911,7115,9796,961,395,566
6383,C4114,32,596,District - Idukki  (09),Age not stated,884,499,385,820,468,352,64,31,33
6384,C4114,32,597,District - Kottayam (10),All ages,1974551,968289,1006262,1409158,692673,716485,565393,275616,289777
6385,C4114,32,597,District - Kottayam (10),0-4,120699,61477,59222,86634,44208,42426,34065,17269,16796
6386,C4114,32,597,District - Kottayam (10),5-9,137235,69895,67340,97866,49733,48133,39369,20162,19207
6387,C4114,32,597,District - Kottayam (10),10-14,155915,79113,76802,110645,56121,54524,45270,22992,22278
6388,C4114,32,597,District - Kottayam (10),15-19,138696,72099,66597,96909,50522,46387,41787,21577,20210
6389,C4114,32,597,District - Kottayam (10),20-24,129329,68170,61159,90309,47903,42406,39020,20267,18753
6390,C4114,32,597,District - Kottayam (10),25-29,129779,63724,66055,92322,45383,46939,37457,18341,19116
6391,C4114,32,597,District - Kottayam (10),30-34,132945,63546,69399,95685,46113,49572,37260,17433,19827
6392,C4114,32,597,District - Kottayam (10),35-39,152837,71558,81279,109779,51617,58162,43058,19941,23117
6393,C4114,32,597,District - Kottayam (10),40-44,156328,75162,81166,111916,54106,57810,44412,21056,23356
6394,C4114,32,597,District - Kottayam (10),45-49,154192,74632,79560,110776,53629,57147,43416,21003,22413
6395,C4114,32,597,District - Kottayam (10),50-54,132330,65223,67107,94819,46814,48005,37511,18409,19102
6396,C4114,32,597,District - Kottayam (10),55-59,120629,60260,60369,86563,43249,43314,34066,17011,17055
6397,C4114,32,597,District - Kottayam (10),60-64,97534,47795,49739,69435,34139,35296,28099,13656,14443
6398,C4114,32,597,District - Kottayam (10),65-69,70803,33301,37502,50343,23889,26454,20460,9412,11048
6399,C4114,32,597,District - Kottayam (10),70-74,54951,25011,29940,39287,17879,21408,15664,7132,8532
6400,C4114,32,597,District - Kottayam (10),75-79,40020,17062,22958,28857,12321,16536,11163,4741,6422
6401,C4114,32,597,District - Kottayam (10),80+,48781,19500,29281,35992,14536,21456,12789,4964,7825
6402,C4114,32,597,District - Kottayam (10),Age not stated,1548,761,787,1021,511,510,527,250,277
6403,C4114,32,598,District - Alappuzha (11),All ages,2127789,1013142,1114647,979643,464713,514930,1148146,548429,599717
6404,C4114,32,598,District - Alappuzha (11),0-4,134233,68661,65572,62362,31884,30478,71871,36777,35094
6405,C4114,32,598,District - Alappuzha (11),5-9,146499,75050,71449,67733,34523,33210,78766,40527,38239
6406,C4114,32,598,District - Alappuzha (11),10-14,165547,84279,81268,75794,38585,37209,89753,45694,44059
6407,C4114,32,598,District - Alappuzha (11),15-19,147508,75552,71956,67440,34562,32878,80068,40990,39078
6408,C4114,32,598,District - Alappuzha (11),20-24,146758,72479,74279,66024,32797,33227,80734,39682,41052
6409,C4114,32,598,District - Alappuzha (11),25-29,150967,69517,81450,68401,30811,37590,82566,38706,43860
6410,C4114,32,598,District - Alappuzha (11),30-34,153465,70438,83027,70407,32173,38234,83058,38265,44793
6411,C4114,32,598,District - Alappuzha (11),35-39,168866,75029,93837,76655,33788,42867,92211,41241,50970
6412,C4114,32,598,District - Alappuzha (11),40-44,163706,74902,88804,74248,33787,40461,89458,41115,48343
6413,C4114,32,598,District - Alappuzha (11),45-49,162485,75544,86941,74469,34478,39991,88016,41066,46950
6414,C4114,32,598,District - Alappuzha (11),50-54,134926,63861,71065,61638,28953,32685,73288,34908,38380
6415,C4114,32,598,District - Alappuzha (11),55-59,128419,62876,65543,59360,28900,30460,69059,33976,35083
6416,C4114,32,598,District - Alappuzha (11),60-64,107060,51767,55293,50245,24201,26044,56815,27566,29249
6417,C4114,32,598,District - Alappuzha (11),65-69,73923,34042,39881,35201,16358,18843,38722,17684,21038
6418,C4114,32,598,District - Alappuzha (11),70-74,56333,24960,31373,26762,11943,14819,29571,13017,16554
6419,C4114,32,598,District - Alappuzha (11),75-79,39785,16557,23228,19352,8092,11260,20433,8465,11968
6420,C4114,32,598,District - Alappuzha (11),80+,45145,16581,28564,22317,8290,14027,22828,8291,14537
6421,C4114,32,598,District - Alappuzha (11),Age not stated,2164,1047,1117,1235,588,647,929,459,470
6422,C4114,32,599,District - Pathanamthitta (12),All ages,1197412,561716,635696,1065799,499820,565979,131613,61896,69717
6423,C4114,32,599,District - Pathanamthitta (12),0-4,67294,34022,33272,59936,30302,29634,7358,3720,3638
6424,C4114,32,599,District - Pathanamthitta (12),5-9,76061,38863,37198,67542,34479,33063,8519,4384,4135
6425,C4114,32,599,District - Pathanamthitta (12),10-14,89315,45295,44020,79409,40300,39109,9906,4995,4911
6426,C4114,32,599,District - Pathanamthitta (12),15-19,84509,43388,41121,75162,38609,36553,9347,4779,4568
6427,C4114,32,599,District - Pathanamthitta (12),20-24,82770,41860,40910,73313,37182,36131,9457,4678,4779
6428,C4114,32,599,District - Pathanamthitta (12),25-29,79258,36071,43187,70534,32092,38442,8724,3979,4745
6429,C4114,32,599,District - Pathanamthitta (12),30-34,78280,34401,43879,69511,30511,39000,8769,3890,4879
6430,C4114,32,599,District - Pathanamthitta (12),35-39,87475,37466,50009,77761,33280,44481,9714,4186,5528
6431,C4114,32,599,District - Pathanamthitta (12),40-44,88083,38251,49832,78534,33971,44563,9549,4280,5269
6432,C4114,32,599,District - Pathanamthitta (12),45-49,92323,41026,51297,82568,36622,45946,9755,4404,5351
6433,C4114,32,599,District - Pathanamthitta (12),50-54,79426,36511,42915,70874,32577,38297,8552,3934,4618
6434,C4114,32,599,District - Pathanamthitta (12),55-59,78078,37255,40823,69688,33238,36450,8390,4017,4373
6435,C4114,32,599,District - Pathanamthitta (12),60-64,64733,31189,33544,57689,27841,29848,7044,3348,3696
6436,C4114,32,599,District - Pathanamthitta (12),65-69,48508,22448,26060,43148,19972,23176,5360,2476,2884
6437,C4114,32,599,District - Pathanamthitta (12),70-74,37326,17014,20312,33081,15038,18043,4245,1976,2269
6438,C4114,32,599,District - Pathanamthitta (12),75-79,28439,12294,16145,25320,10994,14326,3119,1300,1819
6439,C4114,32,599,District - Pathanamthitta (12),80+,34377,13761,20616,30726,12300,18426,3651,1461,2190
6440,C4114,32,599,District - Pathanamthitta (12),Age not stated,1157,601,556,1003,512,491,154,89,65
6441,C4114,32,600,District - Kollam (13),All ages,2635375,1246968,1388407,1448217,680687,767530,1187158,566281,620877
6442,C4114,32,600,District - Kollam (13),0-4,178550,90349,88201,96631,48885,47746,81919,41464,40455
6443,C4114,32,600,District - Kollam (13),5-9,192036,97758,94278,103987,52859,51128,88049,44899,43150
6444,C4114,32,600,District - Kollam (13),10-14,212437,108388,104049,116022,59014,57008,96415,49374,47041
6445,C4114,32,600,District - Kollam (13),15-19,194497,98395,96102,105616,53387,52229,88881,45008,43873
6446,C4114,32,600,District - Kollam (13),20-24,199854,95208,104646,107485,51140,56345,92369,44068,48301
6447,C4114,32,600,District - Kollam (13),25-29,199985,89590,110395,107535,47774,59761,92450,41816,50634
6448,C4114,32,600,District - Kollam (13),30-34,195866,88041,107825,105385,46897,58488,90481,41144,49337
6449,C4114,32,600,District - Kollam (13),35-39,210925,93671,117254,114328,50125,64203,96597,43546,53051
6450,C4114,32,600,District - Kollam (13),40-44,194318,87448,106870,106818,47316,59502,87500,40132,47368
6451,C4114,32,600,District - Kollam (13),45-49,194136,89847,104289,108666,49841,58825,85470,40006,45464
6452,C4114,32,600,District - Kollam (13),50-54,159033,75188,83845,88917,41693,47224,70116,33495,36621
6453,C4114,32,600,District - Kollam (13),55-59,151920,74390,77530,85327,41420,43907,66593,32970,33623
6454,C4114,32,600,District - Kollam (13),60-64,117038,56968,60070,65555,31806,33749,51483,25162,26321
6455,C4114,32,600,District - Kollam (13),65-69,85527,39780,45747,48926,22496,26430,36601,17284,19317
6456,C4114,32,600,District - Kollam (13),70-74,61775,27341,34434,35428,15633,19795,26347,11708,14639
6457,C4114,32,600,District - Kollam (13),75-79,40849,17021,23828,23841,9897,13944,17008,7124,9884
6458,C4114,32,600,District - Kollam (13),80+,44823,16696,28127,26752,10029,16723,18071,6667,11404
6459,C4114,32,600,District - Kollam (13),Age not stated,1806,889,917,998,475,523,808,414,394
6460,C4114,32,601,District - Thiruvananthapuram (14),All ages,3301427,1581678,1719749,1529831,724864,804967,1771596,856814,914782
6461,C4114,32,601,District - Thiruvananthapuram (14),0-4,216891,110287,106604,104506,53157,51349,112385,57130,55255
6462,C4114,32,601,District - Thiruvananthapuram (14),5-9,227143,115487,111656,109555,55690,53865,117588,59797,57791
6463,C4114,32,601,District - Thiruvananthapuram (14),10-14,263246,134006,129240,127187,64370,62817,136059,69636,66423
6464,C4114,32,601,District - Thiruvananthapuram (14),15-19,255313,128688,126625,121351,60884,60467,133962,67804,66158
6465,C4114,32,601,District - Thiruvananthapuram (14),20-24,266969,128374,138595,123993,58514,65479,142976,69860,73116
6466,C4114,32,601,District - Thiruvananthapuram (14),25-29,258879,120193,138686,120323,55294,65029,138556,64899,73657
6467,C4114,32,601,District - Thiruvananthapuram (14),30-34,245395,114711,130684,113821,52830,60991,131574,61881,69693
6468,C4114,32,601,District - Thiruvananthapuram (14),35-39,257169,117565,139604,116874,52323,64551,140295,65242,75053
6469,C4114,32,601,District - Thiruvananthapuram (14),40-44,241071,110566,130505,108499,48311,60188,132572,62255,70317
6470,C4114,32,601,District - Thiruvananthapuram (14),45-49,245603,114946,130657,112551,51799,60752,133052,63147,69905
6471,C4114,32,601,District - Thiruvananthapuram (14),50-54,202305,96880,105425,91642,43366,48276,110663,53514,57149
6472,C4114,32,601,District - Thiruvananthapuram (14),55-59,188288,92084,96204,84933,41272,43661,103355,50812,52543
6473,C4114,32,601,District - Thiruvananthapuram (14),60-64,147631,70801,76830,65489,30983,34506,82142,39818,42324
6474,C4114,32,601,District - Thiruvananthapuram (14),65-69,108793,51008,57785,49478,22679,26799,59315,28329,30986
6475,C4114,32,601,District - Thiruvananthapuram (14),70-74,74670,34347,40323,33022,14779,18243,41648,19568,22080
6476,C4114,32,601,District - Thiruvananthapuram (14),75-79,48531,20882,27649,21768,9052,12716,26763,11830,14933
6477,C4114,32,601,District - Thiruvananthapuram (14),80+,49806,19029,30777,23078,8679,14399,26728,10350,16378
6478,C4114,32,601,District - Thiruvananthapuram (14),Age not stated,3724,1824,1900,1761,882,879,1963,942,1021
6479,C4114,31,0,State - LAKSHADWEEP (31),All ages,64473,33123,31350,14141,7243,6898,50332,25880,24452
6480,C4114,31,0,State - LAKSHADWEEP (31),0-4,5052,2648,2404,1235,630,605,3817,2018,1799
6481,C4114,31,0,State - LAKSHADWEEP (31),5-9,5407,2760,2647,1384,728,656,4023,2032,1991
6482,C4114,31,0,State - LAKSHADWEEP (31),10-14,5998,2854,3144,1389,612,777,4609,2242,2367
6483,C4114,31,0,State - LAKSHADWEEP (31),15-19,5624,2808,2816,1147,525,622,4477,2283,2194
6484,C4114,31,0,State - LAKSHADWEEP (31),20-24,5829,3071,2758,1280,680,600,4549,2391,2158
6485,C4114,31,0,State - LAKSHADWEEP (31),25-29,5967,3135,2832,1305,682,623,4662,2453,2209
6486,C4114,31,0,State - LAKSHADWEEP (31),30-34,5437,2777,2660,1235,642,593,4202,2135,2067
6487,C4114,31,0,State - LAKSHADWEEP (31),35-39,5389,2756,2633,1116,590,526,4273,2166,2107
6488,C4114,31,0,State - LAKSHADWEEP (31),40-44,4608,2453,2155,916,478,438,3692,1975,1717
6489,C4114,31,0,State - LAKSHADWEEP (31),45-49,3810,1975,1835,762,405,357,3048,1570,1478
6490,C4114,31,0,State - LAKSHADWEEP (31),50-54,3066,1625,1441,669,368,301,2397,1257,1140
6491,C4114,31,0,State - LAKSHADWEEP (31),55-59,2901,1513,1388,577,298,279,2324,1215,1109
6492,C4114,31,0,State - LAKSHADWEEP (31),60-64,2034,1046,988,425,227,198,1609,819,790
6493,C4114,31,0,State - LAKSHADWEEP (31),65-69,1413,753,660,319,175,144,1094,578,516
6494,C4114,31,0,State - LAKSHADWEEP (31),70-74,849,410,439,170,75,95,679,335,344
6495,C4114,31,0,State - LAKSHADWEEP (31),75-79,493,244,249,95,53,42,398,191,207
6496,C4114,31,0,State - LAKSHADWEEP (31),80+,481,221,260,90,55,35,391,166,225
6497,C4114,31,0,State - LAKSHADWEEP (31),Age not stated,115,74,41,27,20,7,88,54,34
6498,C4114,31,587,District - Lakshadweep (01),All ages,64473,33123,31350,14141,7243,6898,50332,25880,24452
6499,C4114,31,587,District - Lakshadweep (01),0-4,5052,2648,2404,1235,630,605,3817,2018,1799
6500,C4114,31,587,District - Lakshadweep (01),5-9,5407,2760,2647,1384,728,656,4023,2032,1991
6501,C4114,31,587,District - Lakshadweep (01),10-14,5998,2854,3144,1389,612,777,4609,2242,2367
6502,C4114,31,587,District - Lakshadweep (01),15-19,5624,2808,2816,1147,525,622,4477,2283,2194
6503,C4114,31,587,District - Lakshadweep (01),20-24,5829,3071,2758,1280,680,600,4549,2391,2158
6504,C4114,31,587,District - Lakshadweep (01),25-29,5967,3135,2832,1305,682,623,4662,2453,2209
6505,C4114,31,587,District - Lakshadweep (01),30-34,5437,2777,2660,1235,642,593,4202,2135,2067
6506,C4114,31,587,District - Lakshadweep (01),35-39,5389,2756,2633,1116,590,526,4273,2166,2107
6507,C4114,31,587,District - Lakshadweep (01),40-44,4608,2453,2155,916,478,438,3692,1975,1717
6508,C4114,31,587,District - Lakshadweep (01),45-49,3810,1975,1835,762,405,357,3048,1570,1478
6509,C4114,31,587,District - Lakshadweep (01),50-54,3066,1625,1441,669,368,301,2397,1257,1140
6510,C4114,31,587,District - Lakshadweep (01),55-59,2901,1513,1388,577,298,279,2324,1215,1109
6511,C4114,31,587,District - Lakshadweep (01),60-64,2034,1046,988,425,227,198,1609,819,790
6512,C4114,31,587,District - Lakshadweep (01),65-69,1413,753,660,319,175,144,1094,578,516
6513,C4114,31,587,District - Lakshadweep (01),70-74,849,410,439,170,75,95,679,335,344
6514,C4114,31,587,District - Lakshadweep (01),75-79,493,244,249,95,53,42,398,191,207
6515,C4114,31,587,District - Lakshadweep (01),80+,481,221,260,90,55,35,391,166,225
6516,C4114,31,587,District - Lakshadweep (01),Age not stated,115,74,41,27,20,7,88,54,34
6517,C4114,27,0,State - MAHARASHTRA (27),All ages,112374333,58243056,54131277,61556074,31539034,30017040,50818259,26704022,24114237
6518,C4114,27,0,State - MAHARASHTRA (27),0-4,9362026,4939629,4422397,5417809,2868371,2549438,3944217,2071258,1872959
6519,C4114,27,0,State - MAHARASHTRA (27),5-9,9820654,5178177,4642477,5650613,2971867,2678746,4170041,2206310,1963731
6520,C4114,27,0,State - MAHARASHTRA (27),10-14,10734535,5662261,5072274,6256057,3288156,2967901,4478478,2374105,2104373
6521,C4114,27,0,State - MAHARASHTRA (27),15-19,10627267,5710400,4916867,5979665,3209224,2770441,4647602,2501176,2146426
6522,C4114,27,0,State - MAHARASHTRA (27),20-24,11090966,5845114,5245852,5764844,3018199,2746645,5326122,2826915,2499207
6523,C4114,27,0,State - MAHARASHTRA (27),25-29,10147113,5272560,4874553,5025278,2589352,2435926,5121835,2683208,2438627
6524,C4114,27,0,State - MAHARASHTRA (27),30-34,8796307,4536297,4260010,4395201,2218757,2176444,4401106,2317540,2083566
6525,C4114,27,0,State - MAHARASHTRA (27),35-39,8247160,4209434,4037726,4223357,2111275,2112082,4023803,2098159,1925644
6526,C4114,27,0,State - MAHARASHTRA (27),40-44,7196089,3744825,3451264,3763589,1924940,1838649,3432500,1819885,1612615
6527,C4114,27,0,State - MAHARASHTRA (27),45-49,6032454,3116218,2916236,3167108,1607153,1559955,2865346,1509065,1356281
6528,C4114,27,0,State - MAHARASHTRA (27),50-54,4919317,2580991,2338326,2619829,1344947,1274882,2299488,1236044,1063444
6529,C4114,27,0,State - MAHARASHTRA (27),55-59,3885814,1974129,1911685,2117255,1038978,1078277,1768559,935151,833408
6530,C4114,27,0,State - MAHARASHTRA (27),60-64,3642480,1716639,1925841,2155343,970755,1184588,1487137,745884,741253
6531,C4114,27,0,State - MAHARASHTRA (27),65-69,3078352,1440238,1638114,2008912,920144,1088768,1069440,520094,549346
6532,C4114,27,0,State - MAHARASHTRA (27),70-74,2143136,1039292,1103844,1411217,684770,726447,731919,354522,377397
6533,C4114,27,0,State - MAHARASHTRA (27),75-79,1062773,515431,547342,664727,324175,340552,398046,191256,206790
6534,C4114,27,0,State - MAHARASHTRA (27),80+,1180194,542109,638085,729341,339248,390093,450853,202861,247992
6535,C4114,27,0,State - MAHARASHTRA (27),Age not stated,407696,219312,188384,205929,108723,97206,201767,110589,91178
6536,C4114,27,497,District - Nandurbar (01),All ages,1648295,833170,815125,1372821,687671,685150,275474,145499,129975
6537,C4114,27,497,District - Nandurbar (01),0-4,166149,85224,80925,143556,73370,70186,22593,11854,10739
6538,C4114,27,497,District - Nandurbar (01),5-9,189986,98194,91792,163846,84016,79830,26140,14178,11962
6539,C4114,27,497,District - Nandurbar (01),10-14,202371,106324,96047,169724,87280,82444,32647,19044,13603
6540,C4114,27,497,District - Nandurbar (01),15-19,176737,91697,85040,143816,73032,70784,32921,18665,14256
6541,C4114,27,497,District - Nandurbar (01),20-24,150545,74923,75622,122491,59942,62549,28054,14981,13073
6542,C4114,27,497,District - Nandurbar (01),25-29,125564,63025,62539,102623,51639,50984,22941,11386,11555
6543,C4114,27,497,District - Nandurbar (01),30-34,110628,54138,56490,90343,44102,46241,20285,10036,10249
6544,C4114,27,497,District - Nandurbar (01),35-39,105214,52155,53059,85798,42498,43300,19416,9657,9759
6545,C4114,27,497,District - Nandurbar (01),40-44,94260,47461,46799,77415,38625,38790,16845,8836,8009
6546,C4114,27,497,District - Nandurbar (01),45-49,80317,41095,39222,66548,33795,32753,13769,7300,6469
6547,C4114,27,497,District - Nandurbar (01),50-54,63195,32325,30870,52570,26705,25865,10625,5620,5005
6548,C4114,27,497,District - Nandurbar (01),55-59,49683,25204,24479,41460,20905,20555,8223,4299,3924
6549,C4114,27,497,District - Nandurbar (01),60-64,43115,19909,23206,36434,16766,19668,6681,3143,3538
6550,C4114,27,497,District - Nandurbar (01),65-69,38805,17696,21109,32829,15032,17797,5976,2664,3312
6551,C4114,27,497,District - Nandurbar (01),70-74,24330,11103,13227,20471,9341,11130,3859,1762,2097
6552,C4114,27,497,District - Nandurbar (01),75-79,11515,5250,6265,9404,4260,5144,2111,990,1121
6553,C4114,27,497,District - Nandurbar (01),80+,10891,4858,6033,8776,3948,4828,2115,910,1205
6554,C4114,27,497,District - Nandurbar (01),Age not stated,4990,2589,2401,4717,2415,2302,273,174,99
6555,C4114,27,498,District - Dhule (02),All ages,2050862,1054031,996831,1479826,758916,720910,571036,295115,275921
6556,C4114,27,498,District - Dhule (02),0-4,190484,100284,90200,143691,75402,68289,46793,24882,21911
6557,C4114,27,498,District - Dhule (02),5-9,209890,110899,98991,158214,83081,75133,51676,27818,23858
6558,C4114,27,498,District - Dhule (02),10-14,218028,116595,101433,160465,85319,75146,57563,31276,26287
6559,C4114,27,498,District - Dhule (02),15-19,196808,105508,91300,138904,75188,63716,57904,30320,27584
6560,C4114,27,498,District - Dhule (02),20-24,186115,96888,89227,129797,68249,61548,56318,28639,27679
6561,C4114,27,498,District - Dhule (02),25-29,166244,84645,81599,116740,59679,57061,49504,24966,24538
6562,C4114,27,498,District - Dhule (02),30-34,147777,74182,73595,104484,52307,52177,43293,21875,21418
6563,C4114,27,498,District - Dhule (02),35-39,138763,69413,69350,97763,49052,48711,41000,20361,20639
6564,C4114,27,498,District - Dhule (02),40-44,122183,62622,59561,85595,43692,41903,36588,18930,17658
6565,C4114,27,498,District - Dhule (02),45-49,105185,53924,51261,74304,37657,36647,30881,16267,14614
6566,C4114,27,498,District - Dhule (02),50-54,85263,44223,41040,60670,31118,29552,24593,13105,11488
6567,C4114,27,498,District - Dhule (02),55-59,69743,35437,34306,49975,25139,24836,19768,10298,9470
6568,C4114,27,498,District - Dhule (02),60-64,61840,28220,33620,46021,20504,25517,15819,7716,8103
6569,C4114,27,498,District - Dhule (02),65-69,57926,26010,31916,44156,19622,24534,13770,6388,7382
6570,C4114,27,498,District - Dhule (02),70-74,38443,17726,20717,29279,13423,15856,9164,4303,4861
6571,C4114,27,498,District - Dhule (02),75-79,18532,8876,9656,13907,6705,7202,4625,2171,2454
6572,C4114,27,498,District - Dhule (02),80+,19000,8710,10290,13589,6359,7230,5411,2351,3060
6573,C4114,27,498,District - Dhule (02),Age not stated,18638,9869,8769,12272,6420,5852,6366,3449,2917
6574,C4114,27,499,District - Jalgaon (03),All ages,4229917,2197365,2032552,2887206,1500514,1386692,1342711,696851,645860
6575,C4114,27,499,District - Jalgaon (03),0-4,373060,202513,170547,264338,143557,120781,108722,58956,49766
6576,C4114,27,499,District - Jalgaon (03),5-9,393448,213319,180129,275058,148862,126196,118390,64457,53933
6577,C4114,27,499,District - Jalgaon (03),10-14,422723,227537,195186,296104,159411,136693,126619,68126,58493
6578,C4114,27,499,District - Jalgaon (03),15-19,408596,221597,186999,279904,153891,126013,128692,67706,60986
6579,C4114,27,499,District - Jalgaon (03),20-24,400533,213114,187419,268951,145693,123258,131582,67421,64161
6580,C4114,27,499,District - Jalgaon (03),25-29,354311,182723,171588,235329,122679,112650,118982,60044,58938
6581,C4114,27,499,District - Jalgaon (03),30-34,308670,156334,152336,205305,104226,101079,103365,52108,51257
6582,C4114,27,499,District - Jalgaon (03),35-39,291720,146754,144966,193388,97194,96194,98332,49560,48772
6583,C4114,27,499,District - Jalgaon (03),40-44,258119,132918,125201,171348,87858,83490,86771,45060,41711
6584,C4114,27,499,District - Jalgaon (03),45-49,221728,114120,107608,147387,75204,72183,74341,38916,35425
6585,C4114,27,499,District - Jalgaon (03),50-54,181452,96070,85382,121175,63496,57679,60277,32574,27703
6586,C4114,27,499,District - Jalgaon (03),55-59,144425,74477,69948,96121,48853,47268,48304,25624,22680
6587,C4114,27,499,District - Jalgaon (03),60-64,130116,58717,71399,90505,39666,50839,39611,19051,20560
6588,C4114,27,499,District - Jalgaon (03),65-69,131540,57534,74006,96450,41404,55046,35090,16130,18960
6589,C4114,27,499,District - Jalgaon (03),70-74,88256,40867,47389,64853,29711,35142,23403,11156,12247
6590,C4114,27,499,District - Jalgaon (03),75-79,43650,20819,22831,30926,14656,16270,12724,6163,6561
6591,C4114,27,499,District - Jalgaon (03),80+,44090,19842,24248,29791,13376,16415,14299,6466,7833
6592,C4114,27,499,District - Jalgaon (03),Age not stated,33480,18110,15370,20273,10777,9496,13207,7333,5874
6593,C4114,27,500,District - Buldana (04),All ages,2586258,1337560,1248698,2037398,1055242,982156,548860,282318,266542
6594,C4114,27,500,District - Buldana (04),0-4,235732,127259,108473,188865,102154,86711,46867,25105,21762
6595,C4114,27,500,District - Buldana (04),5-9,236522,126626,109896,186542,99683,86859,49980,26943,23037
6596,C4114,27,500,District - Buldana (04),10-14,269529,141754,127775,213673,112147,101526,55856,29607,26249
6597,C4114,27,500,District - Buldana (04),15-19,256362,136680,119682,201499,107821,93678,54863,28859,26004
6598,C4114,27,500,District - Buldana (04),20-24,251706,133914,117792,197590,106149,91441,54116,27765,26351
6599,C4114,27,500,District - Buldana (04),25-29,217606,113830,103776,170015,89793,80222,47591,24037,23554
6600,C4114,27,500,District - Buldana (04),30-34,184992,94081,90911,143691,73589,70102,41301,20492,20809
6601,C4114,27,500,District - Buldana (04),35-39,172160,87078,85082,132490,67187,65303,39670,19891,19779
6602,C4114,27,500,District - Buldana (04),40-44,153693,79094,74599,118751,60838,57913,34942,18256,16686
6603,C4114,27,500,District - Buldana (04),45-49,130995,67755,63240,101783,52455,49328,29212,15300,13912
6604,C4114,27,500,District - Buldana (04),50-54,109057,56476,52581,85535,44021,41514,23522,12455,11067
6605,C4114,27,500,District - Buldana (04),55-59,87329,44020,43309,68826,34425,34401,18503,9595,8908
6606,C4114,27,500,District - Buldana (04),60-64,83927,37690,46237,67796,30202,37594,16131,7488,8643
6607,C4114,27,500,District - Buldana (04),65-69,83078,37932,45146,67943,31104,36839,15135,6828,8307
6608,C4114,27,500,District - Buldana (04),70-74,56054,26318,29736,45703,21538,24165,10351,4780,5571
6609,C4114,27,500,District - Buldana (04),75-79,27730,13212,14518,22499,10751,11748,5231,2461,2770
6610,C4114,27,500,District - Buldana (04),80+,25896,11746,14150,20943,9626,11317,4953,2120,2833
6611,C4114,27,500,District - Buldana (04),Age not stated,3890,2095,1795,3254,1759,1495,636,336,300
6612,C4114,27,501,District - Akola (05),All ages,1813906,932334,881572,1094165,563933,530232,719741,368401,351340
6613,C4114,27,501,District - Akola (05),0-4,149369,77885,71484,91985,47907,44078,57384,29978,27406
6614,C4114,27,501,District - Akola (05),5-9,155614,81185,74429,94244,48895,45349,61370,32290,29080
6615,C4114,27,501,District - Akola (05),10-14,182016,94148,87868,112037,57968,54069,69979,36180,33799
6616,C4114,27,501,District - Akola (05),15-19,181483,94484,86999,109953,57551,52402,71530,36933,34597
6617,C4114,27,501,District - Akola (05),20-24,176234,92678,83556,104997,56076,48921,71237,36602,34635
6618,C4114,27,501,District - Akola (05),25-29,154053,80012,74041,91523,48392,43131,62530,31620,30910
6619,C4114,27,501,District - Akola (05),30-34,135083,68964,66119,79232,40769,38463,55851,28195,27656
6620,C4114,27,501,District - Akola (05),35-39,130317,65949,64368,76016,38818,37198,54301,27131,27170
6621,C4114,27,501,District - Akola (05),40-44,118012,61015,56997,69422,35877,33545,48590,25138,23452
6622,C4114,27,501,District - Akola (05),45-49,99788,51818,47970,58947,30620,28327,40841,21198,19643
6623,C4114,27,501,District - Akola (05),50-54,82063,43451,38612,49300,26058,23242,32763,17393,15370
6624,C4114,27,501,District - Akola (05),55-59,63733,33010,30723,37920,19492,18428,25813,13518,12295
6625,C4114,27,501,District - Akola (05),60-64,59046,27691,31355,36598,16794,19804,22448,10897,11551
6626,C4114,27,501,District - Akola (05),65-69,51065,23847,27218,32899,15171,17728,18166,8676,9490
6627,C4114,27,501,District - Akola (05),70-74,36367,17058,19309,23794,11106,12688,12573,5952,6621
6628,C4114,27,501,District - Akola (05),75-79,18189,8973,9216,11638,5797,5841,6551,3176,3375
6629,C4114,27,501,District - Akola (05),80+,17469,8074,9395,10809,5203,5606,6660,2871,3789
6630,C4114,27,501,District - Akola (05),Age not stated,4005,2092,1913,2851,1439,1412,1154,653,501
6631,C4114,27,502,District - Washim (06),All ages,1197160,620302,576858,985747,511727,474020,211413,108575,102838
6632,C4114,27,502,District - Washim (06),0-4,106874,57559,49315,88443,47743,40700,18431,9816,8615
6633,C4114,27,502,District - Washim (06),5-9,112769,59598,53171,92542,48893,43649,20227,10705,9522
6634,C4114,27,502,District - Washim (06),10-14,131385,69213,62172,108554,57399,51155,22831,11814,11017
6635,C4114,27,502,District - Washim (06),15-19,121259,65274,55985,99468,53978,45490,21791,11296,10495
6636,C4114,27,502,District - Washim (06),20-24,112637,61091,51546,92118,50446,41672,20519,10645,9874
6637,C4114,27,502,District - Washim (06),25-29,97995,50539,47456,80034,41604,38430,17961,8935,9026
6638,C4114,27,502,District - Washim (06),30-34,87440,43739,43701,71142,35653,35489,16298,8086,8212
6639,C4114,27,502,District - Washim (06),35-39,83326,42294,41032,67990,34486,33504,15336,7808,7528
6640,C4114,27,502,District - Washim (06),40-44,73077,38259,34818,59723,31101,28622,13354,7158,6196
6641,C4114,27,502,District - Washim (06),45-49,58582,30732,27850,48223,25094,23129,10359,5638,4721
6642,C4114,27,502,District - Washim (06),50-54,47335,24485,22850,39086,20122,18964,8249,4363,3886
6643,C4114,27,502,District - Washim (06),55-59,37836,18797,19039,31594,15568,16026,6242,3229,3013
6644,C4114,27,502,District - Washim (06),60-64,39369,17542,21827,33077,14623,18454,6292,2919,3373
6645,C4114,27,502,District - Washim (06),65-69,36404,16865,19539,30779,14312,16467,5625,2553,3072
6646,C4114,27,502,District - Washim (06),70-74,24746,11845,12901,21045,10132,10913,3701,1713,1988
6647,C4114,27,502,District - Washim (06),75-79,11694,5607,6087,9859,4727,5132,1835,880,955
6648,C4114,27,502,District - Washim (06),80+,12801,5945,6856,10636,5040,5596,2165,905,1260
6649,C4114,27,502,District - Washim (06),Age not stated,1631,918,713,1434,806,628,197,112,85
6650,C4114,27,503,District - Amravati (07),All ages,2888445,1480768,1407677,1851158,950633,900525,1037287,530135,507152
6651,C4114,27,503,District - Amravati (07),0-4,220109,113558,106551,145671,74804,70867,74438,38754,35684
6652,C4114,27,503,District - Amravati (07),5-9,232774,120600,112174,151716,78321,73395,81058,42279,38779
6653,C4114,27,503,District - Amravati (07),10-14,284577,146177,138400,188147,96366,91781,96430,49811,46619
6654,C4114,27,503,District - Amravati (07),15-19,286150,147524,138626,185783,95883,89900,100367,51641,48726
6655,C4114,27,503,District - Amravati (07),20-24,278265,144101,134164,176132,92027,84105,102133,52074,50059
6656,C4114,27,503,District - Amravati (07),25-29,238715,122465,116250,148265,77429,70836,90450,45036,45414
6657,C4114,27,503,District - Amravati (07),30-34,215896,109602,106294,133346,68406,64940,82550,41196,41354
6658,C4114,27,503,District - Amravati (07),35-39,210353,105645,104708,129963,65548,64415,80390,40097,40293
6659,C4114,27,503,District - Amravati (07),40-44,194877,101236,93641,121298,63228,58070,73579,38008,35571
6660,C4114,27,503,District - Amravati (07),45-49,162423,85527,76896,101043,53163,47880,61380,32364,29016
6661,C4114,27,503,District - Amravati (07),50-54,131812,70906,60906,82848,44451,38397,48964,26455,22509
6662,C4114,27,503,District - Amravati (07),55-59,100309,52215,48094,63041,32808,30233,37268,19407,17861
6663,C4114,27,503,District - Amravati (07),60-64,97712,46266,51446,63564,29534,34030,34148,16732,17416
6664,C4114,27,503,District - Amravati (07),65-69,90736,42440,48296,61662,28449,33213,29074,13991,15083
6665,C4114,27,503,District - Amravati (07),70-74,66100,32567,33533,46047,22625,23422,20053,9942,10111
6666,C4114,27,503,District - Amravati (07),75-79,34004,17756,16248,23230,12354,10876,10774,5402,5372
6667,C4114,27,503,District - Amravati (07),80+,32592,16337,16255,21559,11102,10457,11033,5235,5798
6668,C4114,27,503,District - Amravati (07),Age not stated,11041,5846,5195,7843,4135,3708,3198,1711,1487
6669,C4114,27,504,District - Wardha (08),All ages,1300774,668385,632389,877474,451874,425600,423300,216511,206789
6670,C4114,27,504,District - Wardha (08),0-4,91014,47503,43511,62607,32577,30030,28407,14926,13481
6671,C4114,27,504,District - Wardha (08),5-9,96159,49942,46217,65204,33666,31538,30955,16276,14679
6672,C4114,27,504,District - Wardha (08),10-14,115620,60061,55559,79525,41119,38406,36095,18942,17153
6673,C4114,27,504,District - Wardha (08),15-19,119648,62049,57599,81770,42466,39304,37878,19583,18295
6674,C4114,27,504,District - Wardha (08),20-24,123796,63617,60179,82583,43314,39269,41213,20303,20910
6675,C4114,27,504,District - Wardha (08),25-29,113303,58514,54789,74232,38941,35291,39071,19573,19498
6676,C4114,27,504,District - Wardha (08),30-34,101012,51600,49412,65645,33758,31887,35367,17842,17525
6677,C4114,27,504,District - Wardha (08),35-39,100392,50702,49690,65611,33358,32253,34781,17344,17437
6678,C4114,27,504,District - Wardha (08),40-44,91037,47246,43791,59373,30889,28484,31664,16357,15307
6679,C4114,27,504,District - Wardha (08),45-49,77786,40644,37142,51062,26531,24531,26724,14113,12611
6680,C4114,27,504,District - Wardha (08),50-54,63557,34387,29170,42185,22887,19298,21372,11500,9872
6681,C4114,27,504,District - Wardha (08),55-59,48368,25280,23088,32398,16675,15723,15970,8605,7365
6682,C4114,27,504,District - Wardha (08),60-64,47296,22115,25181,33351,15224,18127,13945,6891,7054
6683,C4114,27,504,District - Wardha (08),65-69,45420,21087,24333,33217,15317,17900,12203,5770,6433
6684,C4114,27,504,District - Wardha (08),70-74,33453,16689,16764,24938,12588,12350,8515,4101,4414
6685,C4114,27,504,District - Wardha (08),75-79,16572,8702,7870,12014,6433,5581,4558,2269,2289
6686,C4114,27,504,District - Wardha (08),80+,15441,7744,7697,11054,5748,5306,4387,1996,2391
6687,C4114,27,504,District - Wardha (08),Age not stated,900,503,397,705,383,322,195,120,75
6688,C4114,27,505,District - Nagpur (09),All ages,4653570,2384975,2268595,1474811,758357,716454,3178759,1626618,1552141
6689,C4114,27,505,District - Nagpur (09),0-4,351055,181620,169435,117655,60468,57187,233400,121152,112248
6690,C4114,27,505,District - Nagpur (09),5-9,362683,188590,174093,117201,60362,56839,245482,128228,117254
6691,C4114,27,505,District - Nagpur (09),10-14,410276,211457,198819,136067,69339,66728,274209,142118,132091
6692,C4114,27,505,District - Nagpur (09),15-19,428956,222841,206115,142104,73329,68775,286852,149512,137340
6693,C4114,27,505,District - Nagpur (09),20-24,470263,240179,230084,147420,77086,70334,322843,163093,159750
6694,C4114,27,505,District - Nagpur (09),25-29,437587,221869,215718,130802,68194,62608,306785,153675,153110
6695,C4114,27,505,District - Nagpur (09),30-34,391140,201198,189942,115949,61132,54817,275191,140066,135125
6696,C4114,27,505,District - Nagpur (09),35-39,367708,187034,180674,109140,56969,52171,258568,130065,128503
6697,C4114,27,505,District - Nagpur (09),40-44,329244,170724,158520,97555,51205,46350,231689,119519,112170
6698,C4114,27,505,District - Nagpur (09),45-49,273729,142692,131037,80692,42308,38384,193037,100384,92653
6699,C4114,27,505,District - Nagpur (09),50-54,218879,117191,101688,65558,35123,30435,153321,82068,71253
6700,C4114,27,505,District - Nagpur (09),55-59,160852,84229,76623,49132,25100,24032,111720,59129,52591
6701,C4114,27,505,District - Nagpur (09),60-64,148088,71145,76943,50629,22815,27814,97459,48330,49129
6702,C4114,27,505,District - Nagpur (09),65-69,116632,54292,62340,46333,20738,25595,70299,33554,36745
6703,C4114,27,505,District - Nagpur (09),70-74,85106,40643,44463,34594,16863,17731,50512,23780,26732
6704,C4114,27,505,District - Nagpur (09),75-79,43178,21296,21882,15565,7983,7582,27613,13313,14300
6705,C4114,27,505,District - Nagpur (09),80+,45732,21387,24345,15943,8027,7916,29789,13360,16429
6706,C4114,27,505,District - Nagpur (09),Age not stated,12462,6588,5874,2472,1316,1156,9990,5272,4718
6707,C4114,27,506,District - Bhandara (10),All ages,1200334,605520,594814,966503,487484,479019,233831,118036,115795
6708,C4114,27,506,District - Bhandara (10),0-4,89331,45818,43513,73329,37514,35815,16002,8304,7698
6709,C4114,27,506,District - Bhandara (10),5-9,94607,48495,46112,77244,39521,37723,17363,8974,8389
6710,C4114,27,506,District - Bhandara (10),10-14,113835,58120,55715,92538,47152,45386,21297,10968,10329
6711,C4114,27,506,District - Bhandara (10),15-19,113720,58153,55567,91965,46928,45037,21755,11225,10530
6712,C4114,27,506,District - Bhandara (10),20-24,114384,58687,55697,91549,47350,44199,22835,11337,11498
6713,C4114,27,506,District - Bhandara (10),25-29,101101,52388,48713,79871,41761,38110,21230,10627,10603
6714,C4114,27,506,District - Bhandara (10),30-34,90651,46272,44379,71279,36671,34608,19372,9601,9771
6715,C4114,27,506,District - Bhandara (10),35-39,87384,44483,42901,68585,34987,33598,18799,9496,9303
6716,C4114,27,506,District - Bhandara (10),40-44,83234,42412,40822,66122,33627,32495,17112,8785,8327
6717,C4114,27,506,District - Bhandara (10),45-49,71851,36210,35641,57489,28801,28688,14362,7409,6953
6718,C4114,27,506,District - Bhandara (10),50-54,60964,30894,30070,49280,24835,24445,11684,6059,5625
6719,C4114,27,506,District - Bhandara (10),55-59,47730,24472,23258,38469,19623,18846,9261,4849,4412
6720,C4114,27,506,District - Bhandara (10),60-64,42691,19262,23429,35021,15622,19399,7670,3640,4030
6721,C4114,27,506,District - Bhandara (10),65-69,36775,15920,20855,30502,13160,17342,6273,2760,3513
6722,C4114,27,506,District - Bhandara (10),70-74,24531,10930,13601,20489,9113,11376,4042,1817,2225
6723,C4114,27,506,District - Bhandara (10),75-79,10369,4798,5571,8450,3866,4584,1919,932,987
6724,C4114,27,506,District - Bhandara (10),80+,9694,4361,5333,7755,3570,4185,1939,791,1148
6725,C4114,27,506,District - Bhandara (10),Age not stated,7482,3845,3637,6566,3383,3183,916,462,454
6726,C4114,27,507,District - Gondiya (11),All ages,1322507,661554,660953,1096577,547934,548643,225930,113620,112310
6727,C4114,27,507,District - Gondiya (11),0-4,98732,50636,48096,82857,42378,40479,15875,8258,7617
6728,C4114,27,507,District - Gondiya (11),5-9,108725,55270,53455,91206,46283,44923,17519,8987,8532
6729,C4114,27,507,District - Gondiya (11),10-14,131663,67186,64477,110592,56144,54448,21071,11042,10029
6730,C4114,27,507,District - Gondiya (11),15-19,132624,67000,65624,111323,56010,55313,21301,10990,10311
6731,C4114,27,507,District - Gondiya (11),20-24,124979,63322,61657,102960,52345,50615,22019,10977,11042
6732,C4114,27,507,District - Gondiya (11),25-29,107491,54798,52693,87407,45003,42404,20084,9795,10289
6733,C4114,27,507,District - Gondiya (11),30-34,100256,50275,49981,81282,40787,40495,18974,9488,9486
6734,C4114,27,507,District - Gondiya (11),35-39,98952,49922,49030,80636,40748,39888,18316,9174,9142
6735,C4114,27,507,District - Gondiya (11),40-44,92582,46462,46120,75886,37888,37998,16696,8574,8122
6736,C4114,27,507,District - Gondiya (11),45-49,80118,40335,39783,66225,33157,33068,13893,7178,6715
6737,C4114,27,507,District - Gondiya (11),50-54,66047,33112,32935,54872,27474,27398,11175,5638,5537
6738,C4114,27,507,District - Gondiya (11),55-59,52474,26019,26455,43853,21728,22125,8621,4291,4330
6739,C4114,27,507,District - Gondiya (11),60-64,47177,21275,25902,39423,17707,21716,7754,3568,4186
6740,C4114,27,507,District - Gondiya (11),65-69,35045,15590,19455,29846,13181,16665,5199,2409,2790
6741,C4114,27,507,District - Gondiya (11),70-74,23926,10566,13360,20254,8946,11308,3672,1620,2052
6742,C4114,27,507,District - Gondiya (11),75-79,10265,4645,5620,8513,3854,4659,1752,791,961
6743,C4114,27,507,District - Gondiya (11),80+,9177,3934,5243,7482,3251,4231,1695,683,1012
6744,C4114,27,507,District - Gondiya (11),Age not stated,2274,1207,1067,1960,1050,910,314,157,157
6745,C4114,27,508,District - Gadchiroli (12),All ages,1072942,541328,531614,954909,481290,473619,118033,60038,57995
6746,C4114,27,508,District - Gadchiroli (12),0-4,83317,42349,40968,75254,38181,37073,8063,4168,3895
6747,C4114,27,508,District - Gadchiroli (12),5-9,95619,49013,46606,86175,44015,42160,9444,4998,4446
6748,C4114,27,508,District - Gadchiroli (12),10-14,117564,60356,57208,105517,54184,51333,12047,6172,5875
6749,C4114,27,508,District - Gadchiroli (12),15-19,116609,58926,57683,104184,52564,51620,12425,6362,6063
6750,C4114,27,508,District - Gadchiroli (12),20-24,102773,52135,50638,91066,46251,44815,11707,5884,5823
6751,C4114,27,508,District - Gadchiroli (12),25-29,89335,45571,43764,78747,40377,38370,10588,5194,5394
6752,C4114,27,508,District - Gadchiroli (12),30-34,78149,39181,38968,68036,34276,33760,10113,4905,5208
6753,C4114,27,508,District - Gadchiroli (12),35-39,79038,39383,39655,68919,34333,34586,10119,5050,5069
6754,C4114,27,508,District - Gadchiroli (12),40-44,71112,35846,35266,62091,31107,30984,9021,4739,4282
6755,C4114,27,508,District - Gadchiroli (12),45-49,61149,31711,29438,54139,27904,26235,7010,3807,3203
6756,C4114,27,508,District - Gadchiroli (12),50-54,46170,24349,21821,41076,21446,19630,5094,2903,2191
6757,C4114,27,508,District - Gadchiroli (12),55-59,35484,17891,17593,31923,15982,15941,3561,1909,1652
6758,C4114,27,508,District - Gadchiroli (12),60-64,33032,14996,18036,30075,13662,16413,2957,1334,1623
6759,C4114,27,508,District - Gadchiroli (12),65-69,27685,12613,15072,25170,11498,13672,2515,1115,1400
6760,C4114,27,508,District - Gadchiroli (12),70-74,17750,8413,9337,16087,7673,8414,1663,740,923
6761,C4114,27,508,District - Gadchiroli (12),75-79,7672,3610,4062,6903,3274,3629,769,336,433
6762,C4114,27,508,District - Gadchiroli (12),80+,7725,3571,4154,6905,3220,3685,820,351,469
6763,C4114,27,508,District - Gadchiroli (12),Age not stated,2759,1414,1345,2642,1343,1299,117,71,46
6764,C4114,27,509,District - Chandrapur (13),All ages,2204307,1123834,1080473,1428929,726106,702823,775378,397728,377650
6765,C4114,27,509,District - Chandrapur (13),0-4,163426,83659,79767,109675,55830,53845,53751,27829,25922
6766,C4114,27,509,District - Chandrapur (13),5-9,171361,88143,83218,112899,57538,55361,58462,30605,27857
6767,C4114,27,509,District - Chandrapur (13),10-14,204312,105849,98463,134674,69190,65484,69638,36659,32979
6768,C4114,27,509,District - Chandrapur (13),15-19,214043,110091,103952,138749,71145,67604,75294,38946,36348
6769,C4114,27,509,District - Chandrapur (13),20-24,217324,110798,106526,135461,69948,65513,81863,40850,41013
6770,C4114,27,509,District - Chandrapur (13),25-29,193336,98506,94830,120454,61864,58590,72882,36642,36240
6771,C4114,27,509,District - Chandrapur (13),30-34,174343,89689,84654,109075,56371,52704,65268,33318,31950
6772,C4114,27,509,District - Chandrapur (13),35-39,169602,85586,84016,106696,54525,52171,62906,31061,31845
6773,C4114,27,509,District - Chandrapur (13),40-44,154170,78925,75245,96962,49926,47036,57208,28999,28209
6774,C4114,27,509,District - Chandrapur (13),45-49,131775,68633,63142,82337,42540,39797,49438,26093,23345
6775,C4114,27,509,District - Chandrapur (13),50-54,106279,56243,50036,67248,34745,32503,39031,21498,17533
6776,C4114,27,509,District - Chandrapur (13),55-59,80932,42532,38400,52757,26784,25973,28175,15748,12427
6777,C4114,27,509,District - Chandrapur (13),60-64,71955,33742,38213,50120,22568,27552,21835,11174,10661
6778,C4114,27,509,District - Chandrapur (13),65-69,62129,28476,33653,46314,21057,25257,15815,7419,8396
6779,C4114,27,509,District - Chandrapur (13),70-74,43517,20770,22747,32571,15717,16854,10946,5053,5893
6780,C4114,27,509,District - Chandrapur (13),75-79,19383,9425,9958,14090,6997,7093,5293,2428,2865
6781,C4114,27,509,District - Chandrapur (13),80+,19524,9201,10323,13413,6568,6845,6111,2633,3478
6782,C4114,27,509,District - Chandrapur (13),Age not stated,6896,3566,3330,5434,2793,2641,1462,773,689
6783,C4114,27,510,District - Yavatmal (14),All ages,2772348,1419965,1352383,2174195,1115148,1059047,598153,304817,293336
6784,C4114,27,510,District - Yavatmal (14),0-4,233657,121690,111967,188491,97826,90665,45166,23864,21302
6785,C4114,27,510,District - Yavatmal (14),5-9,242508,125952,116556,193063,99843,93220,49445,26109,23336
6786,C4114,27,510,District - Yavatmal (14),10-14,290304,151395,138909,232038,120784,111254,58266,30611,27655
6787,C4114,27,510,District - Yavatmal (14),15-19,283138,149491,133647,225069,119778,105291,58069,29713,28356
6788,C4114,27,510,District - Yavatmal (14),20-24,262712,136946,125766,204881,108145,96736,57831,28801,29030
6789,C4114,27,510,District - Yavatmal (14),25-29,236944,120982,115962,183506,94860,88646,53438,26122,27316
6790,C4114,27,510,District - Yavatmal (14),30-34,209291,106180,103111,160470,82073,78397,48821,24107,24714
6791,C4114,27,510,District - Yavatmal (14),35-39,201109,101438,99671,153144,77459,75685,47965,23979,23986
6792,C4114,27,510,District - Yavatmal (14),40-44,176939,91865,85074,134925,69652,65273,42014,22213,19801
6793,C4114,27,510,District - Yavatmal (14),45-49,145919,75639,70280,111498,57387,54111,34421,18252,16169
6794,C4114,27,510,District - Yavatmal (14),50-54,116296,60550,55746,89791,46416,43375,26505,14134,12371
6795,C4114,27,510,District - Yavatmal (14),55-59,91554,45633,45921,70819,34820,35999,20735,10813,9922
6796,C4114,27,510,District - Yavatmal (14),60-64,91511,41833,49678,73014,32961,40053,18497,8872,9625
6797,C4114,27,510,District - Yavatmal (14),65-69,79160,36944,42216,63704,29749,33955,15456,7195,8261
6798,C4114,27,510,District - Yavatmal (14),70-74,54211,25696,28515,44151,20972,23179,10060,4724,5336
6799,C4114,27,510,District - Yavatmal (14),75-79,25504,12584,12920,20264,10095,10169,5240,2489,2751
6800,C4114,27,510,District - Yavatmal (14),80+,25577,11973,13604,20217,9601,10616,5360,2372,2988
6801,C4114,27,510,District - Yavatmal (14),Age not stated,6014,3174,2840,5150,2727,2423,864,447,417
6802,C4114,27,511,District - Nanded (15),All ages,3361292,1730075,1631217,2447394,1258160,1189234,913898,471915,441983
6803,C4114,27,511,District - Nanded (15),0-4,319401,166989,152412,237626,124000,113626,81775,42989,38786
6804,C4114,27,511,District - Nanded (15),5-9,346205,180466,165739,254011,131821,122190,92194,48645,43549
6805,C4114,27,511,District - Nanded (15),10-14,374776,196087,178689,275026,143665,131361,99750,52422,47328
6806,C4114,27,511,District - Nanded (15),15-19,357044,194660,162384,258696,143316,115380,98348,51344,47004
6807,C4114,27,511,District - Nanded (15),20-24,328772,174477,154295,232966,124982,107984,95806,49495,46311
6808,C4114,27,511,District - Nanded (15),25-29,282116,143647,138469,199572,101757,97815,82544,41890,40654
6809,C4114,27,511,District - Nanded (15),30-34,246228,124549,121679,175955,88808,87147,70273,35741,34532
6810,C4114,27,511,District - Nanded (15),35-39,226936,114981,111955,162044,81532,80512,64892,33449,31443
6811,C4114,27,511,District - Nanded (15),40-44,188971,99649,89322,135823,71165,64658,53148,28484,24664
6812,C4114,27,511,District - Nanded (15),45-49,147000,74987,72013,105212,53118,52094,41788,21869,19919
6813,C4114,27,511,District - Nanded (15),50-54,119105,62755,56350,85451,44765,40686,33654,17990,15664
6814,C4114,27,511,District - Nanded (15),55-59,95496,44478,51018,70140,31387,38753,25356,13091,12265
6815,C4114,27,511,District - Nanded (15),60-64,112858,51318,61540,86793,39146,47647,26065,12172,13893
6816,C4114,27,511,District - Nanded (15),65-69,88424,41972,46452,68878,32831,36047,19546,9141,10405
6817,C4114,27,511,District - Nanded (15),70-74,59996,28748,31248,46596,22341,24255,13400,6407,6993
6818,C4114,27,511,District - Nanded (15),75-79,25258,11393,13865,19585,8833,10752,5673,2560,3113
6819,C4114,27,511,District - Nanded (15),80+,34690,14630,20060,26810,11397,15413,7880,3233,4647
6820,C4114,27,511,District - Nanded (15),Age not stated,8016,4289,3727,6210,3296,2914,1806,993,813
6821,C4114,27,512,District - Hingoli (16),All ages,1177345,606294,571051,998612,514430,484182,178733,91864,86869
6822,C4114,27,512,District - Hingoli (16),0-4,115233,61385,53848,98806,52610,46196,16427,8775,7652
6823,C4114,27,512,District - Hingoli (16),5-9,123031,64321,58710,104199,54456,49743,18832,9865,8967
6824,C4114,27,512,District - Hingoli (16),10-14,131504,68919,62585,110513,57773,52740,20991,11146,9845
6825,C4114,27,512,District - Hingoli (16),15-19,119948,67289,52659,100086,56802,43284,19862,10487,9375
6826,C4114,27,512,District - Hingoli (16),20-24,108312,57728,50584,90710,48613,42097,17602,9115,8487
6827,C4114,27,512,District - Hingoli (16),25-29,94089,47464,46625,79261,39956,39305,14828,7508,7320
6828,C4114,27,512,District - Hingoli (16),30-34,84581,41930,42651,71474,35610,35864,13107,6320,6787
6829,C4114,27,512,District - Hingoli (16),35-39,79687,40010,39677,67208,33643,33565,12479,6367,6112
6830,C4114,27,512,District - Hingoli (16),40-44,65918,34974,30944,55496,29349,26147,10422,5625,4797
6831,C4114,27,512,District - Hingoli (16),45-49,51719,26242,25477,44068,22196,21872,7651,4046,3605
6832,C4114,27,512,District - Hingoli (16),50-54,41702,21491,20211,35557,18216,17341,6145,3275,2870
6833,C4114,27,512,District - Hingoli (16),55-59,35692,16192,19500,30880,13825,17055,4812,2367,2445
6834,C4114,27,512,District - Hingoli (16),60-64,41909,18821,23088,36853,16640,20213,5056,2181,2875
6835,C4114,27,512,District - Hingoli (16),65-69,34990,16618,18372,30562,14576,15986,4428,2042,2386
6836,C4114,27,512,District - Hingoli (16),70-74,23474,11428,12046,20613,10138,10475,2861,1290,1571
6837,C4114,27,512,District - Hingoli (16),75-79,10578,4750,5828,9324,4163,5161,1254,587,667
6838,C4114,27,512,District - Hingoli (16),80+,13483,5956,7527,11833,5253,6580,1650,703,947
6839,C4114,27,512,District - Hingoli (16),Age not stated,1495,776,719,1169,611,558,326,165,161
6840,C4114,27,513,District - Parbhani (17),All ages,1836086,942870,893216,1266280,651886,614394,569806,290984,278822
6841,C4114,27,513,District - Parbhani (17),0-4,179084,95355,83729,125714,67325,58389,53370,28030,25340
6842,C4114,27,513,District - Parbhani (17),5-9,188926,98691,90235,130305,68157,62148,58621,30534,28087
6843,C4114,27,513,District - Parbhani (17),10-14,200359,104511,95848,137830,72135,65695,62529,32376,30153
6844,C4114,27,513,District - Parbhani (17),15-19,189391,104583,84808,128900,72598,56302,60491,31985,28506
6845,C4114,27,513,District - Parbhani (17),20-24,173587,91586,82001,115666,61933,53733,57921,29653,28268
6846,C4114,27,513,District - Parbhani (17),25-29,147002,74873,72129,98375,50336,48039,48627,24537,24090
6847,C4114,27,513,District - Parbhani (17),30-34,129188,64347,64841,88263,43844,44419,40925,20503,20422
6848,C4114,27,513,District - Parbhani (17),35-39,121512,60640,60872,83237,41224,42013,38275,19416,18859
6849,C4114,27,513,District - Parbhani (17),40-44,104024,54173,49851,71428,37145,34283,32596,17028,15568
6850,C4114,27,513,District - Parbhani (17),45-49,81762,41670,40092,55909,28359,27550,25853,13311,12542
6851,C4114,27,513,District - Parbhani (17),50-54,65555,34288,31267,44379,23265,21114,21176,11023,10153
6852,C4114,27,513,District - Parbhani (17),55-59,54239,25265,28974,37730,16933,20797,16509,8332,8177
6853,C4114,27,513,District - Parbhani (17),60-64,64842,28543,36299,47718,20804,26914,17124,7739,9385
6854,C4114,27,513,District - Parbhani (17),65-69,56348,26590,29758,42370,20139,22231,13978,6451,7527
6855,C4114,27,513,District - Parbhani (17),70-74,36474,17953,18521,27493,13709,13784,8981,4244,4737
6856,C4114,27,513,District - Parbhani (17),75-79,15342,6761,8581,11644,5142,6502,3698,1619,2079
6857,C4114,27,513,District - Parbhani (17),80+,20655,8927,11728,15508,6779,8729,5147,2148,2999
6858,C4114,27,513,District - Parbhani (17),Age not stated,7796,4114,3682,3811,2059,1752,3985,2055,1930
6859,C4114,27,514,District - Jalna (18),All ages,1959046,1011473,947573,1581617,817279,764338,377429,194194,183235
6860,C4114,27,514,District - Jalna (18),0-4,202523,108615,93908,165809,89480,76329,36714,19135,17579
6861,C4114,27,514,District - Jalna (18),5-9,203602,107116,96486,165243,86972,78271,38359,20144,18215
6862,C4114,27,514,District - Jalna (18),10-14,207476,109747,97729,167862,88936,78926,39614,20811,18803
6863,C4114,27,514,District - Jalna (18),15-19,191823,107047,84776,152907,86551,66356,38916,20496,18420
6864,C4114,27,514,District - Jalna (18),20-24,185191,97565,87626,145973,77493,68480,39218,20072,19146
6865,C4114,27,514,District - Jalna (18),25-29,159489,81550,77939,125616,64268,61348,33873,17282,16591
6866,C4114,27,514,District - Jalna (18),30-34,137168,69706,67462,108550,55300,53250,28618,14406,14212
6867,C4114,27,514,District - Jalna (18),35-39,125003,62659,62344,98746,49235,49511,26257,13424,12833
6868,C4114,27,514,District - Jalna (18),40-44,106902,55415,51487,84783,43760,41023,22119,11655,10464
6869,C4114,27,514,District - Jalna (18),45-49,85763,43990,41773,68224,34710,33514,17539,9280,8259
6870,C4114,27,514,District - Jalna (18),50-54,68686,35650,33036,55045,28287,26758,13641,7363,6278
6871,C4114,27,514,District - Jalna (18),55-59,57138,27000,30138,47106,21966,25140,10032,5034,4998
6872,C4114,27,514,District - Jalna (18),60-64,64487,27690,36797,54568,23178,31390,9919,4512,5407
6873,C4114,27,514,District - Jalna (18),65-69,65157,30511,34646,56874,26702,30172,8283,3809,4474
6874,C4114,27,514,District - Jalna (18),70-74,42726,21090,21636,37288,18604,18684,5438,2486,2952
6875,C4114,27,514,District - Jalna (18),75-79,18523,8539,9984,16137,7462,8675,2386,1077,1309
6876,C4114,27,514,District - Jalna (18),80+,24762,10617,14145,21444,9264,12180,3318,1353,1965
6877,C4114,27,514,District - Jalna (18),Age not stated,12627,6966,5661,9442,5111,4331,3185,1855,1330
6878,C4114,27,515,District - Aurangabad (19),All ages,3701282,1924469,1776813,2081112,1081825,999287,1620170,842644,777526
6879,C4114,27,515,District - Aurangabad (19),0-4,377747,203858,173889,218228,118513,99715,159519,85345,74174
6880,C4114,27,515,District - Aurangabad (19),5-9,376409,200001,176408,215179,114012,101167,161230,85989,75241
6881,C4114,27,515,District - Aurangabad (19),10-14,387150,206932,180218,224321,119777,104544,162829,87155,75674
6882,C4114,27,515,District - Aurangabad (19),15-19,370165,201934,168231,211996,118579,93417,158169,83355,74814
6883,C4114,27,515,District - Aurangabad (19),20-24,373898,192951,180947,199743,106990,92753,174155,85961,88194
6884,C4114,27,515,District - Aurangabad (19),25-29,326627,167336,159291,167673,87508,80165,158954,79828,79126
6885,C4114,27,515,District - Aurangabad (19),30-34,276517,141107,135410,142973,72158,70815,133544,68949,64595
6886,C4114,27,515,District - Aurangabad (19),35-39,254863,130281,124582,133603,67588,66015,121260,62693,58567
6887,C4114,27,515,District - Aurangabad (19),40-44,211442,112039,99403,112383,58143,54240,99059,53896,45163
6888,C4114,27,515,District - Aurangabad (19),45-49,166949,88374,78575,90887,46787,44100,76062,41587,34475
6889,C4114,27,515,District - Aurangabad (19),50-54,130418,68285,62133,73003,37541,35462,57415,30744,26671
6890,C4114,27,515,District - Aurangabad (19),55-59,101700,50891,50809,58941,28127,30814,42759,22764,19995
6891,C4114,27,515,District - Aurangabad (19),60-64,104636,46293,58343,66235,27920,38315,38401,18373,20028
6892,C4114,27,515,District - Aurangabad (19),65-69,99577,45882,53695,68304,31217,37087,31273,14665,16608
6893,C4114,27,515,District - Aurangabad (19),70-74,66868,32701,34167,46633,22979,23654,20235,9722,10513
6894,C4114,27,515,District - Aurangabad (19),75-79,30687,14589,16098,20739,9931,10808,9948,4658,5290
6895,C4114,27,515,District - Aurangabad (19),80+,38046,16498,21548,25336,11090,14246,12710,5408,7302
6896,C4114,27,515,District - Aurangabad (19),Age not stated,7583,4517,3066,4935,2965,1970,2648,1552,1096
6897,C4114,27,516,District - Nashik (20),All ages,6107187,3157186,2950001,3509814,1804712,1705102,2597373,1352474,1244899
6898,C4114,27,516,District - Nashik (20),0-4,585461,309500,275961,351070,185857,165213,234391,123643,110748
6899,C4114,27,516,District - Nashik (20),5-9,597624,315823,281801,358414,188634,169780,239210,127189,112021
6900,C4114,27,516,District - Nashik (20),10-14,632261,333215,299046,382361,200683,181678,249900,132532,117368
6901,C4114,27,516,District - Nashik (20),15-19,594633,314518,280115,344433,182039,162394,250200,132479,117721
6902,C4114,27,516,District - Nashik (20),20-24,611895,314437,297458,336021,172847,163174,275874,141590,134284
6903,C4114,27,516,District - Nashik (20),25-29,558759,288776,269983,301607,157092,144515,257152,131684,125468
6904,C4114,27,516,District - Nashik (20),30-34,474438,245531,228907,254487,130974,123513,219951,114557,105394
6905,C4114,27,516,District - Nashik (20),35-39,425672,218828,206844,231323,118382,112941,194349,100446,93903
6906,C4114,27,516,District - Nashik (20),40-44,363168,188351,174817,197687,101108,96579,165481,87243,78238
6907,C4114,27,516,District - Nashik (20),45-49,303974,158189,145785,168501,86358,82143,135473,71831,63642
6908,C4114,27,516,District - Nashik (20),50-54,245383,128503,116880,138104,70636,67468,107279,57867,49412
6909,C4114,27,516,District - Nashik (20),55-59,188615,95743,92872,109563,54476,55087,79052,41267,37785
6910,C4114,27,516,District - Nashik (20),60-64,172415,80873,91542,105687,48014,57673,66728,32859,33869
6911,C4114,27,516,District - Nashik (20),65-69,147805,67441,80364,97452,43652,53800,50353,23789,26564
6912,C4114,27,516,District - Nashik (20),70-74,98321,47053,51268,65023,31265,33758,33298,15788,17510
6913,C4114,27,516,District - Nashik (20),75-79,48233,23092,25141,30957,14935,16022,17276,8157,9119
6914,C4114,27,516,District - Nashik (20),80+,47697,21505,26192,29721,13810,15911,17976,7695,10281
6915,C4114,27,516,District - Nashik (20),Age not stated,10833,5808,5025,7403,3950,3453,3430,1858,1572
6916,C4114,27,517,District - Thane (21),All ages,11060148,5865078,5195070,2545470,1300136,1245334,8514678,4564942,3949736
6917,C4114,27,517,District - Thane (21),0-4,925381,479864,445517,254453,129956,124497,670928,349908,321020
6918,C4114,27,517,District - Thane (21),5-9,982539,513568,468971,273427,139554,133873,709112,374014,335098
6919,C4114,27,517,District - Thane (21),10-14,994881,523506,471375,271491,140467,131024,723390,383039,340351
6920,C4114,27,517,District - Thane (21),15-19,977232,530784,446448,238288,124648,113640,738944,406136,332808
6921,C4114,27,517,District - Thane (21),20-24,1147520,611986,535534,254861,130064,124797,892659,481922,410737
6922,C4114,27,517,District - Thane (21),25-29,1156966,614115,542851,231322,121652,109670,925644,492463,433181
6923,C4114,27,517,District - Thane (21),30-34,991627,533590,458037,193960,100874,93086,797667,432716,364951
6924,C4114,27,517,District - Thane (21),35-39,894455,479034,415421,179578,92693,86885,714877,386341,328536
6925,C4114,27,517,District - Thane (21),40-44,741183,400754,340429,153919,79399,74520,587264,321355,265909
6926,C4114,27,517,District - Thane (21),45-49,614623,325825,288798,129007,65323,63684,485616,260502,225114
6927,C4114,27,517,District - Thane (21),50-54,484200,261984,222216,102327,52100,50227,381873,209884,171989
6928,C4114,27,517,District - Thane (21),55-59,366223,196615,169608,79181,39564,39617,287042,157051,129991
6929,C4114,27,517,District - Thane (21),60-64,287765,149566,138199,67539,31707,35832,220226,117859,102367
6930,C4114,27,517,District - Thane (21),65-69,183967,91550,92417,47819,21266,26553,136148,70284,65864
6931,C4114,27,517,District - Thane (21),70-74,119413,58181,61232,30812,13568,17244,88601,44613,43988
6932,C4114,27,517,District - Thane (21),75-79,62929,30042,32887,14346,6433,7913,48583,23609,24974
6933,C4114,27,517,District - Thane (21),80+,75424,34585,40839,15365,6777,8588,60059,27808,32251
6934,C4114,27,517,District - Thane (21),Age not stated,53820,29529,24291,7775,4091,3684,46045,25438,20607
6935,C4114,27,518,District - Mumbai Suburban (22),All ages,9356962,5031323,4325639,0,0,0,9356962,5031323,4325639
6936,C4114,27,518,District - Mumbai Suburban (22),0-4,648076,338108,309968,0,0,0,648076,338108,309968
6937,C4114,27,518,District - Mumbai Suburban (22),5-9,701121,368863,332258,0,0,0,701121,368863,332258
6938,C4114,27,518,District - Mumbai Suburban (22),10-14,767735,406821,360914,0,0,0,767735,406821,360914
6939,C4114,27,518,District - Mumbai Suburban (22),15-19,834831,462660,372171,0,0,0,834831,462660,372171
6940,C4114,27,518,District - Mumbai Suburban (22),20-24,999427,563925,435502,0,0,0,999427,563925,435502
6941,C4114,27,518,District - Mumbai Suburban (22),25-29,985170,541602,443568,0,0,0,985170,541602,443568
6942,C4114,27,518,District - Mumbai Suburban (22),30-34,837047,455539,381508,0,0,0,837047,455539,381508
6943,C4114,27,518,District - Mumbai Suburban (22),35-39,764467,408670,355797,0,0,0,764467,408670,355797
6944,C4114,27,518,District - Mumbai Suburban (22),40-44,649785,348253,301532,0,0,0,649785,348253,301532
6945,C4114,27,518,District - Mumbai Suburban (22),45-49,560702,297650,263052,0,0,0,560702,297650,263052
6946,C4114,27,518,District - Mumbai Suburban (22),50-54,452439,245402,207037,0,0,0,452439,245402,207037
6947,C4114,27,518,District - Mumbai Suburban (22),55-59,355509,189254,166255,0,0,0,355509,189254,166255
6948,C4114,27,518,District - Mumbai Suburban (22),60-64,287613,148221,139392,0,0,0,287613,148221,139392
6949,C4114,27,518,District - Mumbai Suburban (22),65-69,189642,96532,93110,0,0,0,189642,96532,93110
6950,C4114,27,518,District - Mumbai Suburban (22),70-74,131091,65674,65417,0,0,0,131091,65674,65417
6951,C4114,27,518,District - Mumbai Suburban (22),75-79,77042,37798,39244,0,0,0,77042,37798,39244
6952,C4114,27,518,District - Mumbai Suburban (22),80+,82230,37913,44317,0,0,0,82230,37913,44317
6953,C4114,27,518,District - Mumbai Suburban (22),Age not stated,33035,18438,14597,0,0,0,33035,18438,14597
6954,C4114,27,519,District - Mumbai (23),All ages,3085411,1684608,1400803,0,0,0,3085411,1684608,1400803
6955,C4114,27,519,District - Mumbai (23),0-4,189193,98595,90598,0,0,0,189193,98595,90598
6956,C4114,27,519,District - Mumbai (23),5-9,208264,108793,99471,0,0,0,208264,108793,99471
6957,C4114,27,519,District - Mumbai (23),10-14,230713,122365,108348,0,0,0,230713,122365,108348
6958,C4114,27,519,District - Mumbai (23),15-19,265548,150557,114991,0,0,0,265548,150557,114991
6959,C4114,27,519,District - Mumbai (23),20-24,334119,198073,136046,0,0,0,334119,198073,136046
6960,C4114,27,519,District - Mumbai (23),25-29,325168,186723,138445,0,0,0,325168,186723,138445
6961,C4114,27,519,District - Mumbai (23),30-34,272932,153652,119280,0,0,0,272932,153652,119280
6962,C4114,27,519,District - Mumbai (23),35-39,250947,138227,112720,0,0,0,250947,138227,112720
6963,C4114,27,519,District - Mumbai (23),40-44,217175,118164,99011,0,0,0,217175,118164,99011
6964,C4114,27,519,District - Mumbai (23),45-49,192532,102940,89592,0,0,0,192532,102940,89592
6965,C4114,27,519,District - Mumbai (23),50-54,158581,86026,72555,0,0,0,158581,86026,72555
6966,C4114,27,519,District - Mumbai (23),55-59,125961,67561,58400,0,0,0,125961,67561,58400
6967,C4114,27,519,District - Mumbai (23),60-64,103157,52219,50938,0,0,0,103157,52219,50938
6968,C4114,27,519,District - Mumbai (23),65-69,70896,34703,36193,0,0,0,70896,34703,36193
6969,C4114,27,519,District - Mumbai (23),70-74,52043,24438,27605,0,0,0,52043,24438,27605
6970,C4114,27,519,District - Mumbai (23),75-79,33506,15277,18229,0,0,0,33506,15277,18229
6971,C4114,27,519,District - Mumbai (23),80+,39099,17246,21853,0,0,0,39099,17246,21853
6972,C4114,27,519,District - Mumbai (23),Age not stated,15577,9049,6528,0,0,0,15577,9049,6528
6973,C4114,27,520,District - Raigarh (24),All ages,2634200,1344345,1289855,1664005,836996,827009,970195,507349,462846
6974,C4114,27,520,District - Raigarh (24),0-4,212756,109596,103160,133769,68619,65150,78987,40977,38010
6975,C4114,27,520,District - Raigarh (24),5-9,221412,115295,106117,140119,72036,68083,81293,43259,38034
6976,C4114,27,520,District - Raigarh (24),10-14,243177,126154,117023,159424,81946,77478,83753,44208,39545
6977,C4114,27,520,District - Raigarh (24),15-19,239580,125665,113915,155325,80635,74690,84255,45030,39225
6978,C4114,27,520,District - Raigarh (24),20-24,253293,129247,124046,155038,78999,76039,98255,50248,48007
6979,C4114,27,520,District - Raigarh (24),25-29,243936,123979,119957,143521,73751,69770,100415,50228,50187
6980,C4114,27,520,District - Raigarh (24),30-34,215669,109793,105876,125468,63407,62061,90201,46386,43815
6981,C4114,27,520,District - Raigarh (24),35-39,205190,103754,101436,121621,60767,60854,83569,42987,40582
6982,C4114,27,520,District - Raigarh (24),40-44,178369,92796,85573,107525,54559,52966,70844,38237,32607
6983,C4114,27,520,District - Raigarh (24),45-49,149111,76354,72757,92071,45452,46619,57040,30902,26138
6984,C4114,27,520,District - Raigarh (24),50-54,122160,64123,58037,78106,39396,38710,44054,24727,19327
6985,C4114,27,520,District - Raigarh (24),55-59,95150,48236,46914,63772,31098,32674,31378,17138,14240
6986,C4114,27,520,District - Raigarh (24),60-64,82444,39604,42840,58484,27009,31475,23960,12595,11365
6987,C4114,27,520,District - Raigarh (24),65-69,64716,29704,35012,49172,22113,27059,15544,7591,7953
6988,C4114,27,520,District - Raigarh (24),70-74,46748,21556,25192,36153,16459,19694,10595,5097,5498
6989,C4114,27,520,District - Raigarh (24),75-79,24543,11321,13222,18482,8485,9997,6061,2836,3225
6990,C4114,27,520,District - Raigarh (24),80+,26980,12250,14730,19798,9017,10781,7182,3233,3949
6991,C4114,27,520,District - Raigarh (24),Age not stated,8966,4918,4048,6157,3248,2909,2809,1670,1139
6992,C4114,27,521,District - Pune (25),All ages,9429408,4924105,4505303,3678226,1903440,1774786,5751182,3020665,2730517
6993,C4114,27,521,District - Pune (25),0-4,789688,418394,371294,313694,167494,146200,475994,250900,225094
6994,C4114,27,521,District - Pune (25),5-9,761730,405854,355876,309054,164974,144080,452676,240880,211796
6995,C4114,27,521,District - Pune (25),10-14,787915,417129,370786,336345,177424,158921,451570,239705,211865
6996,C4114,27,521,District - Pune (25),15-19,819364,438697,380667,343011,183074,159937,476353,255623,220730
6997,C4114,27,521,District - Pune (25),20-24,1028019,537628,490391,375152,194713,180439,652867,342915,309952
6998,C4114,27,521,District - Pune (25),25-29,998018,521114,476904,335023,175796,159227,662995,345318,317677
6999,C4114,27,521,District - Pune (25),30-34,819858,434963,384895,276117,143632,132485,543741,291331,252410
7000,C4114,27,521,District - Pune (25),35-39,713370,371459,341911,258449,130702,127747,454921,240757,214164
7001,C4114,27,521,District - Pune (25),40-44,597668,313497,284171,229403,118192,111211,368265,195305,172960
7002,C4114,27,521,District - Pune (25),45-49,493269,252910,240359,193803,98596,95207,299466,154314,145152
7003,C4114,27,521,District - Pune (25),50-54,407518,211896,195622,162877,83825,79052,244641,128071,116570
7004,C4114,27,521,District - Pune (25),55-59,322148,164167,157981,128062,64165,63897,194086,100002,94084
7005,C4114,27,521,District - Pune (25),60-64,290287,141369,148918,124549,58036,66513,165738,83333,82405
7006,C4114,27,521,District - Pune (25),65-69,225194,108664,116530,113226,52530,60696,111968,56134,55834
7007,C4114,27,521,District - Pune (25),70-74,160645,80208,80437,83689,42214,41475,76956,37994,38962
7008,C4114,27,521,District - Pune (25),75-79,84744,42438,42306,41168,21184,19984,43576,21254,22322
7009,C4114,27,521,District - Pune (25),80+,95596,45429,50167,46361,22544,23817,49235,22885,26350
7010,C4114,27,521,District - Pune (25),Age not stated,34377,18289,16088,8243,4345,3898,26134,13944,12190
7011,C4114,27,522,District - Ahmadnagar (26),All ages,4543159,2342825,2200334,3630542,1872907,1757635,912617,469918,442699
7012,C4114,27,522,District - Ahmadnagar (26),0-4,394258,212276,181982,320535,172934,147601,73723,39342,34381
7013,C4114,27,522,District - Ahmadnagar (26),5-9,403465,217908,185557,324846,175534,149312,78619,42374,36245
7014,C4114,27,522,District - Ahmadnagar (26),10-14,444802,237754,207048,359231,191788,167443,85571,45966,39605
7015,C4114,27,522,District - Ahmadnagar (26),15-19,433199,232550,200649,345397,186250,159147,87802,46300,41502
7016,C4114,27,522,District - Ahmadnagar (26),20-24,440174,227933,212241,345132,179614,165518,95042,48319,46723
7017,C4114,27,522,District - Ahmadnagar (26),25-29,380662,195395,185267,296142,152470,143672,84520,42925,41595
7018,C4114,27,522,District - Ahmadnagar (26),30-34,329685,165825,163860,257219,129195,128024,72466,36630,35836
7019,C4114,27,522,District - Ahmadnagar (26),35-39,315851,157204,158647,248204,123508,124696,67647,33696,33951
7020,C4114,27,522,District - Ahmadnagar (26),40-44,283292,144801,138491,223175,114361,108814,60117,30440,29677
7021,C4114,27,522,District - Ahmadnagar (26),45-49,237417,122163,115254,186478,95747,90731,50939,26416,24523
7022,C4114,27,522,District - Ahmadnagar (26),50-54,197150,101636,95514,155979,79645,76334,41171,21991,19180
7023,C4114,27,522,District - Ahmadnagar (26),55-59,157098,78753,78345,125571,62238,63333,31527,16515,15012
7024,C4114,27,522,District - Ahmadnagar (26),60-64,153129,69456,83673,126372,56787,69585,26757,12669,14088
7025,C4114,27,522,District - Ahmadnagar (26),65-69,148526,68538,79988,125853,58141,67712,22673,10397,12276
7026,C4114,27,522,District - Ahmadnagar (26),70-74,103388,51456,51932,88049,44274,43775,15339,7182,8157
7027,C4114,27,522,District - Ahmadnagar (26),75-79,49618,24772,24846,41665,21016,20649,7953,3756,4197
7028,C4114,27,522,District - Ahmadnagar (26),80+,56230,26401,29829,47748,22571,25177,8482,3830,4652
7029,C4114,27,522,District - Ahmadnagar (26),Age not stated,15215,8004,7211,12946,6834,6112,2269,1170,1099
7030,C4114,27,523,District - Bid (27),All ages,2585049,1349106,1235943,2070751,1082978,987773,514298,266128,248170
7031,C4114,27,523,District - Bid (27),0-4,246728,136929,109799,198500,110979,87521,48228,25950,22278
7032,C4114,27,523,District - Bid (27),5-9,257651,139605,118046,206260,112094,94166,51391,27511,23880
7033,C4114,27,523,District - Bid (27),10-14,266304,142840,123464,212342,113823,98519,53962,29017,24945
7034,C4114,27,523,District - Bid (27),15-19,254810,142603,112207,201532,114211,87321,53278,28392,24886
7035,C4114,27,523,District - Bid (27),20-24,244593,131929,112664,191568,104873,86695,53025,27056,25969
7036,C4114,27,523,District - Bid (27),25-29,203796,105131,98665,158333,82035,76298,45463,23096,22367
7037,C4114,27,523,District - Bid (27),30-34,177318,89165,88153,138797,69785,69012,38521,19380,19141
7038,C4114,27,523,District - Bid (27),35-39,168901,84029,84872,132934,65951,66983,35967,18078,17889
7039,C4114,27,523,District - Bid (27),40-44,147738,76629,71109,117254,60311,56943,30484,16318,14166
7040,C4114,27,523,District - Bid (27),45-49,120658,61321,59337,96415,48726,47689,24243,12595,11648
7041,C4114,27,523,District - Bid (27),50-54,99168,52014,47154,79920,41673,38247,19248,10341,8907
7042,C4114,27,523,District - Bid (27),55-59,79551,38608,40943,65126,31197,33929,14425,7411,7014
7043,C4114,27,523,District - Bid (27),60-64,91092,38954,52138,76617,32588,44029,14475,6366,8109
7044,C4114,27,523,District - Bid (27),65-69,98232,46518,51714,84286,40132,44154,13946,6386,7560
7045,C4114,27,523,District - Bid (27),70-74,64074,33254,30820,55354,29014,26340,8720,4240,4480
7046,C4114,27,523,District - Bid (27),75-79,28642,13477,15165,24972,11831,13141,3670,1646,2024
7047,C4114,27,523,District - Bid (27),80+,33677,14970,18707,28900,12891,16009,4777,2079,2698
7048,C4114,27,523,District - Bid (27),Age not stated,2116,1130,986,1641,864,777,475,266,209
7049,C4114,27,524,District - Latur (28),All ages,2454196,1273140,1181056,1829216,949707,879509,624980,323433,301547
7050,C4114,27,524,District - Latur (28),0-4,219587,116328,103259,165552,87737,77815,54035,28591,25444
7051,C4114,27,524,District - Latur (28),5-9,241861,127327,114534,178865,93824,85041,62996,33503,29493
7052,C4114,27,524,District - Latur (28),10-14,263155,138984,124171,193323,101490,91833,69832,37494,32338
7053,C4114,27,524,District - Latur (28),15-19,252520,136069,116451,184727,100897,83830,67793,35172,32621
7054,C4114,27,524,District - Latur (28),20-24,234429,127223,107206,170648,94778,75870,63781,32445,31336
7055,C4114,27,524,District - Latur (28),25-29,194812,100329,94483,140905,73234,67671,53907,27095,26812
7056,C4114,27,524,District - Latur (28),30-34,171707,86108,85599,124998,62765,62233,46709,23343,23366
7057,C4114,27,524,District - Latur (28),35-39,165305,83331,81974,120461,60686,59775,44844,22645,22199
7058,C4114,27,524,District - Latur (28),40-44,139066,74015,65051,101830,54020,47810,37236,19995,17241
7059,C4114,27,524,District - Latur (28),45-49,108165,56185,51980,80200,41248,38952,27965,14937,13028
7060,C4114,27,524,District - Latur (28),50-54,87290,47017,40273,65007,34757,30250,22283,12260,10023
7061,C4114,27,524,District - Latur (28),55-59,71187,33750,37437,54332,25003,29329,16855,8747,8108
7062,C4114,27,524,District - Latur (28),60-64,89190,39708,49482,71506,31310,40196,17684,8398,9286
7063,C4114,27,524,District - Latur (28),65-69,85325,41408,43917,70541,34363,36178,14784,7045,7739
7064,C4114,27,524,District - Latur (28),70-74,58762,30822,27940,48678,25840,22838,10084,4982,5102
7065,C4114,27,524,District - Latur (28),75-79,26117,12780,13337,21688,10644,11044,4429,2136,2293
7066,C4114,27,524,District - Latur (28),80+,35358,16229,19129,28796,13280,15516,6562,2949,3613
7067,C4114,27,524,District - Latur (28),Age not stated,10360,5527,4833,7159,3831,3328,3201,1696,1505
7068,C4114,27,525,District - Osmanabad (29),All ages,1657576,861535,796041,1376519,716237,660282,281057,145298,135759
7069,C4114,27,525,District - Osmanabad (29),0-4,145264,77789,67475,120699,64655,56044,24565,13134,11431
7070,C4114,27,525,District - Osmanabad (29),5-9,150271,79795,70476,123172,65342,57830,27099,14453,12646
7071,C4114,27,525,District - Osmanabad (29),10-14,167875,89019,78856,137532,72649,64883,30343,16370,13973
7072,C4114,27,525,District - Osmanabad (29),15-19,165540,90866,74674,136199,75283,60916,29341,15583,13758
7073,C4114,27,525,District - Osmanabad (29),20-24,157097,85841,71256,128631,71311,57320,28466,14530,13936
7074,C4114,27,525,District - Osmanabad (29),25-29,131296,68384,62912,106658,55995,50663,24638,12389,12249
7075,C4114,27,525,District - Osmanabad (29),30-34,111430,56298,55132,90795,45962,44833,20635,10336,10299
7076,C4114,27,525,District - Osmanabad (29),35-39,108267,53666,54601,88771,43897,44874,19496,9769,9727
7077,C4114,27,525,District - Osmanabad (29),40-44,96065,50296,45769,79488,41497,37991,16577,8799,7778
7078,C4114,27,525,District - Osmanabad (29),45-49,77777,40259,37518,64405,33289,31116,13372,6970,6402
7079,C4114,27,525,District - Osmanabad (29),50-54,63648,33580,30068,53096,27882,25214,10552,5698,4854
7080,C4114,27,525,District - Osmanabad (29),55-59,52163,25368,26795,43808,21055,22753,8355,4313,4042
7081,C4114,27,525,District - Osmanabad (29),60-64,62521,26884,35637,54119,23100,31019,8402,3784,4618
7082,C4114,27,525,District - Osmanabad (29),65-69,67832,32061,35771,59811,28340,31471,8021,3721,4300
7083,C4114,27,525,District - Osmanabad (29),70-74,48023,25471,22552,42860,22833,20027,5163,2638,2525
7084,C4114,27,525,District - Osmanabad (29),75-79,21375,10940,10435,19044,9820,9224,2331,1120,1211
7085,C4114,27,525,District - Osmanabad (29),80+,27459,13091,14368,24323,11693,12630,3136,1398,1738
7086,C4114,27,525,District - Osmanabad (29),Age not stated,3673,1927,1746,3108,1634,1474,565,293,272
7087,C4114,27,526,District - Solapur (30),All ages,4317756,2227852,2089904,2918665,1518343,1400322,1399091,709509,689582
7088,C4114,27,526,District - Solapur (30),0-4,377250,200375,176875,264339,141351,122988,112911,59024,53887
7089,C4114,27,526,District - Solapur (30),5-9,393644,208508,185136,271691,144364,127327,121953,64144,57809
7090,C4114,27,526,District - Solapur (30),10-14,433240,230004,203236,296766,158242,138524,136474,71762,64712
7091,C4114,27,526,District - Solapur (30),15-19,421326,230588,190738,280262,156606,123656,141064,73982,67082
7092,C4114,27,526,District - Solapur (30),20-24,422422,223496,198926,278180,150509,127671,144242,72987,71255
7093,C4114,27,526,District - Solapur (30),25-29,354912,182587,172325,230374,119832,110542,124538,62755,61783
7094,C4114,27,526,District - Solapur (30),30-34,305901,152022,153879,200627,99817,100810,105274,52205,53069
7095,C4114,27,526,District - Solapur (30),35-39,295695,144975,150720,195374,96355,99019,100321,48620,51701
7096,C4114,27,526,District - Solapur (30),40-44,266418,134516,131902,177585,90062,87523,88833,44454,44379
7097,C4114,27,526,District - Solapur (30),45-49,221886,112352,109534,146783,74739,72044,75103,37613,37490
7098,C4114,27,526,District - Solapur (30),50-54,189235,97129,92106,124951,64338,60613,64284,32791,31493
7099,C4114,27,526,District - Solapur (30),55-59,148461,74250,74211,99081,49148,49933,49380,25102,24278
7100,C4114,27,526,District - Solapur (30),60-64,149912,70430,79482,104754,48560,56194,45158,21870,23288
7101,C4114,27,526,District - Solapur (30),65-69,128371,61289,67082,95010,45839,49171,33361,15450,17911
7102,C4114,27,526,District - Solapur (30),70-74,95428,48150,47278,70908,36618,34290,24520,11532,12988
7103,C4114,27,526,District - Solapur (30),75-79,43548,22214,21334,31882,16431,15451,11666,5783,5883
7104,C4114,27,526,District - Solapur (30),80+,54980,26766,28214,40388,20234,20154,14592,6532,8060
7105,C4114,27,526,District - Solapur (30),Age not stated,15127,8201,6926,9710,5298,4412,5417,2903,2514
7106,C4114,27,527,District - Satara (31),All ages,3003741,1510842,1492899,2433363,1219749,1213614,570378,291093,279285
7107,C4114,27,527,District - Satara (31),0-4,223464,117881,105583,182563,96337,86226,40901,21544,19357
7108,C4114,27,527,District - Satara (31),5-9,238709,126341,112368,191946,101238,90708,46763,25103,21660
7109,C4114,27,527,District - Satara (31),10-14,269413,143827,125586,216365,114608,101757,53048,29219,23829
7110,C4114,27,527,District - Satara (31),15-19,272217,144326,127891,220040,116112,103928,52177,28214,23963
7111,C4114,27,527,District - Satara (31),20-24,271808,135212,136596,217770,108506,109264,54038,26706,27332
7112,C4114,27,527,District - Satara (31),25-29,241713,119839,121874,191628,95548,96080,50085,24291,25794
7113,C4114,27,527,District - Satara (31),30-34,214455,104928,109527,169029,83003,86026,45426,21925,23501
7114,C4114,27,527,District - Satara (31),35-39,215224,104745,110479,170728,82854,87874,44496,21891,22605
7115,C4114,27,527,District - Satara (31),40-44,199074,99541,99533,158528,79321,79207,40546,20220,20326
7116,C4114,27,527,District - Satara (31),45-49,171739,83736,88003,137873,66472,71401,33866,17264,16602
7117,C4114,27,527,District - Satara (31),50-54,149959,74577,75382,122017,60033,61984,27942,14544,13398
7118,C4114,27,527,District - Satara (31),55-59,126886,62143,64743,104594,50677,53917,22292,11466,10826
7119,C4114,27,527,District - Satara (31),60-64,119632,56036,63596,100551,46540,54011,19081,9496,9585
7120,C4114,27,527,District - Satara (31),65-69,106185,48194,57991,91573,41290,50283,14612,6904,7708
7121,C4114,27,527,District - Satara (31),70-74,80768,38829,41939,70139,33617,36522,10629,5212,5417
7122,C4114,27,527,District - Satara (31),75-79,41968,21139,20829,36156,18274,17882,5812,2865,2947
7123,C4114,27,527,District - Satara (31),80+,46304,22194,24110,40103,19280,20823,6201,2914,3287
7124,C4114,27,527,District - Satara (31),Age not stated,14223,7354,6869,11760,6039,5721,2463,1315,1148
7125,C4114,27,528,District - Ratnagiri (32),All ages,1615069,761121,853948,1351346,630213,721133,263723,130908,132815
7126,C4114,27,528,District - Ratnagiri (32),0-4,107484,55613,51871,89129,46170,42959,18355,9443,8912
7127,C4114,27,528,District - Ratnagiri (32),5-9,127256,65245,62011,106382,54250,52132,20874,10995,9879
7128,C4114,27,528,District - Ratnagiri (32),10-14,160681,82345,78336,136447,69670,66777,24234,12675,11559
7129,C4114,27,528,District - Ratnagiri (32),15-19,148160,75521,72639,124191,63067,61124,23969,12454,11515
7130,C4114,27,528,District - Ratnagiri (32),20-24,122290,56359,65931,98682,44687,53995,23608,11672,11936
7131,C4114,27,528,District - Ratnagiri (32),25-29,111560,50446,61114,89531,40075,49456,22029,10371,11658
7132,C4114,27,528,District - Ratnagiri (32),30-34,108859,48514,60345,87598,38579,49019,21261,9935,11326
7133,C4114,27,528,District - Ratnagiri (32),35-39,118362,52614,65748,96017,42028,53989,22345,10586,11759
7134,C4114,27,528,District - Ratnagiri (32),40-44,111543,51782,59761,91457,41711,49746,20086,10071,10015
7135,C4114,27,528,District - Ratnagiri (32),45-49,100141,47426,52715,83246,38823,44423,16895,8603,8292
7136,C4114,27,528,District - Ratnagiri (32),50-54,81312,38587,42725,68175,31699,36476,13137,6888,6249
7137,C4114,27,528,District - Ratnagiri (32),55-59,72615,32879,39736,62108,27698,34410,10507,5181,5326
7138,C4114,27,528,District - Ratnagiri (32),60-64,70946,30398,40548,61911,26088,35823,9035,4310,4725
7139,C4114,27,528,District - Ratnagiri (32),65-69,68308,27854,40454,61772,24922,36850,6536,2932,3604
7140,C4114,27,528,District - Ratnagiri (32),70-74,51237,22262,28975,46379,20078,26301,4858,2184,2674
7141,C4114,27,528,District - Ratnagiri (32),75-79,27255,11954,15301,24366,10667,13699,2889,1287,1602
7142,C4114,27,528,District - Ratnagiri (32),80+,25294,10399,14895,22581,9274,13307,2713,1125,1588
7143,C4114,27,528,District - Ratnagiri (32),Age not stated,1766,923,843,1374,727,647,392,196,196
7144,C4114,27,529,District - Sindhudurg (33),All ages,849651,417332,432319,742645,363268,379377,107006,54064,52942
7145,C4114,27,529,District - Sindhudurg (33),0-4,48976,25481,23495,42427,22022,20405,6549,3459,3090
7146,C4114,27,529,District - Sindhudurg (33),5-9,58608,30275,28333,50942,26189,24753,7666,4086,3580
7147,C4114,27,529,District - Sindhudurg (33),10-14,74551,38416,36135,65849,33844,32005,8702,4572,4130
7148,C4114,27,529,District - Sindhudurg (33),15-19,75179,38506,36673,66266,33900,32366,8913,4606,4307
7149,C4114,27,529,District - Sindhudurg (33),20-24,64768,32084,32684,55802,27664,28138,8966,4420,4546
7150,C4114,27,529,District - Sindhudurg (33),25-29,59942,29890,30052,51246,25568,25678,8696,4322,4374
7151,C4114,27,529,District - Sindhudurg (33),30-34,59690,29031,30659,50973,24749,26224,8717,4282,4435
7152,C4114,27,529,District - Sindhudurg (33),35-39,63765,30573,33192,54720,26102,28618,9045,4471,4574
7153,C4114,27,529,District - Sindhudurg (33),40-44,62515,30897,31618,53717,26375,27342,8798,4522,4276
7154,C4114,27,529,District - Sindhudurg (33),45-49,56326,28264,28062,48893,24331,24562,7433,3933,3500
7155,C4114,27,529,District - Sindhudurg (33),50-54,46168,23128,23040,40171,20011,20160,5997,3117,2880
7156,C4114,27,529,District - Sindhudurg (33),55-59,40193,19474,20719,35208,16957,18251,4985,2517,2468
7157,C4114,27,529,District - Sindhudurg (33),60-64,39148,17496,21652,34967,15490,19477,4181,2006,2175
7158,C4114,27,529,District - Sindhudurg (33),65-69,38459,16468,21991,35300,15063,20237,3159,1405,1754
7159,C4114,27,529,District - Sindhudurg (33),70-74,29056,12877,16179,26681,11805,14876,2375,1072,1303
7160,C4114,27,529,District - Sindhudurg (33),75-79,15017,6901,8116,13666,6287,7379,1351,614,737
7161,C4114,27,529,District - Sindhudurg (33),80+,14922,6337,8585,13696,5798,7898,1226,539,687
7162,C4114,27,529,District - Sindhudurg (33),Age not stated,2368,1234,1134,2121,1113,1008,247,121,126
7163,C4114,27,530,District - Kolhapur (34),All ages,3876001,1980658,1895343,2645992,1348815,1297177,1230009,631843,598166
7164,C4114,27,530,District - Kolhapur (34),0-4,286235,153600,132635,195798,105145,90653,90437,48455,41982
7165,C4114,27,530,District - Kolhapur (34),5-9,306350,165222,141128,210240,113226,97014,96110,51996,44114
7166,C4114,27,530,District - Kolhapur (34),10-14,341105,185951,155154,236671,128811,107860,104434,57140,47294
7167,C4114,27,530,District - Kolhapur (34),15-19,352458,190503,161955,242712,130905,111807,109746,59598,50148
7168,C4114,27,530,District - Kolhapur (34),20-24,359124,182594,176530,237377,121331,116046,121747,61263,60484
7169,C4114,27,530,District - Kolhapur (34),25-29,327214,165576,161638,213365,108088,105277,113849,57488,56361
7170,C4114,27,530,District - Kolhapur (34),30-34,293900,145394,148506,192206,94838,97368,101694,50556,51138
7171,C4114,27,530,District - Kolhapur (34),35-39,292949,143409,149540,194625,94893,99732,98324,48516,49808
7172,C4114,27,530,District - Kolhapur (34),40-44,268415,135353,133062,180407,90968,89439,88008,44385,43623
7173,C4114,27,530,District - Kolhapur (34),45-49,229594,115531,114063,154949,77874,77075,74645,37657,36988
7174,C4114,27,530,District - Kolhapur (34),50-54,193708,98931,94777,132138,66937,65201,61570,31994,29576
7175,C4114,27,530,District - Kolhapur (34),55-59,157099,78191,78908,108747,53406,55341,48352,24785,23567
7176,C4114,27,530,District - Kolhapur (34),60-64,148674,70373,78301,106473,49446,57027,42201,20927,21274
7177,C4114,27,530,District - Kolhapur (34),65-69,125569,57877,67692,94268,43283,50985,31301,14594,16707
7178,C4114,27,530,District - Kolhapur (34),70-74,86351,41265,45086,65429,31307,34122,20922,9958,10964
7179,C4114,27,530,District - Kolhapur (34),75-79,43007,21034,21973,32199,15747,16452,10808,5287,5521
7180,C4114,27,530,District - Kolhapur (34),80+,47182,21155,26027,35705,16236,19469,11477,4919,6558
7181,C4114,27,530,District - Kolhapur (34),Age not stated,17067,8699,8368,12683,6374,6309,4384,2325,2059
7182,C4114,27,531,District - Sangli (35),All ages,2822143,1435728,1386415,2102786,1071124,1031662,719357,364604,354753
7183,C4114,27,531,District - Sangli (35),0-4,215928,115541,100387,162681,87476,75205,53247,28065,25182
7184,C4114,27,531,District - Sangli (35),5-9,229311,123334,105977,171164,92211,78953,58147,31123,27024
7185,C4114,27,531,District - Sangli (35),10-14,261259,141563,119696,196703,106623,90080,64556,34940,29616
7186,C4114,27,531,District - Sangli (35),15-19,256166,139159,117007,190206,104187,86019,65960,34972,30988
7187,C4114,27,531,District - Sangli (35),20-24,257962,130447,127515,186928,95271,91657,71034,35176,35858
7188,C4114,27,531,District - Sangli (35),25-29,230281,113937,116344,165578,82176,83402,64703,31761,32942
7189,C4114,27,531,District - Sangli (35),30-34,202781,98870,103911,146433,71337,75096,56348,27533,28815
7190,C4114,27,531,District - Sangli (35),35-39,204701,98509,106192,149575,72073,77502,55126,26436,28690
7191,C4114,27,531,District - Sangli (35),40-44,184819,92845,91974,135235,67981,67254,49584,24864,24720
7192,C4114,27,531,District - Sangli (35),45-49,160002,79015,80987,118507,58389,60118,41495,20626,20869
7193,C4114,27,531,District - Sangli (35),50-54,137563,69327,68236,102332,51044,51288,35231,18283,16948
7194,C4114,27,531,District - Sangli (35),55-59,112238,56095,56143,85017,42156,42861,27221,13939,13282
7195,C4114,27,531,District - Sangli (35),60-64,108948,51984,56964,84019,39744,44275,24929,12240,12689
7196,C4114,27,531,District - Sangli (35),65-69,92429,42618,49811,74037,33951,40086,18392,8667,9725
7197,C4114,27,531,District - Sangli (35),70-74,71460,34685,36775,58164,28359,29805,13296,6326,6970
7198,C4114,27,531,District - Sangli (35),75-79,36584,18667,17917,29445,15138,14307,7139,3529,3610
7199,C4114,27,531,District - Sangli (35),80+,44517,21328,23189,36053,17421,18632,8464,3907,4557
7200,C4114,27,531,District - Sangli (35),Age not stated,15194,7804,7390,10709,5587,5122,4485,2217,2268
7201,C4114,23,0,State - MADHYA PRADESH (23),All ages,72626809,37612306,35014503,52557404,27149388,25408016,20069405,10462918,9606487
7202,C4114,23,0,State - MADHYA PRADESH (23),0-4,7471286,3874247,3597039,5763560,2982196,2781364,1707726,892051,815675
7203,C4114,23,0,State - MADHYA PRADESH (23),5-9,8266455,4309693,3956762,6347575,3292243,3055332,1918880,1017450,901430
7204,C4114,23,0,State - MADHYA PRADESH (23),10-14,8564501,4439329,4125172,6481035,3338101,3142934,2083466,1101228,982238
7205,C4114,23,0,State - MADHYA PRADESH (23),15-19,7446789,3980072,3466717,5359720,2862347,2497373,2087069,1117725,969344
7206,C4114,23,0,State - MADHYA PRADESH (23),20-24,6727579,3554088,3173491,4678759,2481628,2197131,2048820,1072460,976360
7207,C4114,23,0,State - MADHYA PRADESH (23),25-29,5787506,2988325,2799181,3990858,2067454,1923404,1796648,920871,875777
7208,C4114,23,0,State - MADHYA PRADESH (23),30-34,5214960,2650705,2564255,3638969,1841507,1797462,1575991,809198,766793
7209,C4114,23,0,State - MADHYA PRADESH (23),35-39,4861671,2493464,2368207,3407607,1750469,1657138,1454064,742995,711069
7210,C4114,23,0,State - MADHYA PRADESH (23),40-44,4214474,2193888,2020586,2937258,1527419,1409839,1277216,666469,610747
7211,C4114,23,0,State - MADHYA PRADESH (23),45-49,3522961,1838798,1684163,2425510,1260719,1164791,1097451,578079,519372
7212,C4114,23,0,State - MADHYA PRADESH (23),50-54,2694372,1446522,1247850,1847524,988058,859466,846848,458464,388384
7213,C4114,23,0,State - MADHYA PRADESH (23),55-59,2058077,1030243,1027834,1437113,704014,733099,620964,326229,294735
7214,C4114,23,0,State - MADHYA PRADESH (23),60-64,1987410,989463,997947,1437170,711867,725303,550240,277596,272644
7215,C4114,23,0,State - MADHYA PRADESH (23),65-69,1427061,680005,747056,1054385,497698,556687,372676,182307,190369
7216,C4114,23,0,State - MADHYA PRADESH (23),70-74,1107421,545246,562175,826774,408168,418606,280647,137078,143569
7217,C4114,23,0,State - MADHYA PRADESH (23),75-79,523355,244807,278548,384851,178514,206337,138504,66293,72211
7218,C4114,23,0,State - MADHYA PRADESH (23),80+,668069,310035,358034,491426,232111,259315,176643,77924,98719
7219,C4114,23,0,State - MADHYA PRADESH (23),Age not stated,82862,43376,39486,47310,24875,22435,35552,18501,17051
7220,C4114,23,418,District - Sheopur  (01),All ages,687861,361784,326077,580509,305360,275149,107352,56424,50928
7221,C4114,23,418,District - Sheopur  (01),0-4,80954,42345,38609,70517,36886,33631,10437,5459,4978
7222,C4114,23,418,District - Sheopur  (01),5-9,86485,45914,40571,74406,39451,34955,12079,6463,5616
7223,C4114,23,418,District - Sheopur  (01),10-14,90937,47909,43028,77561,40812,36749,13376,7097,6279
7224,C4114,23,418,District - Sheopur  (01),15-19,71799,38124,33675,59516,31566,27950,12283,6558,5725
7225,C4114,23,418,District - Sheopur  (01),20-24,65743,34996,30747,55002,29266,25736,10741,5730,5011
7226,C4114,23,418,District - Sheopur  (01),25-29,54056,28849,25207,45170,24243,20927,8886,4606,4280
7227,C4114,23,418,District - Sheopur  (01),30-34,47213,24386,22827,39239,20319,18920,7974,4067,3907
7228,C4114,23,418,District - Sheopur  (01),35-39,43611,22993,20618,36260,19149,17111,7351,3844,3507
7229,C4114,23,418,District - Sheopur  (01),40-44,35471,19122,16349,29645,15983,13662,5826,3139,2687
7230,C4114,23,418,District - Sheopur  (01),45-49,28768,15013,13755,23974,12469,11505,4794,2544,2250
7231,C4114,23,418,District - Sheopur  (01),50-54,22091,12262,9829,18451,10277,8174,3640,1985,1655
7232,C4114,23,418,District - Sheopur  (01),55-59,16783,8386,8397,13888,6877,7011,2895,1509,1386
7233,C4114,23,418,District - Sheopur  (01),60-64,16002,8296,7706,13530,7042,6488,2472,1254,1218
7234,C4114,23,418,District - Sheopur  (01),65-69,11067,5124,5943,9210,4252,4958,1857,872,985
7235,C4114,23,418,District - Sheopur  (01),70-74,8980,4391,4589,7572,3722,3850,1408,669,739
7236,C4114,23,418,District - Sheopur  (01),75-79,3470,1598,1872,2858,1298,1560,612,300,312
7237,C4114,23,418,District - Sheopur  (01),80+,4023,1833,2190,3331,1527,1804,692,306,386
7238,C4114,23,418,District - Sheopur  (01),Age not stated,408,243,165,379,221,158,29,22,7
7239,C4114,23,419,District - Morena (02),All ages,1965970,1068417,897553,1495508,815218,680290,470462,253199,217263
7240,C4114,23,419,District - Morena (02),0-4,209063,113210,95853,164945,89249,75696,44118,23961,20157
7241,C4114,23,419,District - Morena (02),5-9,229528,126844,102684,177917,98141,79776,51611,28703,22908
7242,C4114,23,419,District - Morena (02),10-14,250881,137417,113464,194665,106110,88555,56216,31307,24909
7243,C4114,23,419,District - Morena (02),15-19,221929,129338,92591,167828,98761,69067,54101,30577,23524
7244,C4114,23,419,District - Morena (02),20-24,185397,104095,81302,137884,78303,59581,47513,25792,21721
7245,C4114,23,419,District - Morena (02),25-29,157504,84383,73121,117689,63446,54243,39815,20937,18878
7246,C4114,23,419,District - Morena (02),30-34,136962,70183,66779,102610,52704,49906,34352,17479,16873
7247,C4114,23,419,District - Morena (02),35-39,128685,67018,61667,96382,50443,45939,32303,16575,15728
7248,C4114,23,419,District - Morena (02),40-44,103801,55815,47986,76809,41639,35170,26992,14176,12816
7249,C4114,23,419,District - Morena (02),45-49,83036,43564,39472,61103,31998,29105,21933,11566,10367
7250,C4114,23,419,District - Morena (02),50-54,65474,36272,29202,48618,27076,21542,16856,9196,7660
7251,C4114,23,419,District - Morena (02),55-59,51203,25690,25513,38566,19189,19377,12637,6501,6136
7252,C4114,23,419,District - Morena (02),60-64,49997,26662,23335,38321,20592,17729,11676,6070,5606
7253,C4114,23,419,District - Morena (02),65-69,34202,17147,17055,26328,13251,13077,7874,3896,3978
7254,C4114,23,419,District - Morena (02),70-74,28200,15223,12977,22121,12020,10101,6079,3203,2876
7255,C4114,23,419,District - Morena (02),75-79,12499,6275,6224,9871,4911,4960,2628,1364,1264
7256,C4114,23,419,District - Morena (02),80+,16129,8464,7665,12828,6815,6013,3301,1649,1652
7257,C4114,23,419,District - Morena (02),Age not stated,1480,817,663,1023,570,453,457,247,210
7258,C4114,23,420,District - Bhind (03),All ages,1703005,926843,776162,1270083,694756,575327,432922,232087,200835
7259,C4114,23,420,District - Bhind (03),0-4,170876,91785,79091,130871,70324,60547,40005,21461,18544
7260,C4114,23,420,District - Bhind (03),5-9,186254,102545,83709,140343,77182,63161,45911,25363,20548
7261,C4114,23,420,District - Bhind (03),10-14,204219,111679,92540,153009,83329,69680,51210,28350,22860
7262,C4114,23,420,District - Bhind (03),15-19,189577,111225,78352,139807,83044,56763,49770,28181,21589
7263,C4114,23,420,District - Bhind (03),20-24,158274,90208,68066,115474,66917,48557,42800,23291,19509
7264,C4114,23,420,District - Bhind (03),25-29,131536,70651,60885,96710,52279,44431,34826,18372,16454
7265,C4114,23,420,District - Bhind (03),30-34,117207,60436,56771,86540,44936,41604,30667,15500,15167
7266,C4114,23,420,District - Bhind (03),35-39,111641,58108,53533,82461,43378,39083,29180,14730,14450
7267,C4114,23,420,District - Bhind (03),40-44,94054,50957,43097,68917,37686,31231,25137,13271,11866
7268,C4114,23,420,District - Bhind (03),45-49,76774,40521,36253,56219,29735,26484,20555,10786,9769
7269,C4114,23,420,District - Bhind (03),50-54,63061,34710,28351,46705,25776,20929,16356,8934,7422
7270,C4114,23,420,District - Bhind (03),55-59,49675,25171,24504,37472,18966,18506,12203,6205,5998
7271,C4114,23,420,District - Bhind (03),60-64,49881,26557,23324,37941,20432,17509,11940,6125,5815
7272,C4114,23,420,District - Bhind (03),65-69,34966,17548,17418,26772,13487,13285,8194,4061,4133
7273,C4114,23,420,District - Bhind (03),70-74,29850,16205,13645,23236,12629,10607,6614,3576,3038
7274,C4114,23,420,District - Bhind (03),75-79,13687,7042,6645,10808,5575,5233,2879,1467,1412
7275,C4114,23,420,District - Bhind (03),80+,17468,9347,8121,13707,7419,6288,3761,1928,1833
7276,C4114,23,420,District - Bhind (03),Age not stated,4005,2148,1857,3091,1662,1429,914,486,428
7277,C4114,23,421,District - Gwalior (04),All ages,2032036,1090327,941709,758244,409349,348895,1273792,680978,592814
7278,C4114,23,421,District - Gwalior (04),0-4,178260,96124,82136,78643,42316,36327,99617,53808,45809
7279,C4114,23,421,District - Gwalior (04),5-9,204919,112385,92534,90068,48914,41154,114851,63471,51380
7280,C4114,23,421,District - Gwalior (04),10-14,227405,124743,102662,96820,52214,44606,130585,72529,58056
7281,C4114,23,421,District - Gwalior (04),15-19,225071,126423,98648,84480,48429,36051,140591,77994,62597
7282,C4114,23,421,District - Gwalior (04),20-24,206778,113371,93407,70813,39960,30853,135965,73411,62554
7283,C4114,23,421,District - Gwalior (04),25-29,175886,93307,82579,59593,32196,27397,116293,61111,55182
7284,C4114,23,421,District - Gwalior (04),30-34,151604,78621,72983,52474,26931,25543,99130,51690,47440
7285,C4114,23,421,District - Gwalior (04),35-39,142853,74279,68574,49753,26419,23334,93100,47860,45240
7286,C4114,23,421,District - Gwalior (04),40-44,121304,64106,57198,40116,21665,18451,81188,42441,38747
7287,C4114,23,421,District - Gwalior (04),45-49,103967,55109,48858,33232,17601,15631,70735,37508,33227
7288,C4114,23,421,District - Gwalior (04),50-54,79745,43340,36405,25559,14069,11490,54186,29271,24915
7289,C4114,23,421,District - Gwalior (04),55-59,60423,31148,29275,19829,10055,9774,40594,21093,19501
7290,C4114,23,421,District - Gwalior (04),60-64,54838,28559,26279,19102,10000,9102,35736,18559,17177
7291,C4114,23,421,District - Gwalior (04),65-69,36417,18116,18301,13404,6497,6907,23013,11619,11394
7292,C4114,23,421,District - Gwalior (04),70-74,27970,14225,13745,10798,5544,5254,17172,8681,8491
7293,C4114,23,421,District - Gwalior (04),75-79,13667,6587,7080,5151,2424,2727,8516,4163,4353
7294,C4114,23,421,District - Gwalior (04),80+,18391,8540,9851,7427,3578,3849,10964,4962,6002
7295,C4114,23,421,District - Gwalior (04),Age not stated,2538,1344,1194,982,537,445,1556,807,749
7296,C4114,23,422,District - Datia (05),All ages,786754,420157,366597,604772,323966,280806,181982,96191,85791
7297,C4114,23,422,District - Datia (05),0-4,75810,40631,35179,59979,32262,27717,15831,8369,7462
7298,C4114,23,422,District - Datia (05),5-9,85521,45826,39695,66909,35687,31222,18612,10139,8473
7299,C4114,23,422,District - Datia (05),10-14,92997,49929,43068,72492,38890,33602,20505,11039,9466
7300,C4114,23,422,District - Datia (05),15-19,82223,46900,35323,62156,35775,26381,20067,11125,8942
7301,C4114,23,422,District - Datia (05),20-24,73371,40355,33016,54869,30395,24474,18502,9960,8542
7302,C4114,23,422,District - Datia (05),25-29,63175,33746,29429,48185,25906,22279,14990,7840,7150
7303,C4114,23,422,District - Datia (05),30-34,58105,29868,28237,44250,22834,21416,13855,7034,6821
7304,C4114,23,422,District - Datia (05),35-39,54094,28573,25521,41247,21962,19285,12847,6611,6236
7305,C4114,23,422,District - Datia (05),40-44,45948,24916,21032,34724,18927,15797,11224,5989,5235
7306,C4114,23,422,District - Datia (05),45-49,36984,19745,17239,27848,14818,13030,9136,4927,4209
7307,C4114,23,422,District - Datia (05),50-54,29377,16220,13157,22410,12391,10019,6967,3829,3138
7308,C4114,23,422,District - Datia (05),55-59,22780,11527,11253,17552,8806,8746,5228,2721,2507
7309,C4114,23,422,District - Datia (05),60-64,22790,11651,11139,17681,9171,8510,5109,2480,2629
7310,C4114,23,422,District - Datia (05),65-69,16286,7586,8700,12811,5981,6830,3475,1605,1870
7311,C4114,23,422,District - Datia (05),70-74,13586,6535,7051,10834,5239,5595,2752,1296,1456
7312,C4114,23,422,District - Datia (05),75-79,6024,2781,3243,4768,2206,2562,1256,575,681
7313,C4114,23,422,District - Datia (05),80+,7343,3168,4175,5804,2566,3238,1539,602,937
7314,C4114,23,422,District - Datia (05),Age not stated,340,200,140,253,150,103,87,50,37
7315,C4114,23,423,District - Shivpuri (06),All ages,1726050,919795,806255,1430627,763554,667073,295423,156241,139182
7316,C4114,23,423,District - Shivpuri (06),0-4,196575,103409,93166,169378,89086,80292,27197,14323,12874
7317,C4114,23,423,District - Shivpuri (06),5-9,219664,115521,104143,188179,98526,89653,31485,16995,14490
7318,C4114,23,423,District - Shivpuri (06),10-14,218900,116342,102558,185489,98513,86976,33411,17829,15582
7319,C4114,23,423,District - Shivpuri (06),15-19,176187,99248,76939,143530,81627,61903,32657,17621,15036
7320,C4114,23,423,District - Shivpuri (06),20-24,158408,86474,71934,127556,69990,57566,30852,16484,14368
7321,C4114,23,423,District - Shivpuri (06),25-29,136350,72606,63744,110705,59145,51560,25645,13461,12184
7322,C4114,23,423,District - Shivpuri (06),30-34,120216,62655,57561,98100,51218,46882,22116,11437,10679
7323,C4114,23,423,District - Shivpuri (06),35-39,109161,58187,50974,88877,47602,41275,20284,10585,9699
7324,C4114,23,423,District - Shivpuri (06),40-44,88766,48835,39931,71248,39447,31801,17518,9388,8130
7325,C4114,23,423,District - Shivpuri (06),45-49,71509,37608,33901,56857,29876,26981,14652,7732,6920
7326,C4114,23,423,District - Shivpuri (06),50-54,57765,31834,25931,46507,25695,20812,11258,6139,5119
7327,C4114,23,423,District - Shivpuri (06),55-59,45393,22794,22599,37037,18429,18608,8356,4365,3991
7328,C4114,23,423,District - Shivpuri (06),60-64,45822,23874,21948,38613,20192,18421,7209,3682,3527
7329,C4114,23,423,District - Shivpuri (06),65-69,31508,15457,16051,26586,13040,13546,4922,2417,2505
7330,C4114,23,423,District - Shivpuri (06),70-74,24859,12748,12111,21141,10907,10234,3718,1841,1877
7331,C4114,23,423,District - Shivpuri (06),75-79,10228,4988,5240,8455,4131,4324,1773,857,916
7332,C4114,23,423,District - Shivpuri (06),80+,12414,5944,6470,10245,4970,5275,2169,974,1195
7333,C4114,23,423,District - Shivpuri (06),Age not stated,2325,1271,1054,2124,1160,964,201,111,90
7334,C4114,23,424,District - Tikamgarh (07),All ages,1445166,760355,684811,1195293,629477,565816,249873,130878,118995
7335,C4114,23,424,District - Tikamgarh (07),0-4,154660,81372,73288,131698,69198,62500,22962,12174,10788
7336,C4114,23,424,District - Tikamgarh (07),5-9,177628,93414,84214,150179,78932,71247,27449,14482,12967
7337,C4114,23,424,District - Tikamgarh (07),10-14,180988,94466,86522,151662,79097,72565,29326,15369,13957
7338,C4114,23,424,District - Tikamgarh (07),15-19,142405,78124,64281,116004,63883,52121,26401,14241,12160
7339,C4114,23,424,District - Tikamgarh (07),20-24,128450,68050,60400,103758,55056,48702,24692,12994,11698
7340,C4114,23,424,District - Tikamgarh (07),25-29,114192,59309,54883,93144,48340,44804,21048,10969,10079
7341,C4114,23,424,District - Tikamgarh (07),30-34,104949,53754,51195,86024,44066,41958,18925,9688,9237
7342,C4114,23,424,District - Tikamgarh (07),35-39,95485,50391,45094,78445,41468,36977,17040,8923,8117
7343,C4114,23,424,District - Tikamgarh (07),40-44,78651,41855,36796,64114,34221,29893,14537,7634,6903
7344,C4114,23,424,District - Tikamgarh (07),45-49,64739,34266,30473,52493,27703,24790,12246,6563,5683
7345,C4114,23,424,District - Tikamgarh (07),50-54,49612,27164,22448,40290,22121,18169,9322,5043,4279
7346,C4114,23,424,District - Tikamgarh (07),55-59,39580,20038,19542,32589,16409,16180,6991,3629,3362
7347,C4114,23,424,District - Tikamgarh (07),60-64,39553,20725,18828,32997,17454,15543,6556,3271,3285
7348,C4114,23,424,District - Tikamgarh (07),65-69,28664,14171,14493,23739,11786,11953,4925,2385,2540
7349,C4114,23,424,District - Tikamgarh (07),70-74,22319,11721,10598,18727,9943,8784,3592,1778,1814
7350,C4114,23,424,District - Tikamgarh (07),75-79,9977,4854,5123,8310,4085,4225,1667,769,898
7351,C4114,23,424,District - Tikamgarh (07),80+,12170,6080,6090,10123,5189,4934,2047,891,1156
7352,C4114,23,424,District - Tikamgarh (07),Age not stated,1144,601,543,997,526,471,147,75,72
7353,C4114,23,425,District - Chhatarpur (08),All ages,1762375,936121,826254,1363359,725273,638086,399016,210848,188168
7354,C4114,23,425,District - Chhatarpur (08),0-4,192691,100983,91708,155896,81589,74307,36795,19394,17401
7355,C4114,23,425,District - Chhatarpur (08),5-9,220541,115792,104749,178391,93532,84859,42150,22260,19890
7356,C4114,23,425,District - Chhatarpur (08),10-14,228806,120522,108284,181923,95693,86230,46883,24829,22054
7357,C4114,23,425,District - Chhatarpur (08),15-19,185110,102314,82796,141155,78433,62722,43955,23881,20074
7358,C4114,23,425,District - Chhatarpur (08),20-24,155626,85723,69903,115923,64535,51388,39703,21188,18515
7359,C4114,23,425,District - Chhatarpur (08),25-29,129862,69174,60688,96708,51706,45002,33154,17468,15686
7360,C4114,23,425,District - Chhatarpur (08),30-34,117037,60145,56892,87865,45094,42771,29172,15051,14121
7361,C4114,23,425,District - Chhatarpur (08),35-39,108308,57138,51170,81239,43055,38184,27069,14083,12986
7362,C4114,23,425,District - Chhatarpur (08),40-44,92356,49038,43318,68682,36528,32154,23674,12510,11164
7363,C4114,23,425,District - Chhatarpur (08),45-49,76359,40833,35526,56596,30160,26436,19763,10673,9090
7364,C4114,23,425,District - Chhatarpur (08),50-54,59611,32460,27151,44836,24368,20468,14775,8092,6683
7365,C4114,23,425,District - Chhatarpur (08),55-59,47879,24540,23339,36947,18744,18203,10932,5796,5136
7366,C4114,23,425,District - Chhatarpur (08),60-64,48375,25528,22847,38288,20332,17956,10087,5196,4891
7367,C4114,23,425,District - Chhatarpur (08),65-69,36734,18367,18367,29245,14667,14578,7489,3700,3789
7368,C4114,23,425,District - Chhatarpur (08),70-74,29329,15972,13357,23503,13009,10494,5826,2963,2863
7369,C4114,23,425,District - Chhatarpur (08),75-79,13745,7023,6722,11035,5679,5356,2710,1344,1366
7370,C4114,23,425,District - Chhatarpur (08),80+,16744,8846,7898,13153,7114,6039,3591,1732,1859
7371,C4114,23,425,District - Chhatarpur (08),Age not stated,3262,1723,1539,1974,1035,939,1288,688,600
7372,C4114,23,426,District - Panna (09),All ages,1016520,533480,483040,891185,467473,423712,125335,66007,59328
7373,C4114,23,426,District - Panna (09),0-4,111298,57664,53634,100655,52102,48553,10643,5562,5081
7374,C4114,23,426,District - Panna (09),5-9,127850,67136,60714,114697,60285,54412,13153,6851,6302
7375,C4114,23,426,District - Panna (09),10-14,131227,67765,63462,116563,59961,56602,14664,7804,6860
7376,C4114,23,426,District - Panna (09),15-19,105853,58133,47720,92038,50630,41408,13815,7503,6312
7377,C4114,23,426,District - Panna (09),20-24,84523,46611,37912,72351,40062,32289,12172,6549,5623
7378,C4114,23,426,District - Panna (09),25-29,74596,39095,35501,64498,33744,30754,10098,5351,4747
7379,C4114,23,426,District - Panna (09),30-34,69012,35178,33834,59799,30430,29369,9213,4748,4465
7380,C4114,23,426,District - Panna (09),35-39,65340,34064,31276,56705,29604,27101,8635,4460,4175
7381,C4114,23,426,District - Panna (09),40-44,55535,29222,26313,47768,25073,22695,7767,4149,3618
7382,C4114,23,426,District - Panna (09),45-49,45148,23789,21359,38594,20339,18255,6554,3450,3104
7383,C4114,23,426,District - Panna (09),50-54,34576,18826,15750,29624,16074,13550,4952,2752,2200
7384,C4114,23,426,District - Panna (09),55-59,26747,13516,13231,23058,11582,11476,3689,1934,1755
7385,C4114,23,426,District - Panna (09),60-64,28005,13801,14204,24629,12128,12501,3376,1673,1703
7386,C4114,23,426,District - Panna (09),65-69,23018,11322,11696,20390,10049,10341,2628,1273,1355
7387,C4114,23,426,District - Panna (09),70-74,17132,8839,8293,15221,7892,7329,1911,947,964
7388,C4114,23,426,District - Panna (09),75-79,7223,3704,3519,6308,3244,3064,915,460,455
7389,C4114,23,426,District - Panna (09),80+,8126,4171,3955,7082,3689,3393,1044,482,562
7390,C4114,23,426,District - Panna (09),Age not stated,1311,644,667,1205,585,620,106,59,47
7391,C4114,23,427,District - Sagar (10),All ages,2378458,1256257,1122201,1669662,884133,785529,708796,372124,336672
7392,C4114,23,427,District - Sagar (10),0-4,249574,128737,120837,186416,96323,90093,63158,32414,30744
7393,C4114,23,427,District - Sagar (10),5-9,267558,139581,127977,198672,103366,95306,68886,36215,32671
7394,C4114,23,427,District - Sagar (10),10-14,283714,147212,136502,208850,108276,100574,74864,38936,35928
7395,C4114,23,427,District - Sagar (10),15-19,245067,136776,108291,171438,97206,74232,73629,39570,34059
7396,C4114,23,427,District - Sagar (10),20-24,226889,125748,101141,153445,86206,67239,73444,39542,33902
7397,C4114,23,427,District - Sagar (10),25-29,197886,106272,91614,133586,72158,61428,64300,34114,30186
7398,C4114,23,427,District - Sagar (10),30-34,172821,90992,81829,117259,61385,55874,55562,29607,25955
7399,C4114,23,427,District - Sagar (10),35-39,154100,81528,72572,105048,55810,49238,49052,25718,23334
7400,C4114,23,427,District - Sagar (10),40-44,132336,70394,61942,89479,47734,41745,42857,22660,20197
7401,C4114,23,427,District - Sagar (10),45-49,109909,58800,51109,72860,38966,33894,37049,19834,17215
7402,C4114,23,427,District - Sagar (10),50-54,85379,46592,38787,56710,30811,25899,28669,15781,12888
7403,C4114,23,427,District - Sagar (10),55-59,64721,32776,31945,43594,21832,21762,21127,10944,10183
7404,C4114,23,427,District - Sagar (10),60-64,65305,32396,32909,45472,22442,23030,19833,9954,9879
7405,C4114,23,427,District - Sagar (10),65-69,47689,23044,24645,33816,16379,17437,13873,6665,7208
7406,C4114,23,427,District - Sagar (10),70-74,35397,16838,18559,25330,12184,13146,10067,4654,5413
7407,C4114,23,427,District - Sagar (10),75-79,16699,7806,8893,11602,5477,6125,5097,2329,2768
7408,C4114,23,427,District - Sagar (10),80+,20242,9078,11164,14121,6539,7582,6121,2539,3582
7409,C4114,23,427,District - Sagar (10),Age not stated,3172,1687,1485,1964,1039,925,1208,648,560
7410,C4114,23,428,District - Damoh (11),All ages,1264219,661873,602346,1013668,530471,483197,250551,131402,119149
7411,C4114,23,428,District - Damoh (11),0-4,134036,68967,65069,111801,57386,54415,22235,11581,10654
7412,C4114,23,428,District - Damoh (11),5-9,145129,75489,69640,121148,62822,58326,23981,12667,11314
7413,C4114,23,428,District - Damoh (11),10-14,149691,77463,72228,123293,63711,59582,26398,13752,12646
7414,C4114,23,428,District - Damoh (11),15-19,124119,69702,54417,98145,55756,42389,25974,13946,12028
7415,C4114,23,428,District - Damoh (11),20-24,113878,62982,50896,88264,49099,39165,25614,13883,11731
7416,C4114,23,428,District - Damoh (11),25-29,102076,53870,48206,79649,41967,37682,22427,11903,10524
7417,C4114,23,428,District - Damoh (11),30-34,92870,48364,44506,73539,38025,35514,19331,10339,8992
7418,C4114,23,428,District - Damoh (11),35-39,84584,44097,40487,67145,35021,32124,17439,9076,8363
7419,C4114,23,428,District - Damoh (11),40-44,74299,39151,35148,58503,30850,27653,15796,8301,7495
7420,C4114,23,428,District - Damoh (11),45-49,60840,32111,28729,47579,25020,22559,13261,7091,6170
7421,C4114,23,428,District - Damoh (11),50-54,46387,24954,21433,35903,19182,16721,10484,5772,4712
7422,C4114,23,428,District - Damoh (11),55-59,35129,17550,17579,27554,13701,13853,7575,3849,3726
7423,C4114,23,428,District - Damoh (11),60-64,35727,17158,18569,28589,13697,14892,7138,3461,3677
7424,C4114,23,428,District - Damoh (11),65-69,26077,12169,13908,21014,9832,11182,5063,2337,2726
7425,C4114,23,428,District - Damoh (11),70-74,19124,8877,10247,15395,7200,8195,3729,1677,2052
7426,C4114,23,428,District - Damoh (11),75-79,8896,4005,4891,7109,3196,3913,1787,809,978
7427,C4114,23,428,District - Damoh (11),80+,10063,4276,5787,8048,3468,4580,2015,808,1207
7428,C4114,23,428,District - Damoh (11),Age not stated,1294,688,606,990,538,452,304,150,154
7429,C4114,23,429,District - Satna (12),All ages,2228935,1157495,1071440,1754517,907904,846613,474418,249591,224827
7430,C4114,23,429,District - Satna (12),0-4,226573,117916,108657,186754,97069,89685,39819,20847,18972
7431,C4114,23,429,District - Satna (12),5-9,261531,137268,124263,212787,111549,101238,48744,25719,23025
7432,C4114,23,429,District - Satna (12),10-14,273366,141505,131861,218729,112395,106334,54637,29110,25527
7433,C4114,23,429,District - Satna (12),15-19,237481,126520,110961,185090,98300,86790,52391,28220,24171
7434,C4114,23,429,District - Satna (12),20-24,199951,107065,92886,153763,82478,71285,46188,24587,21601
7435,C4114,23,429,District - Satna (12),25-29,166745,86307,80438,127494,65954,61540,39251,20353,18898
7436,C4114,23,429,District - Satna (12),30-34,151485,75703,75782,116426,57893,58533,35059,17810,17249
7437,C4114,23,429,District - Satna (12),35-39,148333,75143,73190,113913,57614,56299,34420,17529,16891
7438,C4114,23,429,District - Satna (12),40-44,129552,66748,62804,99317,50803,48514,30235,15945,14290
7439,C4114,23,429,District - Satna (12),45-49,105716,55438,50278,80290,41938,38352,25426,13500,11926
7440,C4114,23,429,District - Satna (12),50-54,78620,42403,36217,59496,31755,27741,19124,10648,8476
7441,C4114,23,429,District - Satna (12),55-59,58699,30107,28592,45132,22735,22397,13567,7372,6195
7442,C4114,23,429,District - Satna (12),60-64,60320,29327,30993,48171,23148,25023,12149,6179,5970
7443,C4114,23,429,District - Satna (12),65-69,49773,24353,25420,40857,19843,21014,8916,4510,4406
7444,C4114,23,429,District - Satna (12),70-74,38678,20087,18591,32039,16688,15351,6639,3399,3240
7445,C4114,23,429,District - Satna (12),75-79,18823,9670,9153,15488,7956,7532,3335,1714,1621
7446,C4114,23,429,District - Satna (12),80+,21136,10799,10337,17110,8916,8194,4026,1883,2143
7447,C4114,23,429,District - Satna (12),Age not stated,2153,1136,1017,1661,870,791,492,266,226
7448,C4114,23,430,District - Rewa (13),All ages,2365106,1225100,1140006,1969321,1017839,951482,395785,207261,188524
7449,C4114,23,430,District - Rewa (13),0-4,237293,124801,112492,205001,107668,97333,32292,17133,15159
7450,C4114,23,430,District - Rewa (13),5-9,277293,146925,130368,237377,125463,111914,39916,21462,18454
7451,C4114,23,430,District - Rewa (13),10-14,298342,154810,143532,252541,130364,122177,45801,24446,21355
7452,C4114,23,430,District - Rewa (13),15-19,258513,136685,121828,213555,112765,100790,44958,23920,21038
7453,C4114,23,430,District - Rewa (13),20-24,210645,112302,98343,170846,91135,79711,39799,21167,18632
7454,C4114,23,430,District - Rewa (13),25-29,177989,91400,86589,144580,74036,70544,33409,17364,16045
7455,C4114,23,430,District - Rewa (13),30-34,157264,78637,78627,128768,64172,64596,28496,14465,14031
7456,C4114,23,430,District - Rewa (13),35-39,150212,75933,74279,122610,62069,60541,27602,13864,13738
7457,C4114,23,430,District - Rewa (13),40-44,126591,64076,62515,101770,51275,50495,24821,12801,12020
7458,C4114,23,430,District - Rewa (13),45-49,106168,54463,51705,84913,43301,41612,21255,11162,10093
7459,C4114,23,430,District - Rewa (13),50-54,79875,42162,37713,64183,33653,30530,15692,8509,7183
7460,C4114,23,430,District - Rewa (13),55-59,62711,31121,31590,51419,25073,26346,11292,6048,5244
7461,C4114,23,430,District - Rewa (13),60-64,68329,33035,35294,58038,27942,30096,10291,5093,5198
7462,C4114,23,430,District - Rewa (13),65-69,57976,28408,29568,50350,24716,25634,7626,3692,3934
7463,C4114,23,430,District - Rewa (13),70-74,45296,23721,21575,39532,20883,18649,5764,2838,2926
7464,C4114,23,430,District - Rewa (13),75-79,22263,11654,10609,19403,10226,9177,2860,1428,1432
7465,C4114,23,430,District - Rewa (13),80+,25778,13595,12183,22182,11882,10300,3596,1713,1883
7466,C4114,23,430,District - Rewa (13),Age not stated,2568,1372,1196,2253,1216,1037,315,156,159
7467,C4114,23,431,District - Umaria (14),All ages,644758,330674,314084,534214,273064,261150,110544,57610,52934
7468,C4114,23,431,District - Umaria (14),0-4,71844,36670,35174,62854,32117,30737,8990,4553,4437
7469,C4114,23,431,District - Umaria (14),5-9,77460,40082,37378,66477,34193,32284,10983,5889,5094
7470,C4114,23,431,District - Umaria (14),10-14,78678,39884,38794,66164,33338,32826,12514,6546,5968
7471,C4114,23,431,District - Umaria (14),15-19,64077,32943,31134,51724,26517,25207,12353,6426,5927
7472,C4114,23,431,District - Umaria (14),20-24,59844,30799,29045,48448,24811,23637,11396,5988,5408
7473,C4114,23,431,District - Umaria (14),25-29,51127,26622,24505,41495,21454,20041,9632,5168,4464
7474,C4114,23,431,District - Umaria (14),30-34,45175,22631,22544,37232,18659,18573,7943,3972,3971
7475,C4114,23,431,District - Umaria (14),35-39,43484,22266,21218,35498,18247,17251,7986,4019,3967
7476,C4114,23,431,District - Umaria (14),40-44,37686,19257,18429,30049,15382,14667,7637,3875,3762
7477,C4114,23,431,District - Umaria (14),45-49,31795,16699,15096,25051,13091,11960,6744,3608,3136
7478,C4114,23,431,District - Umaria (14),50-54,22972,12483,10489,18011,9661,8350,4961,2822,2139
7479,C4114,23,431,District - Umaria (14),55-59,17075,8845,8230,13954,7050,6904,3121,1795,1326
7480,C4114,23,431,District - Umaria (14),60-64,15399,7556,7843,13139,6454,6685,2260,1102,1158
7481,C4114,23,431,District - Umaria (14),65-69,11468,5587,5881,9907,4856,5051,1561,731,830
7482,C4114,23,431,District - Umaria (14),70-74,8417,4120,4297,7203,3582,3621,1214,538,676
7483,C4114,23,431,District - Umaria (14),75-79,3777,1894,1883,3251,1650,1601,526,244,282
7484,C4114,23,431,District - Umaria (14),80+,3876,2007,1869,3238,1725,1513,638,282,356
7485,C4114,23,431,District - Umaria (14),Age not stated,604,329,275,519,277,242,85,52,33
7486,C4114,23,432,District - Neemuch  (15),All ages,826067,422653,403414,580837,295013,285824,245230,127640,117590
7487,C4114,23,432,District - Neemuch  (15),0-4,74534,38479,36055,54287,27968,26319,20247,10511,9736
7488,C4114,23,432,District - Neemuch  (15),5-9,84579,43904,40675,61741,31842,29899,22838,12062,10776
7489,C4114,23,432,District - Neemuch  (15),10-14,88282,45746,42536,63216,32533,30683,25066,13213,11853
7490,C4114,23,432,District - Neemuch  (15),15-19,82534,42487,40047,57874,29494,28380,24660,12993,11667
7491,C4114,23,432,District - Neemuch  (15),20-24,79498,41272,38226,54698,27970,26728,24800,13302,11498
7492,C4114,23,432,District - Neemuch  (15),25-29,67568,34695,32873,46527,23864,22663,21041,10831,10210
7493,C4114,23,432,District - Neemuch  (15),30-34,64134,32315,31819,44476,22332,22144,19658,9983,9675
7494,C4114,23,432,District - Neemuch  (15),35-39,59619,30640,28979,41463,21133,20330,18156,9507,8649
7495,C4114,23,432,District - Neemuch  (15),40-44,51420,26734,24686,35479,18376,17103,15941,8358,7583
7496,C4114,23,432,District - Neemuch  (15),45-49,42230,21875,20355,28686,14729,13957,13544,7146,6398
7497,C4114,23,432,District - Neemuch  (15),50-54,34395,18161,16234,23330,12241,11089,11065,5920,5145
7498,C4114,23,432,District - Neemuch  (15),55-59,25708,12747,12961,17843,8608,9235,7865,4139,3726
7499,C4114,23,432,District - Neemuch  (15),60-64,23975,11826,12149,16947,8303,8644,7028,3523,3505
7500,C4114,23,432,District - Neemuch  (15),65-69,17536,8050,9486,12592,5687,6905,4944,2363,2581
7501,C4114,23,432,District - Neemuch  (15),70-74,14241,6640,7601,10397,4880,5517,3844,1760,2084
7502,C4114,23,432,District - Neemuch  (15),75-79,6946,3170,3776,4899,2212,2687,2047,958,1089
7503,C4114,23,432,District - Neemuch  (15),80+,8426,3671,4755,6005,2635,3370,2421,1036,1385
7504,C4114,23,432,District - Neemuch  (15),Age not stated,442,241,201,377,206,171,65,35,30
7505,C4114,23,433,District - Mandsaur (16),All ages,1340411,682851,657560,1062807,540987,521820,277604,141864,135740
7506,C4114,23,433,District - Mandsaur (16),0-4,122085,63015,59070,99524,51424,48100,22561,11591,10970
7507,C4114,23,433,District - Mandsaur (16),5-9,141786,73452,68334,115764,59700,56064,26022,13752,12270
7508,C4114,23,433,District - Mandsaur (16),10-14,148592,76860,71732,121049,62589,58460,27543,14271,13272
7509,C4114,23,433,District - Mandsaur (16),15-19,133204,68832,64372,105964,54660,51304,27240,14172,13068
7510,C4114,23,433,District - Mandsaur (16),20-24,127088,65945,61143,99969,52007,47962,27119,13938,13181
7511,C4114,23,433,District - Mandsaur (16),25-29,108245,55235,53010,84637,43367,41270,23608,11868,11740
7512,C4114,23,433,District - Mandsaur (16),30-34,102201,51326,50875,80155,40326,39829,22046,11000,11046
7513,C4114,23,433,District - Mandsaur (16),35-39,94149,47882,46267,73495,37533,35962,20654,10349,10305
7514,C4114,23,433,District - Mandsaur (16),40-44,82164,42341,39823,63721,32821,30900,18443,9520,8923
7515,C4114,23,433,District - Mandsaur (16),45-49,68347,34897,33450,52251,26646,25605,16096,8251,7845
7516,C4114,23,433,District - Mandsaur (16),50-54,54702,29052,25650,41825,22069,19756,12877,6983,5894
7517,C4114,23,433,District - Mandsaur (16),55-59,40911,20119,20792,31706,15369,16337,9205,4750,4455
7518,C4114,23,433,District - Mandsaur (16),60-64,38667,18695,19972,30333,14662,15671,8334,4033,4301
7519,C4114,23,433,District - Mandsaur (16),65-69,28601,12918,15683,22778,10144,12634,5823,2774,3049
7520,C4114,23,433,District - Mandsaur (16),70-74,23337,10980,12357,18710,8799,9911,4627,2181,2446
7521,C4114,23,433,District - Mandsaur (16),75-79,11474,4968,6506,9107,3876,5231,2367,1092,1275
7522,C4114,23,433,District - Mandsaur (16),80+,14123,5955,8168,11231,4686,6545,2892,1269,1623
7523,C4114,23,433,District - Mandsaur (16),Age not stated,735,379,356,588,309,279,147,70,77
7524,C4114,23,434,District - Ratlam (17),All ages,1455069,738241,716828,1020038,516468,503570,435031,221773,213258
7525,C4114,23,434,District - Ratlam (17),0-4,151283,77397,73886,115185,58896,56289,36098,18501,17597
7526,C4114,23,434,District - Ratlam (17),5-9,166593,86093,80500,126590,65190,61400,40003,20903,19100
7527,C4114,23,434,District - Ratlam (17),10-14,167789,86114,81675,124253,63385,60868,43536,22729,20807
7528,C4114,23,434,District - Ratlam (17),15-19,145506,75062,70444,101756,52092,49664,43750,22970,20780
7529,C4114,23,434,District - Ratlam (17),20-24,132180,68109,64071,89696,46540,43156,42484,21569,20915
7530,C4114,23,434,District - Ratlam (17),25-29,113554,57600,55954,76259,38682,37577,37295,18918,18377
7531,C4114,23,434,District - Ratlam (17),30-34,105143,52697,52446,71792,36026,35766,33351,16671,16680
7532,C4114,23,434,District - Ratlam (17),35-39,98183,49687,48496,66651,34001,32650,31532,15686,15846
7533,C4114,23,434,District - Ratlam (17),40-44,87177,44914,42263,58483,30255,28228,28694,14659,14035
7534,C4114,23,434,District - Ratlam (17),45-49,73355,37334,36021,48028,24419,23609,25327,12915,12412
7535,C4114,23,434,District - Ratlam (17),50-54,56827,30265,26562,36564,19505,17059,20263,10760,9503
7536,C4114,23,434,District - Ratlam (17),55-59,41811,20370,21441,27061,12807,14254,14750,7563,7187
7537,C4114,23,434,District - Ratlam (17),60-64,40093,19496,20597,26777,12940,13837,13316,6556,6760
7538,C4114,23,434,District - Ratlam (17),65-69,28234,12564,15670,18954,8190,10764,9280,4374,4906
7539,C4114,23,434,District - Ratlam (17),70-74,22517,10262,12255,15426,6933,8493,7091,3329,3762
7540,C4114,23,434,District - Ratlam (17),75-79,10515,4459,6056,6835,2724,4111,3680,1735,1945
7541,C4114,23,434,District - Ratlam (17),80+,13563,5426,8137,9131,3567,5564,4432,1859,2573
7542,C4114,23,434,District - Ratlam (17),Age not stated,746,392,354,597,316,281,149,76,73
7543,C4114,23,435,District - Ujjain (18),All ages,1986864,1016289,970575,1207651,616353,591298,779213,399936,379277
7544,C4114,23,435,District - Ujjain (18),0-4,187600,96418,91182,123783,63599,60184,63817,32819,30998
7545,C4114,23,435,District - Ujjain (18),5-9,209116,108750,100366,138711,71600,67111,70405,37150,33255
7546,C4114,23,435,District - Ujjain (18),10-14,218925,113801,105124,141733,73285,68448,77192,40516,36676
7547,C4114,23,435,District - Ujjain (18),15-19,194812,103401,91411,118060,62604,55456,76752,40797,35955
7548,C4114,23,435,District - Ujjain (18),20-24,183832,95506,88326,107902,56747,51155,75930,38759,37171
7549,C4114,23,435,District - Ujjain (18),25-29,162464,82191,80273,93999,47602,46397,68465,34589,33876
7550,C4114,23,435,District - Ujjain (18),30-34,148882,75566,73316,87726,44518,43208,61156,31048,30108
7551,C4114,23,435,District - Ujjain (18),35-39,136963,69341,67622,80127,40826,39301,56836,28515,28321
7552,C4114,23,435,District - Ujjain (18),40-44,119876,62299,57577,68969,36108,32861,50907,26191,24716
7553,C4114,23,435,District - Ujjain (18),45-49,102581,52602,49979,57351,29274,28077,45230,23328,21902
7554,C4114,23,435,District - Ujjain (18),50-54,81662,43807,37855,45160,24288,20872,36502,19519,16983
7555,C4114,23,435,District - Ujjain (18),55-59,61541,29891,31650,34616,16220,18396,26925,13671,13254
7556,C4114,23,435,District - Ujjain (18),60-64,60204,29633,30571,35370,17305,18065,24834,12328,12506
7557,C4114,23,435,District - Ujjain (18),65-69,41976,19304,22672,25309,11240,14069,16667,8064,8603
7558,C4114,23,435,District - Ujjain (18),70-74,34753,16240,18513,21961,10124,11837,12792,6116,6676
7559,C4114,23,435,District - Ujjain (18),75-79,16753,7240,9513,10324,4231,6093,6429,3009,3420
7560,C4114,23,435,District - Ujjain (18),80+,23613,9629,13984,15712,6352,9360,7901,3277,4624
7561,C4114,23,435,District - Ujjain (18),Age not stated,1311,670,641,838,430,408,473,240,233
7562,C4114,23,436,District - Shajapur (19),All ages,1512681,780520,732161,1219133,629273,589860,293548,151247,142301
7563,C4114,23,436,District - Shajapur (19),0-4,147536,76353,71183,120637,62526,58111,26899,13827,13072
7564,C4114,23,436,District - Shajapur (19),5-9,175620,91265,84355,144782,74982,69800,30838,16283,14555
7565,C4114,23,436,District - Shajapur (19),10-14,179228,92687,86541,145874,75365,70509,33354,17322,16032
7566,C4114,23,436,District - Shajapur (19),15-19,150466,80719,69747,119984,64521,55463,30482,16198,14284
7567,C4114,23,436,District - Shajapur (19),20-24,133332,70676,62656,105466,56338,49128,27866,14338,13528
7568,C4114,23,436,District - Shajapur (19),25-29,114979,58804,56175,91106,46733,44373,23873,12071,11802
7569,C4114,23,436,District - Shajapur (19),30-34,108625,54671,53954,86340,43455,42885,22285,11216,11069
7570,C4114,23,436,District - Shajapur (19),35-39,100434,51275,49159,79916,40865,39051,20518,10410,10108
7571,C4114,23,436,District - Shajapur (19),40-44,88694,46434,42260,70443,36903,33540,18251,9531,8720
7572,C4114,23,436,District - Shajapur (19),45-49,71988,37638,34350,56859,29619,27240,15129,8019,7110
7573,C4114,23,436,District - Shajapur (19),50-54,55059,29985,25074,43243,23576,19667,11816,6409,5407
7574,C4114,23,436,District - Shajapur (19),55-59,42810,20390,22420,34265,16073,18192,8545,4317,4228
7575,C4114,23,436,District - Shajapur (19),60-64,44742,22419,22323,36639,18392,18247,8103,4027,4076
7576,C4114,23,436,District - Shajapur (19),65-69,33992,16044,17948,28314,13348,14966,5678,2696,2982
7577,C4114,23,436,District - Shajapur (19),70-74,28730,14378,14352,24166,12164,12002,4564,2214,2350
7578,C4114,23,436,District - Shajapur (19),75-79,14574,6604,7970,12372,5626,6746,2202,978,1224
7579,C4114,23,436,District - Shajapur (19),80+,20861,9654,11207,17808,8310,9498,3053,1344,1709
7580,C4114,23,436,District - Shajapur (19),Age not stated,1011,524,487,919,477,442,92,47,45
7581,C4114,23,437,District - Dewas (20),All ages,1563715,805359,758356,1111956,571720,540236,451759,233639,218120
7582,C4114,23,437,District - Dewas (20),0-4,158473,82356,76117,117971,61193,56778,40502,21163,19339
7583,C4114,23,437,District - Dewas (20),5-9,175542,91485,84057,131127,68005,63122,44415,23480,20935
7584,C4114,23,437,District - Dewas (20),10-14,184213,95142,89071,135356,69424,65932,48857,25718,23139
7585,C4114,23,437,District - Dewas (20),15-19,159999,85844,74155,112686,60675,52011,47313,25169,22144
7586,C4114,23,437,District - Dewas (20),20-24,142601,74980,67621,97999,51946,46053,44602,23034,21568
7587,C4114,23,437,District - Dewas (20),25-29,123126,62631,60495,84647,43150,41497,38479,19481,18998
7588,C4114,23,437,District - Dewas (20),30-34,114817,58143,56674,80147,40597,39550,34670,17546,17124
7589,C4114,23,437,District - Dewas (20),35-39,104858,53019,51839,72127,36753,35374,32731,16266,16465
7590,C4114,23,437,District - Dewas (20),40-44,92390,48098,44292,62713,32774,29939,29677,15324,14353
7591,C4114,23,437,District - Dewas (20),45-49,76583,39666,36917,51667,26417,25250,24916,13249,11667
7592,C4114,23,437,District - Dewas (20),50-54,59350,32059,27291,40556,21803,18753,18794,10256,8538
7593,C4114,23,437,District - Dewas (20),55-59,44525,21834,22691,31109,14778,16331,13416,7056,6360
7594,C4114,23,437,District - Dewas (20),60-64,41918,21470,20448,30093,15447,14646,11825,6023,5802
7595,C4114,23,437,District - Dewas (20),65-69,28818,13173,15645,21028,9521,11507,7790,3652,4138
7596,C4114,23,437,District - Dewas (20),70-74,24699,12039,12660,18478,9080,9398,6221,2959,3262
7597,C4114,23,437,District - Dewas (20),75-79,12270,5222,7048,9175,3807,5368,3095,1415,1680
7598,C4114,23,437,District - Dewas (20),80+,18700,7809,10891,14392,6036,8356,4308,1773,2535
7599,C4114,23,437,District - Dewas (20),Age not stated,833,389,444,685,314,371,148,75,73
7600,C4114,23,438,District - Dhar (21),All ages,2185793,1112725,1073068,1772572,895113,877459,413221,217612,195609
7601,C4114,23,438,District - Dhar (21),0-4,251958,130247,121711,210212,108444,101768,41746,21803,19943
7602,C4114,23,438,District - Dhar (21),5-9,270034,139315,130719,225593,115787,109806,44441,23528,20913
7603,C4114,23,438,District - Dhar (21),10-14,270040,138446,131594,225640,114963,110677,44400,23483,20917
7604,C4114,23,438,District - Dhar (21),15-19,218376,113004,105372,177375,90762,86613,41001,22242,18759
7605,C4114,23,438,District - Dhar (21),20-24,194000,99164,94836,150776,76131,74645,43224,23033,20191
7606,C4114,23,438,District - Dhar (21),25-29,172918,87301,85617,133058,66689,66369,39860,20612,19248
7607,C4114,23,438,District - Dhar (21),30-34,159590,80739,78851,124208,62247,61961,35382,18492,16890
7608,C4114,23,438,District - Dhar (21),35-39,147326,74888,72438,116418,58630,57788,30908,16258,14650
7609,C4114,23,438,District - Dhar (21),40-44,124159,64769,59390,98828,50969,47859,25331,13800,11531
7610,C4114,23,438,District - Dhar (21),45-49,102168,52105,50063,82564,41461,41103,19604,10644,8960
7611,C4114,23,438,District - Dhar (21),50-54,77202,41047,36155,62881,33210,29671,14321,7837,6484
7612,C4114,23,438,District - Dhar (21),55-59,56467,27134,29333,46742,22232,24510,9725,4902,4823
7613,C4114,23,438,District - Dhar (21),60-64,50225,24745,25480,41655,20489,21166,8570,4256,4314
7614,C4114,23,438,District - Dhar (21),65-69,33004,14500,18504,27712,11972,15740,5292,2528,2764
7615,C4114,23,438,District - Dhar (21),70-74,26869,12115,14754,22751,10223,12528,4118,1892,2226
7616,C4114,23,438,District - Dhar (21),75-79,12398,5067,7331,10400,4174,6226,1998,893,1105
7617,C4114,23,438,District - Dhar (21),80+,16885,7018,9867,13945,5798,8147,2940,1220,1720
7618,C4114,23,438,District - Dhar (21),Age not stated,2174,1121,1053,1814,932,882,360,189,171
7619,C4114,23,439,District - Indore (22),All ages,3276697,1699627,1577070,848988,436755,412233,2427709,1262872,1164837
7620,C4114,23,439,District - Indore (22),0-4,293312,153357,139955,87047,45299,41748,206265,108058,98207
7621,C4114,23,439,District - Indore (22),5-9,313506,165405,148101,93283,48607,44676,220223,116798,103425
7622,C4114,23,439,District - Indore (22),10-14,324136,171050,153086,97229,50265,46964,226907,120785,106122
7623,C4114,23,439,District - Indore (22),15-19,314616,168882,145734,84282,45309,38973,230334,123573,106761
7624,C4114,23,439,District - Indore (22),20-24,327146,169302,157844,79604,41665,37939,247542,127637,119905
7625,C4114,23,439,District - Indore (22),25-29,304554,154048,150506,70349,35710,34639,234205,118338,115867
7626,C4114,23,439,District - Indore (22),30-34,270616,139133,131483,64597,32866,31731,206019,106267,99752
7627,C4114,23,439,District - Indore (22),35-39,244194,125254,118940,59209,30275,28934,184985,94979,90006
7628,C4114,23,439,District - Indore (22),40-44,205915,108300,97615,50023,26352,23671,155892,81948,73944
7629,C4114,23,439,District - Indore (22),45-49,173739,90924,82815,40710,21167,19543,133029,69757,63272
7630,C4114,23,439,District - Indore (22),50-54,133384,71256,62128,30839,16545,14294,102545,54711,47834
7631,C4114,23,439,District - Indore (22),55-59,101571,51045,50526,23737,11274,12463,77834,39771,38063
7632,C4114,23,439,District - Indore (22),60-64,92507,46895,45612,22554,11282,11272,69953,35613,34340
7633,C4114,23,439,District - Indore (22),65-69,61350,30199,31151,15309,6946,8363,46041,23253,22788
7634,C4114,23,439,District - Indore (22),70-74,46750,22786,23964,12972,5953,7019,33778,16833,16945
7635,C4114,23,439,District - Indore (22),75-79,23819,11034,12785,6092,2546,3546,17727,8488,9239
7636,C4114,23,439,District - Indore (22),80+,33715,14516,19199,9795,3984,5811,23920,10532,13388
7637,C4114,23,439,District - Indore (22),Age not stated,11867,6241,5626,1357,710,647,10510,5531,4979
7638,C4114,23,440,District - Khargone (West Nimar) (23),All ages,1873046,953121,919925,1574190,799396,774794,298856,153725,145131
7639,C4114,23,440,District - Khargone (West Nimar) (23),0-4,207176,106410,100766,180738,92613,88125,26438,13797,12641
7640,C4114,23,440,District - Khargone (West Nimar) (23),5-9,230254,117608,112646,200419,101875,98544,29835,15733,14102
7641,C4114,23,440,District - Khargone (West Nimar) (23),10-14,232091,117277,114814,199354,100310,99044,32737,16967,15770
7642,C4114,23,440,District - Khargone (West Nimar) (23),15-19,191115,99400,91715,159254,82508,76746,31861,16892,14969
7643,C4114,23,440,District - Khargone (West Nimar) (23),20-24,163882,85680,78202,134634,70361,64273,29248,15319,13929
7644,C4114,23,440,District - Khargone (West Nimar) (23),25-29,142348,72398,69950,117853,60146,57707,24495,12252,12243
7645,C4114,23,440,District - Khargone (West Nimar) (23),30-34,134521,67516,67005,111787,56189,55598,22734,11327,11407
7646,C4114,23,440,District - Khargone (West Nimar) (23),35-39,121752,62717,59035,100533,52165,48368,21219,10552,10667
7647,C4114,23,440,District - Khargone (West Nimar) (23),40-44,104742,53759,50983,85722,43874,41848,19020,9885,9135
7648,C4114,23,440,District - Khargone (West Nimar) (23),45-49,89233,46028,43205,72836,37376,35460,16397,8652,7745
7649,C4114,23,440,District - Khargone (West Nimar) (23),50-54,67921,36177,31744,55372,29450,25922,12549,6727,5822
7650,C4114,23,440,District - Khargone (West Nimar) (23),55-59,51088,25107,25981,41722,20263,21459,9366,4844,4522
7651,C4114,23,440,District - Khargone (West Nimar) (23),60-64,46648,22831,23817,38598,18850,19748,8050,3981,4069
7652,C4114,23,440,District - Khargone (West Nimar) (23),65-69,33829,15304,18525,28121,12567,15554,5708,2737,2971
7653,C4114,23,440,District - Khargone (West Nimar) (23),70-74,26118,12220,13898,21844,10193,11651,4274,2027,2247
7654,C4114,23,440,District - Khargone (West Nimar) (23),75-79,12415,5198,7217,10298,4280,6018,2117,918,1199
7655,C4114,23,440,District - Khargone (West Nimar) (23),80+,16551,6787,9764,13923,5760,8163,2628,1027,1601
7656,C4114,23,440,District - Khargone (West Nimar) (23),Age not stated,1362,704,658,1182,616,566,180,88,92
7657,C4114,23,441,District - Barwani  (24),All ages,1385881,699340,686541,1181812,594907,586905,204069,104433,99636
7658,C4114,23,441,District - Barwani  (24),0-4,185265,94771,90494,165735,84511,81224,19530,10260,9270
7659,C4114,23,441,District - Barwani  (24),5-9,197256,100405,96851,175804,89113,86691,21452,11292,10160
7660,C4114,23,441,District - Barwani  (24),10-14,185302,93089,92213,162170,80936,81234,23132,12153,10979
7661,C4114,23,441,District - Barwani  (24),15-19,135413,67935,67478,113744,56626,57118,21669,11309,10360
7662,C4114,23,441,District - Barwani  (24),20-24,118808,60228,58580,99743,50493,49250,19065,9735,9330
7663,C4114,23,441,District - Barwani  (24),25-29,101621,51265,50356,85002,42989,42013,16619,8276,8343
7664,C4114,23,441,District - Barwani  (24),30-34,92196,46583,45613,76693,38826,37867,15503,7757,7746
7665,C4114,23,441,District - Barwani  (24),35-39,82212,41656,40556,67819,34394,33425,14393,7262,7131
7666,C4114,23,441,District - Barwani  (24),40-44,70761,36768,33993,58170,30155,28015,12591,6613,5978
7667,C4114,23,441,District - Barwani  (24),45-49,57664,29200,28464,47217,23833,23384,10447,5367,5080
7668,C4114,23,441,District - Barwani  (24),50-54,43695,23194,20501,35614,18884,16730,8081,4310,3771
7669,C4114,23,441,District - Barwani  (24),55-59,33330,15932,17398,27426,12987,14439,5904,2945,2959
7670,C4114,23,441,District - Barwani  (24),60-64,30538,15087,15451,25024,12422,12602,5514,2665,2849
7671,C4114,23,441,District - Barwani  (24),65-69,20645,9337,11308,16695,7544,9151,3950,1793,2157
7672,C4114,23,441,District - Barwani  (24),70-74,14928,7025,7903,11966,5677,6289,2962,1348,1614
7673,C4114,23,441,District - Barwani  (24),75-79,6614,2788,3826,5232,2169,3063,1382,619,763
7674,C4114,23,441,District - Barwani  (24),80+,8844,3669,5175,7060,2991,4069,1784,678,1106
7675,C4114,23,441,District - Barwani  (24),Age not stated,789,408,381,698,357,341,91,51,40
7676,C4114,23,442,District - Rajgarh (25),All ages,1545814,790212,755602,1269357,648407,620950,276457,141805,134652
7677,C4114,23,442,District - Rajgarh (25),0-4,157657,81615,76042,131057,67769,63288,26600,13846,12754
7678,C4114,23,442,District - Rajgarh (25),5-9,184497,95664,88833,153914,79558,74356,30583,16106,14477
7679,C4114,23,442,District - Rajgarh (25),10-14,185713,94982,90731,153913,78510,75403,31800,16472,15328
7680,C4114,23,442,District - Rajgarh (25),15-19,152143,77841,74302,123480,62904,60576,28663,14937,13726
7681,C4114,23,442,District - Rajgarh (25),20-24,138444,70814,67630,112018,57406,54612,26426,13408,13018
7682,C4114,23,442,District - Rajgarh (25),25-29,116776,59325,57451,93541,47791,45750,23235,11534,11701
7683,C4114,23,442,District - Rajgarh (25),30-34,107835,53987,53848,86795,43429,43366,21040,10558,10482
7684,C4114,23,442,District - Rajgarh (25),35-39,99126,50623,48503,79949,40752,39197,19177,9871,9306
7685,C4114,23,442,District - Rajgarh (25),40-44,86417,45293,41124,70041,36704,33337,16376,8589,7787
7686,C4114,23,442,District - Rajgarh (25),45-49,69840,36229,33611,56287,29057,27230,13553,7172,6381
7687,C4114,23,442,District - Rajgarh (25),50-54,52746,28989,23757,42399,23460,18939,10347,5529,4818
7688,C4114,23,442,District - Rajgarh (25),55-59,41763,19591,22172,34168,15751,18417,7595,3840,3755
7689,C4114,23,442,District - Rajgarh (25),60-64,48495,24162,24333,41240,20581,20659,7255,3581,3674
7690,C4114,23,442,District - Rajgarh (25),65-69,38263,18340,19923,33087,15929,17158,5176,2411,2765
7691,C4114,23,442,District - Rajgarh (25),70-74,29721,15496,14225,25765,13646,12119,3956,1850,2106
7692,C4114,23,442,District - Rajgarh (25),75-79,14602,6769,7833,12589,5824,6765,2013,945,1068
7693,C4114,23,442,District - Rajgarh (25),80+,20857,10012,10845,18346,8931,9415,2511,1081,1430
7694,C4114,23,442,District - Rajgarh (25),Age not stated,919,480,439,768,405,363,151,75,76
7695,C4114,23,443,District - Vidisha (26),All ages,1458875,769568,689307,1119257,591962,527295,339618,177606,162012
7696,C4114,23,443,District - Vidisha (26),0-4,162260,83980,78280,130548,67493,63055,31712,16487,15225
7697,C4114,23,443,District - Vidisha (26),5-9,185817,96115,89702,148323,76417,71906,37494,19698,17796
7698,C4114,23,443,District - Vidisha (26),10-14,183520,95017,88503,145172,75018,70154,38348,19999,18349
7699,C4114,23,443,District - Vidisha (26),15-19,146426,82664,63762,111121,63370,47751,35305,19294,16011
7700,C4114,23,443,District - Vidisha (26),20-24,128079,70773,57306,94982,53381,41601,33097,17392,15705
7701,C4114,23,443,District - Vidisha (26),25-29,113137,58617,54520,83685,43863,39822,29452,14754,14698
7702,C4114,23,443,District - Vidisha (26),30-34,103574,53576,49998,76839,39771,37068,26735,13805,12930
7703,C4114,23,443,District - Vidisha (26),35-39,93100,49358,43742,69087,36951,32136,24013,12407,11606
7704,C4114,23,443,District - Vidisha (26),40-44,76906,41361,35545,56774,30585,26189,20132,10776,9356
7705,C4114,23,443,District - Vidisha (26),45-49,62110,33766,28344,45150,24516,20634,16960,9250,7710
7706,C4114,23,443,District - Vidisha (26),50-54,46072,25695,20377,33758,18915,14843,12314,6780,5534
7707,C4114,23,443,District - Vidisha (26),55-59,37098,17707,19391,28132,13087,15045,8966,4620,4346
7708,C4114,23,443,District - Vidisha (26),60-64,41846,21551,20295,32956,16975,15981,8890,4576,4314
7709,C4114,23,443,District - Vidisha (26),65-69,29306,14386,14920,23253,11494,11759,6053,2892,3161
7710,C4114,23,443,District - Vidisha (26),70-74,23357,12074,11283,18559,9760,8799,4798,2314,2484
7711,C4114,23,443,District - Vidisha (26),75-79,10485,5153,5332,8275,4037,4238,2210,1116,1094
7712,C4114,23,443,District - Vidisha (26),80+,14841,7288,7553,11934,5954,5980,2907,1334,1573
7713,C4114,23,443,District - Vidisha (26),Age not stated,941,487,454,709,375,334,232,112,120
7714,C4114,23,444,District - Bhopal (27),All ages,2371061,1236130,1134931,454010,238025,215985,1917051,998105,918946
7715,C4114,23,444,District - Bhopal (27),0-4,211429,109851,101578,50229,26080,24149,161200,83771,77429
7716,C4114,23,444,District - Bhopal (27),5-9,230636,120074,110562,57389,29826,27563,173247,90248,82999
7717,C4114,23,444,District - Bhopal (27),10-14,244474,128465,116009,58409,30797,27612,186065,97668,88397
7718,C4114,23,444,District - Bhopal (27),15-19,249734,133756,115978,49741,27176,22565,199993,106580,93413
7719,C4114,23,444,District - Bhopal (27),20-24,248169,130244,117925,41099,22143,18956,207070,108101,98969
7720,C4114,23,444,District - Bhopal (27),25-29,221372,111801,109571,34587,17598,16989,186785,94203,92582
7721,C4114,23,444,District - Bhopal (27),30-34,187412,96409,91003,31264,16099,15165,156148,80310,75838
7722,C4114,23,444,District - Bhopal (27),35-39,171734,88393,83341,28671,15075,13596,143063,73318,69745
7723,C4114,23,444,District - Bhopal (27),40-44,145412,77071,68341,23254,12510,10744,122158,64561,57597
7724,C4114,23,444,District - Bhopal (27),45-49,121036,64691,56345,18319,9707,8612,102717,54984,47733
7725,C4114,23,444,District - Bhopal (27),50-54,88810,48257,40553,13559,7497,6062,75251,40760,34491
7726,C4114,23,444,District - Bhopal (27),55-59,65584,33819,31765,10592,5035,5557,54992,28784,26208
7727,C4114,23,444,District - Bhopal (27),60-64,63425,32126,31299,11933,6014,5919,51492,26112,25380
7728,C4114,23,444,District - Bhopal (27),65-69,42850,21494,21356,8501,4189,4312,34349,17305,17044
7729,C4114,23,444,District - Bhopal (27),70-74,31975,16677,15298,6615,3465,3150,25360,13212,12148
7730,C4114,23,444,District - Bhopal (27),75-79,15232,7633,7599,3214,1525,1689,12018,6108,5910
7731,C4114,23,444,District - Bhopal (27),80+,22415,10647,11768,5387,2661,2726,17028,7986,9042
7732,C4114,23,444,District - Bhopal (27),Age not stated,9362,4722,4640,1247,628,619,8115,4094,4021
7733,C4114,23,445,District - Sehore (28),All ages,1311332,683743,627589,1062870,554636,508234,248462,129107,119355
7734,C4114,23,445,District - Sehore (28),0-4,135601,70301,65300,113576,58809,54767,22025,11492,10533
7735,C4114,23,445,District - Sehore (28),5-9,153494,80559,72935,128051,67218,60833,25443,13341,12102
7736,C4114,23,445,District - Sehore (28),10-14,164334,85403,78931,136538,70893,65645,27796,14510,13286
7737,C4114,23,445,District - Sehore (28),15-19,142131,76786,65345,113860,61625,52235,28271,15161,13110
7738,C4114,23,445,District - Sehore (28),20-24,122679,66566,56113,96956,53170,43786,25723,13396,12327
7739,C4114,23,445,District - Sehore (28),25-29,99369,51693,47676,78167,40945,37222,21202,10748,10454
7740,C4114,23,445,District - Sehore (28),30-34,91044,46344,44700,72452,36779,35673,18592,9565,9027
7741,C4114,23,445,District - Sehore (28),35-39,82769,42772,39997,65682,34070,31612,17087,8702,8385
7742,C4114,23,445,District - Sehore (28),40-44,72505,37758,34747,57441,29866,27575,15064,7892,7172
7743,C4114,23,445,District - Sehore (28),45-49,59287,31287,28000,46903,24657,22246,12384,6630,5754
7744,C4114,23,445,District - Sehore (28),50-54,43812,23887,19925,34512,18780,15732,9300,5107,4193
7745,C4114,23,445,District - Sehore (28),55-59,33200,16404,16796,26537,12960,13577,6663,3444,3219
7746,C4114,23,445,District - Sehore (28),60-64,32963,16517,16446,26729,13439,13290,6234,3078,3156
7747,C4114,23,445,District - Sehore (28),65-69,25660,12227,13433,21130,10044,11086,4530,2183,2347
7748,C4114,23,445,District - Sehore (28),70-74,21523,10845,10678,17880,9028,8852,3643,1817,1826
7749,C4114,23,445,District - Sehore (28),75-79,12043,5470,6573,10222,4623,5599,1821,847,974
7750,C4114,23,445,District - Sehore (28),80+,18410,8657,9753,15922,7568,8354,2488,1089,1399
7751,C4114,23,445,District - Sehore (28),Age not stated,508,267,241,312,162,150,196,105,91
7752,C4114,23,446,District - Raisen (29),All ages,1331597,700358,631239,1028172,539960,488212,303425,160398,143027
7753,C4114,23,446,District - Raisen (29),0-4,144225,74119,70106,114406,58742,55664,29819,15377,14442
7754,C4114,23,446,District - Raisen (29),5-9,158768,82312,76456,125218,64656,60562,33550,17656,15894
7755,C4114,23,446,District - Raisen (29),10-14,165044,85392,79652,129662,66786,62876,35382,18606,16776
7756,C4114,23,446,District - Raisen (29),15-19,137383,76063,61320,105695,58713,46982,31688,17350,14338
7757,C4114,23,446,District - Raisen (29),20-24,122457,67838,54619,91223,51148,40075,31234,16690,14544
7758,C4114,23,446,District - Raisen (29),25-29,105062,55231,49831,77599,40916,36683,27463,14315,13148
7759,C4114,23,446,District - Raisen (29),30-34,95176,49180,45996,70856,36423,34433,24320,12757,11563
7760,C4114,23,446,District - Raisen (29),35-39,86934,45170,41764,65175,33715,31460,21759,11455,10304
7761,C4114,23,446,District - Raisen (29),40-44,74195,39570,34625,56133,29763,26370,18062,9807,8255
7762,C4114,23,446,District - Raisen (29),45-49,60014,32193,27821,45725,24263,21462,14289,7930,6359
7763,C4114,23,446,District - Raisen (29),50-54,44901,24526,20375,34801,18876,15925,10100,5650,4450
7764,C4114,23,446,District - Raisen (29),55-59,34064,17035,17029,27143,13412,13731,6921,3623,3298
7765,C4114,23,446,District - Raisen (29),60-64,34162,17456,16706,27667,14227,13440,6495,3229,3266
7766,C4114,23,446,District - Raisen (29),65-69,24652,11897,12755,20079,9658,10421,4573,2239,2334
7767,C4114,23,446,District - Raisen (29),70-74,20344,10456,9888,16720,8680,8040,3624,1776,1848
7768,C4114,23,446,District - Raisen (29),75-79,9448,4599,4849,7829,3817,4012,1619,782,837
7769,C4114,23,446,District - Raisen (29),80+,13953,6898,7055,11601,5839,5762,2352,1059,1293
7770,C4114,23,446,District - Raisen (29),Age not stated,815,423,392,640,326,314,175,97,78
7771,C4114,23,447,District - Betul (30),All ages,1575362,799236,776126,1266211,640358,625853,309151,158878,150273
7772,C4114,23,447,District - Betul (30),0-4,147726,75200,72526,124966,63464,61502,22760,11736,11024
7773,C4114,23,447,District - Betul (30),5-9,160669,81808,78861,135296,68811,66485,25373,12997,12376
7774,C4114,23,447,District - Betul (30),10-14,178051,89667,88384,148898,74929,73969,29153,14738,14415
7775,C4114,23,447,District - Betul (30),15-19,172207,87138,85069,139763,70418,69345,32444,16720,15724
7776,C4114,23,447,District - Betul (30),20-24,155491,78304,77187,121792,61271,60521,33699,17033,16666
7777,C4114,23,447,District - Betul (30),25-29,124675,64103,60572,96730,49765,46965,27945,14338,13607
7778,C4114,23,447,District - Betul (30),30-34,109619,56219,53400,85651,43779,41872,23968,12440,11528
7779,C4114,23,447,District - Betul (30),35-39,102274,51574,50700,80513,40564,39949,21761,11010,10751
7780,C4114,23,447,District - Betul (30),40-44,97181,49310,47871,76088,38961,37127,21093,10349,10744
7781,C4114,23,447,District - Betul (30),45-49,83654,43331,40323,63261,33028,30233,20393,10303,10090
7782,C4114,23,447,District - Betul (30),50-54,64278,33987,30291,47336,24447,22889,16942,9540,7402
7783,C4114,23,447,District - Betul (30),55-59,48864,25503,23361,37333,18476,18857,11531,7027,4504
7784,C4114,23,447,District - Betul (30),60-64,43473,21026,22447,35468,16988,18480,8005,4038,3967
7785,C4114,23,447,District - Betul (30),65-69,32242,15296,16946,26914,12706,14208,5328,2590,2738
7786,C4114,23,447,District - Betul (30),70-74,25554,12372,13182,21483,10515,10968,4071,1857,2214
7787,C4114,23,447,District - Betul (30),75-79,12821,6104,6717,10778,5162,5616,2043,942,1101
7788,C4114,23,447,District - Betul (30),80+,15360,7649,7711,12883,6521,6362,2477,1128,1349
7789,C4114,23,447,District - Betul (30),Age not stated,1223,645,578,1058,553,505,165,92,73
7790,C4114,23,448,District - Harda  (31),All ages,570465,294838,275627,451101,233312,217789,119364,61526,57838
7791,C4114,23,448,District - Harda  (31),0-4,58367,30219,28148,48327,25042,23285,10040,5177,4863
7792,C4114,23,448,District - Harda  (31),5-9,63667,33032,30635,52050,26815,25235,11617,6217,5400
7793,C4114,23,448,District - Harda  (31),10-14,67292,34851,32441,54636,28340,26296,12656,6511,6145
7794,C4114,23,448,District - Harda  (31),15-19,60389,31867,28522,47294,24956,22338,13095,6911,6184
7795,C4114,23,448,District - Harda  (31),20-24,53362,28271,25091,41552,22230,19322,11810,6041,5769
7796,C4114,23,448,District - Harda  (31),25-29,44697,22924,21773,34352,17748,16604,10345,5176,5169
7797,C4114,23,448,District - Harda  (31),30-34,40211,20413,19798,30964,15762,15202,9247,4651,4596
7798,C4114,23,448,District - Harda  (31),35-39,37519,19066,18453,29025,14732,14293,8494,4334,4160
7799,C4114,23,448,District - Harda  (31),40-44,33008,17051,15957,25475,13159,12316,7533,3892,3641
7800,C4114,23,448,District - Harda  (31),45-49,28144,14975,13169,21629,11449,10180,6515,3526,2989
7801,C4114,23,448,District - Harda  (31),50-54,21434,11410,10024,16561,8810,7751,4873,2600,2273
7802,C4114,23,448,District - Harda  (31),55-59,16450,8587,7863,12636,6519,6117,3814,2068,1746
7803,C4114,23,448,District - Harda  (31),60-64,14657,7386,7271,11437,5804,5633,3220,1582,1638
7804,C4114,23,448,District - Harda  (31),65-69,10573,5005,5568,8374,3996,4378,2199,1009,1190
7805,C4114,23,448,District - Harda  (31),70-74,8957,4290,4667,7166,3440,3726,1791,850,941
7806,C4114,23,448,District - Harda  (31),75-79,4753,2248,2505,3831,1788,2043,922,460,462
7807,C4114,23,448,District - Harda  (31),80+,6593,3038,3555,5436,2538,2898,1157,500,657
7808,C4114,23,448,District - Harda  (31),Age not stated,392,205,187,356,184,172,36,21,15
7809,C4114,23,449,District - Hoshangabad (32),All ages,1241350,648725,592625,851364,445062,406302,389986,203663,186323
7810,C4114,23,449,District - Hoshangabad (32),0-4,113965,59054,54911,83920,43420,40500,30045,15634,14411
7811,C4114,23,449,District - Hoshangabad (32),5-9,126511,66256,60255,92506,48146,44360,34005,18110,15895
7812,C4114,23,449,District - Hoshangabad (32),10-14,136357,70536,65821,99087,51010,48077,37270,19526,17744
7813,C4114,23,449,District - Hoshangabad (32),15-19,130215,70402,59813,90940,49515,41425,39275,20887,18388
7814,C4114,23,449,District - Hoshangabad (32),20-24,119694,65040,54654,79122,43834,35288,40572,21206,19366
7815,C4114,23,449,District - Hoshangabad (32),25-29,104026,54510,49516,67521,35555,31966,36505,18955,17550
7816,C4114,23,449,District - Hoshangabad (32),30-34,92122,47774,44348,60581,31323,29258,31541,16451,15090
7817,C4114,23,449,District - Hoshangabad (32),35-39,85841,43971,41870,57331,29358,27973,28510,14613,13897
7818,C4114,23,449,District - Hoshangabad (32),40-44,75261,39267,35994,49925,26187,23738,25336,13080,12256
7819,C4114,23,449,District - Hoshangabad (32),45-49,65008,34410,30598,41459,22194,19265,23549,12216,11333
7820,C4114,23,449,District - Hoshangabad (32),50-54,50196,27101,23095,31655,16868,14787,18541,10233,8308
7821,C4114,23,449,District - Hoshangabad (32),55-59,38053,19790,18263,24433,12293,12140,13620,7497,6123
7822,C4114,23,449,District - Hoshangabad (32),60-64,35937,17821,18116,24492,11999,12493,11445,5822,5623
7823,C4114,23,449,District - Hoshangabad (32),65-69,25417,12285,13132,17892,8495,9397,7525,3790,3735
7824,C4114,23,449,District - Hoshangabad (32),70-74,19919,9601,10318,14401,7050,7351,5518,2551,2967
7825,C4114,23,449,District - Hoshangabad (32),75-79,9581,4485,5096,6743,3164,3579,2838,1321,1517
7826,C4114,23,449,District - Hoshangabad (32),80+,12398,5917,6481,8917,4396,4521,3481,1521,1960
7827,C4114,23,449,District - Hoshangabad (32),Age not stated,849,505,344,439,255,184,410,250,160
7828,C4114,23,450,District - Katni  (33),All ages,1292042,662013,630029,1028499,525188,503311,263543,136825,126718
7829,C4114,23,450,District - Katni  (33),0-4,133644,68426,65218,112300,57257,55043,21344,11169,10175
7830,C4114,23,450,District - Katni  (33),5-9,148878,77045,71833,124083,64001,60082,24795,13044,11751
7831,C4114,23,450,District - Katni  (33),10-14,151602,77350,74252,124981,63271,61710,26621,14079,12542
7832,C4114,23,450,District - Katni  (33),15-19,130145,68112,62033,104101,54346,49755,26044,13766,12278
7833,C4114,23,450,District - Katni  (33),20-24,114601,59445,55156,88524,46179,42345,26077,13266,12811
7834,C4114,23,450,District - Katni  (33),25-29,99544,51037,48507,76113,39086,37027,23431,11951,11480
7835,C4114,23,450,District - Katni  (33),30-34,92676,46411,46265,71301,35436,35865,21375,10975,10400
7836,C4114,23,450,District - Katni  (33),35-39,88944,45279,43665,69141,35210,33931,19803,10069,9734
7837,C4114,23,450,District - Katni  (33),40-44,79146,40617,38529,61226,31340,29886,17920,9277,8643
7838,C4114,23,450,District - Katni  (33),45-49,65816,34544,31272,50195,26425,23770,15621,8119,7502
7839,C4114,23,450,District - Katni  (33),50-54,49985,26435,23550,37747,19761,17986,12238,6674,5564
7840,C4114,23,450,District - Katni  (33),55-59,37234,19363,17871,28319,14411,13908,8915,4952,3963
7841,C4114,23,450,District - Katni  (33),60-64,34997,16778,18219,27891,13180,14711,7106,3598,3508
7842,C4114,23,450,District - Katni  (33),65-69,25724,12283,13441,20918,9933,10985,4806,2350,2456
7843,C4114,23,450,District - Katni  (33),70-74,18926,9137,9789,15291,7357,7934,3635,1780,1855
7844,C4114,23,450,District - Katni  (33),75-79,8844,4238,4606,7031,3364,3667,1813,874,939
7845,C4114,23,450,District - Katni  (33),80+,10147,4909,5238,8234,4071,4163,1913,838,1075
7846,C4114,23,450,District - Katni  (33),Age not stated,1189,604,585,1103,560,543,86,44,42
7847,C4114,23,451,District - Jabalpur (34),All ages,2463289,1277278,1186011,1023255,527031,496224,1440034,750247,689787
7848,C4114,23,451,District - Jabalpur (34),0-4,205917,107027,98890,98997,51141,47856,106920,55886,51034
7849,C4114,23,451,District - Jabalpur (34),5-9,225309,117410,107899,106918,55036,51882,118391,62374,56017
7850,C4114,23,451,District - Jabalpur (34),10-14,244150,126478,117672,113887,58232,55655,130263,68246,62017
7851,C4114,23,451,District - Jabalpur (34),15-19,247601,132565,115036,105305,56731,48574,142296,75834,66462
7852,C4114,23,451,District - Jabalpur (34),20-24,247013,131524,115489,94038,50596,43442,152975,80928,72047
7853,C4114,23,451,District - Jabalpur (34),25-29,217379,112129,105250,82520,42885,39635,134859,69244,65615
7854,C4114,23,451,District - Jabalpur (34),30-34,194062,99963,94099,76271,38714,37557,117791,61249,56542
7855,C4114,23,451,District - Jabalpur (34),35-39,182748,93798,88950,73704,37762,35942,109044,56036,53008
7856,C4114,23,451,District - Jabalpur (34),40-44,162583,84568,78015,65243,33786,31457,97340,50782,46558
7857,C4114,23,451,District - Jabalpur (34),45-49,139792,72961,66831,53512,28306,25206,86280,44655,41625
7858,C4114,23,451,District - Jabalpur (34),50-54,107978,57287,50691,38906,20695,18211,69072,36592,32480
7859,C4114,23,451,District - Jabalpur (34),55-59,82683,42549,40134,29513,14619,14894,53170,27930,25240
7860,C4114,23,451,District - Jabalpur (34),60-64,72707,36294,36413,28376,13407,14969,44331,22887,21444
7861,C4114,23,451,District - Jabalpur (34),65-69,49428,24082,25346,21031,9623,11408,28397,14459,13938
7862,C4114,23,451,District - Jabalpur (34),70-74,36499,17346,19153,16085,7154,8931,20414,10192,10222
7863,C4114,23,451,District - Jabalpur (34),75-79,18586,8498,10088,7911,3464,4447,10675,5034,5641
7864,C4114,23,451,District - Jabalpur (34),80+,24022,10312,13710,9936,4338,5598,14086,5974,8112
7865,C4114,23,451,District - Jabalpur (34),Age not stated,4832,2487,2345,1102,542,560,3730,1945,1785
7866,C4114,23,452,District - Narsimhapur (35),All ages,1091854,568810,523044,888314,462699,425615,203540,106111,97429
7867,C4114,23,452,District - Narsimhapur (35),0-4,100429,52354,48075,84581,44029,40552,15848,8325,7523
7868,C4114,23,452,District - Narsimhapur (35),5-9,106564,55608,50956,88780,46146,42634,17784,9462,8322
7869,C4114,23,452,District - Narsimhapur (35),10-14,115246,59995,55251,95175,49349,45826,20071,10646,9425
7870,C4114,23,452,District - Narsimhapur (35),15-19,106238,58419,47819,86370,47751,38619,19868,10668,9200
7871,C4114,23,452,District - Narsimhapur (35),20-24,100999,54160,46839,81245,43817,37428,19754,10343,9411
7872,C4114,23,452,District - Narsimhapur (35),25-29,90939,47629,43310,72878,38365,34513,18061,9264,8797
7873,C4114,23,452,District - Narsimhapur (35),30-34,81715,41555,40160,65302,33245,32057,16413,8310,8103
7874,C4114,23,452,District - Narsimhapur (35),35-39,78190,40136,38054,62614,32120,30494,15576,8016,7560
7875,C4114,23,452,District - Narsimhapur (35),40-44,69679,35895,33784,55721,28651,27070,13958,7244,6714
7876,C4114,23,452,District - Narsimhapur (35),45-49,59976,31807,28169,47855,25310,22545,12121,6497,5624
7877,C4114,23,452,District - Narsimhapur (35),50-54,46082,24662,21420,36375,19485,16890,9707,5177,4530
7878,C4114,23,452,District - Narsimhapur (35),55-59,34894,17839,17055,27936,14100,13836,6958,3739,3219
7879,C4114,23,452,District - Narsimhapur (35),60-64,33914,16911,17003,27642,13697,13945,6272,3214,3058
7880,C4114,23,452,District - Narsimhapur (35),65-69,24419,11796,12623,20273,9771,10502,4146,2025,2121
7881,C4114,23,452,District - Narsimhapur (35),70-74,19109,9080,10029,15948,7619,8329,3161,1461,1700
7882,C4114,23,452,District - Narsimhapur (35),75-79,10211,4616,5595,8560,3839,4721,1651,777,874
7883,C4114,23,452,District - Narsimhapur (35),80+,12202,5787,6415,10209,4937,5272,1993,850,1143
7884,C4114,23,452,District - Narsimhapur (35),Age not stated,1048,561,487,850,468,382,198,93,105
7885,C4114,23,453,District - Dindori  (36),All ages,704524,351913,352611,672206,335393,336813,32318,16520,15798
7886,C4114,23,453,District - Dindori  (36),0-4,78687,39895,38792,75843,38486,37357,2844,1409,1435
7887,C4114,23,453,District - Dindori  (36),5-9,78852,39719,39133,75756,38132,37624,3096,1587,1509
7888,C4114,23,453,District - Dindori  (36),10-14,76910,38286,38624,73663,36601,37062,3247,1685,1562
7889,C4114,23,453,District - Dindori  (36),15-19,65906,33541,32365,62728,31894,30834,3178,1647,1531
7890,C4114,23,453,District - Dindori  (36),20-24,62273,30428,31845,59051,28802,30249,3222,1626,1596
7891,C4114,23,453,District - Dindori  (36),25-29,56903,28711,28192,54018,27273,26745,2885,1438,1447
7892,C4114,23,453,District - Dindori  (36),30-34,50009,24349,25660,47354,23007,24347,2655,1342,1313
7893,C4114,23,453,District - Dindori  (36),35-39,51218,25982,25236,48694,24707,23987,2524,1275,1249
7894,C4114,23,453,District - Dindori  (36),40-44,42965,21537,21428,40669,20331,20338,2296,1206,1090
7895,C4114,23,453,District - Dindori  (36),45-49,37649,19446,18203,35794,18447,17347,1855,999,856
7896,C4114,23,453,District - Dindori  (36),50-54,27275,14081,13194,25848,13281,12567,1427,800,627
7897,C4114,23,453,District - Dindori  (36),55-59,21178,10408,10770,20226,9891,10335,952,517,435
7898,C4114,23,453,District - Dindori  (36),60-64,20181,9503,10678,19397,9137,10260,784,366,418
7899,C4114,23,453,District - Dindori  (36),65-69,14261,6822,7439,13710,6563,7147,551,259,292
7900,C4114,23,453,District - Dindori  (36),70-74,9570,4320,5250,9165,4137,5028,405,183,222
7901,C4114,23,453,District - Dindori  (36),75-79,4560,2048,2512,4364,1951,2413,196,97,99
7902,C4114,23,453,District - Dindori  (36),80+,5497,2505,2992,5307,2429,2878,190,76,114
7903,C4114,23,453,District - Dindori  (36),Age not stated,630,332,298,619,324,295,11,8,3
7904,C4114,23,454,District - Mandla (37),All ages,1054905,525272,529633,924716,459151,465565,130189,66121,64068
7905,C4114,23,454,District - Mandla (37),0-4,104807,53024,51783,95132,47985,47147,9675,5039,4636
7906,C4114,23,454,District - Mandla (37),5-9,111796,56788,55008,100818,51143,49675,10978,5645,5333
7907,C4114,23,454,District - Mandla (37),10-14,113499,56720,56779,101191,50359,50832,12308,6361,5947
7908,C4114,23,454,District - Mandla (37),15-19,104957,53435,51522,91613,46563,45050,13344,6872,6472
7909,C4114,23,454,District - Mandla (37),20-24,96245,48205,48040,82785,41426,41359,13460,6779,6681
7910,C4114,23,454,District - Mandla (37),25-29,83490,41991,41499,71939,36199,35740,11551,5792,5759
7911,C4114,23,454,District - Mandla (37),30-34,74634,36448,38186,64065,31179,32886,10569,5269,5300
7912,C4114,23,454,District - Mandla (37),35-39,75782,37450,38332,65792,32478,33314,9990,4972,5018
7913,C4114,23,454,District - Mandla (37),40-44,68750,34122,34628,59261,29351,29910,9489,4771,4718
7914,C4114,23,454,District - Mandla (37),45-49,59387,30258,29129,51183,25957,25226,8204,4301,3903
7915,C4114,23,454,District - Mandla (37),50-54,43897,22690,21207,37655,19338,18317,6242,3352,2890
7916,C4114,23,454,District - Mandla (37),55-59,33398,16441,16957,28957,14073,14884,4441,2368,2073
7917,C4114,23,454,District - Mandla (37),60-64,31149,14431,16718,27624,12724,14900,3525,1707,1818
7918,C4114,23,454,District - Mandla (37),65-69,21768,9761,12007,19255,8598,10657,2513,1163,1350
7919,C4114,23,454,District - Mandla (37),70-74,15133,6520,8613,13243,5672,7571,1890,848,1042
7920,C4114,23,454,District - Mandla (37),75-79,6866,2843,4023,5918,2412,3506,948,431,517
7921,C4114,23,454,District - Mandla (37),80+,8299,3594,4705,7294,3174,4120,1005,420,585
7922,C4114,23,454,District - Mandla (37),Age not stated,1048,551,497,991,520,471,57,31,26
7923,C4114,23,455,District - Chhindwara (38),All ages,2090922,1064468,1026454,1585739,806199,779540,505183,258269,246914
7924,C4114,23,455,District - Chhindwara (38),0-4,189707,96706,93001,151945,77443,74502,37762,19263,18499
7925,C4114,23,455,District - Chhindwara (38),5-9,208664,106781,101883,166430,84802,81628,42234,21979,20255
7926,C4114,23,455,District - Chhindwara (38),10-14,228118,115993,112125,180032,91352,88680,48086,24641,23445
7927,C4114,23,455,District - Chhindwara (38),15-19,226915,117175,109740,176404,90963,85441,50511,26212,24299
7928,C4114,23,455,District - Chhindwara (38),20-24,208854,108526,100328,156159,81648,74511,52695,26878,25817
7929,C4114,23,455,District - Chhindwara (38),25-29,170005,88138,81867,122995,64018,58977,47010,24120,22890
7930,C4114,23,455,District - Chhindwara (38),30-34,149620,76005,73615,109114,55263,53851,40506,20742,19764
7931,C4114,23,455,District - Chhindwara (38),35-39,143285,72241,71044,105818,53189,52629,37467,19052,18415
7932,C4114,23,455,District - Chhindwara (38),40-44,131728,67233,64495,97908,49730,48178,33820,17503,16317
7933,C4114,23,455,District - Chhindwara (38),45-49,110683,57882,52801,81362,42589,38773,29321,15293,14028
7934,C4114,23,455,District - Chhindwara (38),50-54,84764,44248,40516,60776,31880,28896,23988,12368,11620
7935,C4114,23,455,District - Chhindwara (38),55-59,65312,33361,31951,47027,23573,23454,18285,9788,8497
7936,C4114,23,455,District - Chhindwara (38),60-64,60292,29163,31129,44581,21293,23288,15711,7870,7841
7937,C4114,23,455,District - Chhindwara (38),65-69,42376,19246,23130,31830,14313,17517,10546,4933,5613
7938,C4114,23,455,District - Chhindwara (38),70-74,33353,15077,18276,25378,11538,13840,7975,3539,4436
7939,C4114,23,455,District - Chhindwara (38),75-79,16373,7297,9076,12171,5365,6806,4202,1932,2270
7940,C4114,23,455,District - Chhindwara (38),80+,19507,8688,10819,14880,6749,8131,4627,1939,2688
7941,C4114,23,455,District - Chhindwara (38),Age not stated,1366,708,658,929,491,438,437,217,220
7942,C4114,23,456,District - Seoni (39),All ages,1379131,695879,683252,1215241,612314,602927,163890,83565,80325
7943,C4114,23,456,District - Seoni (39),0-4,125376,64156,61220,113148,57729,55419,12228,6427,5801
7944,C4114,23,456,District - Seoni (39),5-9,141471,71820,69651,127553,64602,62951,13918,7218,6700
7945,C4114,23,456,District - Seoni (39),10-14,155071,77545,77526,139044,69289,69755,16027,8256,7771
7946,C4114,23,456,District - Seoni (39),15-19,148222,76145,72077,131416,67414,64002,16806,8731,8075
7947,C4114,23,456,District - Seoni (39),20-24,130909,67733,63176,114048,59313,54735,16861,8420,8441
7948,C4114,23,456,District - Seoni (39),25-29,108873,55665,53208,94041,48318,45723,14832,7347,7485
7949,C4114,23,456,District - Seoni (39),30-34,100597,50132,50465,87085,43281,43804,13512,6851,6661
7950,C4114,23,456,District - Seoni (39),35-39,96835,48961,47874,84630,42725,41905,12205,6236,5969
7951,C4114,23,456,District - Seoni (39),40-44,90032,44999,45033,78521,39254,39267,11511,5745,5766
7952,C4114,23,456,District - Seoni (39),45-49,75573,39299,36274,65583,34045,31538,9990,5254,4736
7953,C4114,23,456,District - Seoni (39),50-54,56491,29413,27078,48659,25239,23420,7832,4174,3658
7954,C4114,23,456,District - Seoni (39),55-59,42669,21464,21205,37054,18509,18545,5615,2955,2660
7955,C4114,23,456,District - Seoni (39),60-64,38556,18035,20521,33867,15747,18120,4689,2288,2401
7956,C4114,23,456,District - Seoni (39),65-69,27661,12510,15151,24634,11048,13586,3027,1462,1565
7957,C4114,23,456,District - Seoni (39),70-74,20443,9083,11360,18114,7985,10129,2329,1098,1231
7958,C4114,23,456,District - Seoni (39),75-79,9246,3972,5274,8110,3456,4654,1136,516,620
7959,C4114,23,456,District - Seoni (39),80+,10171,4461,5710,8870,3902,4968,1301,559,742
7960,C4114,23,456,District - Seoni (39),Age not stated,935,486,449,864,458,406,71,28,43
7961,C4114,23,457,District - Balaghat (40),All ages,1701698,842178,859520,1456882,719794,737088,244816,122384,122432
7962,C4114,23,457,District - Balaghat (40),0-4,149456,75930,73526,131259,66542,64717,18197,9388,8809
7963,C4114,23,457,District - Balaghat (40),5-9,165181,83482,81699,144573,72831,71742,20608,10651,9957
7964,C4114,23,457,District - Balaghat (40),10-14,178928,90349,88579,155314,78216,77098,23614,12133,11481
7965,C4114,23,457,District - Balaghat (40),15-19,178320,88334,89986,153275,75749,77526,25045,12585,12460
7966,C4114,23,457,District - Balaghat (40),20-24,161929,79365,82564,137324,67271,70053,24605,12094,12511
7967,C4114,23,457,District - Balaghat (40),25-29,135959,68790,67169,114301,58039,56262,21658,10751,10907
7968,C4114,23,457,District - Balaghat (40),30-34,122853,60079,62774,103757,50607,53150,19096,9472,9624
7969,C4114,23,457,District - Balaghat (40),35-39,120046,59345,60701,101631,50355,51276,18415,8990,9425
7970,C4114,23,457,District - Balaghat (40),40-44,114358,56973,57385,96898,48285,48613,17460,8688,8772
7971,C4114,23,457,District - Balaghat (40),45-49,96348,48560,47788,81014,40846,40168,15334,7714,7620
7972,C4114,23,457,District - Balaghat (40),50-54,76188,37976,38212,63974,31654,32320,12214,6322,5892
7973,C4114,23,457,District - Balaghat (40),55-59,60245,29705,30540,51027,24845,26182,9218,4860,4358
7974,C4114,23,457,District - Balaghat (40),60-64,54855,24795,30060,47399,21307,26092,7456,3488,3968
7975,C4114,23,457,District - Balaghat (40),65-69,38509,16937,21572,33682,14770,18912,4827,2167,2660
7976,C4114,23,457,District - Balaghat (40),70-74,26085,11557,14528,22679,10045,12634,3406,1512,1894
7977,C4114,23,457,District - Balaghat (40),75-79,10416,4666,5750,8784,3947,4837,1632,719,913
7978,C4114,23,457,District - Balaghat (40),80+,10501,4578,5923,8816,3911,4905,1685,667,1018
7979,C4114,23,457,District - Balaghat (40),Age not stated,1521,757,764,1175,574,601,346,183,163
7980,C4114,23,458,District - Guna (41),All ages,1241519,649362,592157,928844,486127,442717,312675,163235,149440
7981,C4114,23,458,District - Guna (41),0-4,142017,74169,67848,111685,58344,53341,30332,15825,14507
7982,C4114,23,458,District - Guna (41),5-9,160809,83606,77203,125302,64730,60572,35507,18876,16631
7983,C4114,23,458,District - Guna (41),10-14,157522,82506,75016,121248,63361,57887,36274,19145,17129
7984,C4114,23,458,District - Guna (41),15-19,124408,66466,57942,91302,48766,42536,33106,17700,15406
7985,C4114,23,458,District - Guna (41),20-24,112185,58632,53553,81332,42813,38519,30853,15819,15034
7986,C4114,23,458,District - Guna (41),25-29,96209,49669,46540,69279,36025,33254,26930,13644,13286
7987,C4114,23,458,District - Guna (41),30-34,87193,44548,42645,63190,32319,30871,24003,12229,11774
7988,C4114,23,458,District - Guna (41),35-39,79059,41160,37899,57096,29889,27207,21963,11271,10692
7989,C4114,23,458,District - Guna (41),40-44,65384,35324,30060,47082,25573,21509,18302,9751,8551
7990,C4114,23,458,District - Guna (41),45-49,53540,28129,25411,38514,20070,18444,15026,8059,6967
7991,C4114,23,458,District - Guna (41),50-54,39792,22698,17094,28606,16473,12133,11186,6225,4961
7992,C4114,23,458,District - Guna (41),55-59,30636,14896,15740,22508,10644,11864,8128,4252,3876
7993,C4114,23,458,District - Guna (41),60-64,32440,16910,15530,24843,13066,11777,7597,3844,3753
7994,C4114,23,458,District - Guna (41),65-69,22768,11207,11561,17665,8728,8937,5103,2479,2624
7995,C4114,23,458,District - Guna (41),70-74,17926,9684,8242,13949,7666,6283,3977,2018,1959
7996,C4114,23,458,District - Guna (41),75-79,8095,3920,4175,6376,3073,3303,1719,847,872
7997,C4114,23,458,District - Guna (41),80+,10447,5239,5208,8259,4230,4029,2188,1009,1179
7998,C4114,23,458,District - Guna (41),Age not stated,1089,599,490,608,357,251,481,242,239
7999,C4114,23,459,District - Ashoknagar (42),All ages,845071,443837,401234,691387,363411,327976,153684,80426,73258
8000,C4114,23,459,District - Ashoknagar (42),0-4,95731,49632,46099,80887,41924,38963,14844,7708,7136
8001,C4114,23,459,District - Ashoknagar (42),5-9,108080,56146,51934,90429,46825,43604,17651,9321,8330
8002,C4114,23,459,District - Ashoknagar (42),10-14,105949,55486,50463,87828,45836,41992,18121,9650,8471
8003,C4114,23,459,District - Ashoknagar (42),15-19,81879,44978,36901,66067,36417,29650,15812,8561,7251
8004,C4114,23,459,District - Ashoknagar (42),20-24,75819,39969,35850,61008,32353,28655,14811,7616,7195
8005,C4114,23,459,District - Ashoknagar (42),25-29,67952,35575,32377,54638,28805,25833,13314,6770,6544
8006,C4114,23,459,District - Ashoknagar (42),30-34,60220,31065,29155,48383,25012,23371,11837,6053,5784
8007,C4114,23,459,District - Ashoknagar (42),35-39,53375,28330,25045,42798,22730,20068,10577,5600,4977
8008,C4114,23,459,District - Ashoknagar (42),40-44,44656,23924,20732,35949,19353,16596,8707,4571,4136
8009,C4114,23,459,District - Ashoknagar (42),45-49,36521,19428,17093,29075,15354,13721,7446,4074,3372
8010,C4114,23,459,District - Ashoknagar (42),50-54,27554,15427,12127,22119,12431,9688,5435,2996,2439
8011,C4114,23,459,District - Ashoknagar (42),55-59,20826,10075,10751,16817,8023,8794,4009,2052,1957
8012,C4114,23,459,District - Ashoknagar (42),60-64,23178,11987,11191,19190,9963,9227,3988,2024,1964
8013,C4114,23,459,District - Ashoknagar (42),65-69,16699,8314,8385,13946,6991,6955,2753,1323,1430
8014,C4114,23,459,District - Ashoknagar (42),70-74,12896,6695,6201,10821,5695,5126,2075,1000,1075
8015,C4114,23,459,District - Ashoknagar (42),75-79,5619,2765,2854,4709,2339,2370,910,426,484
8016,C4114,23,459,District - Ashoknagar (42),80+,7359,3655,3704,6123,3067,3056,1236,588,648
8017,C4114,23,459,District - Ashoknagar (42),Age not stated,758,386,372,600,293,307,158,93,65
8018,C4114,23,460,District - Shahdol (43),All ages,1066063,540021,526042,846463,426583,419880,219600,113438,106162
8019,C4114,23,460,District - Shahdol (43),0-4,112298,57064,55234,95012,48262,46750,17286,8802,8484
8020,C4114,23,460,District - Shahdol (43),5-9,117807,60357,57450,97596,49624,47972,20211,10733,9478
8021,C4114,23,460,District - Shahdol (43),10-14,125014,62836,62178,101776,50851,50925,23238,11985,11253
8022,C4114,23,460,District - Shahdol (43),15-19,102983,52905,50078,79386,40670,38716,23597,12235,11362
8023,C4114,23,460,District - Shahdol (43),20-24,102082,51554,50528,78973,39580,39393,23109,11974,11135
8024,C4114,23,460,District - Shahdol (43),25-29,85435,43701,41734,65955,33738,32217,19480,9963,9517
8025,C4114,23,460,District - Shahdol (43),30-34,75360,37429,37931,58609,28874,29735,16751,8555,8196
8026,C4114,23,460,District - Shahdol (43),35-39,73332,36787,36545,57561,28842,28719,15771,7945,7826
8027,C4114,23,460,District - Shahdol (43),40-44,65042,32894,32148,50247,25291,24956,14795,7603,7192
8028,C4114,23,460,District - Shahdol (43),45-49,55411,28653,26758,42684,22040,20644,12727,6613,6114
8029,C4114,23,460,District - Shahdol (43),50-54,40763,21534,19229,30590,15920,14670,10173,5614,4559
8030,C4114,23,460,District - Shahdol (43),55-59,31174,15885,15289,24121,12032,12089,7053,3853,3200
8031,C4114,23,460,District - Shahdol (43),60-64,29337,14139,15198,23631,11285,12346,5706,2854,2852
8032,C4114,23,460,District - Shahdol (43),65-69,21236,10209,11027,17298,8345,8953,3938,1864,2074
8033,C4114,23,460,District - Shahdol (43),70-74,14586,7105,7481,11767,5709,6058,2819,1396,1423
8034,C4114,23,460,District - Shahdol (43),75-79,6504,3229,3275,5159,2542,2617,1345,687,658
8035,C4114,23,460,District - Shahdol (43),80+,7055,3389,3666,5581,2703,2878,1474,686,788
8036,C4114,23,460,District - Shahdol (43),Age not stated,644,351,293,517,275,242,127,76,51
8037,C4114,23,461,District - Anuppur (44),All ages,749237,379114,370123,543996,272030,271966,205241,107084,98157
8038,C4114,23,461,District - Anuppur (44),0-4,73939,37573,36366,57822,29268,28554,16117,8305,7812
8039,C4114,23,461,District - Anuppur (44),5-9,79035,40554,38481,59568,30362,29206,19467,10192,9275
8040,C4114,23,461,District - Anuppur (44),10-14,84885,42597,42288,62094,30634,31460,22791,11963,10828
8041,C4114,23,461,District - Anuppur (44),15-19,74057,38261,35796,49914,25593,24321,24143,12668,11475
8042,C4114,23,461,District - Anuppur (44),20-24,72692,36654,36038,50132,24822,25310,22560,11832,10728
8043,C4114,23,461,District - Anuppur (44),25-29,60346,31029,29317,43543,22094,21449,16803,8935,7868
8044,C4114,23,461,District - Anuppur (44),30-34,51917,25879,26038,38299,18818,19481,13618,7061,6557
8045,C4114,23,461,District - Anuppur (44),35-39,51793,25775,26018,38769,19440,19329,13024,6335,6689
8046,C4114,23,461,District - Anuppur (44),40-44,46601,22951,23650,33089,16499,16590,13512,6452,7060
8047,C4114,23,461,District - Anuppur (44),45-49,43209,21983,21226,29102,14865,14237,14107,7118,6989
8048,C4114,23,461,District - Anuppur (44),50-54,32344,17161,15183,20863,10596,10267,11481,6565,4916
8049,C4114,23,461,District - Anuppur (44),55-59,23777,12787,10990,16753,8352,8401,7024,4435,2589
8050,C4114,23,461,District - Anuppur (44),60-64,19646,9421,10225,15728,7379,8349,3918,2042,1876
8051,C4114,23,461,District - Anuppur (44),65-69,13839,6663,7176,11368,5456,5912,2471,1207,1264
8052,C4114,23,461,District - Anuppur (44),70-74,9797,4508,5289,7960,3681,4279,1837,827,1010
8053,C4114,23,461,District - Anuppur (44),75-79,4730,2145,2585,3821,1710,2111,909,435,474
8054,C4114,23,461,District - Anuppur (44),80+,5680,2676,3004,4522,2111,2411,1158,565,593
8055,C4114,23,461,District - Anuppur (44),Age not stated,950,497,453,649,350,299,301,147,154
8056,C4114,23,462,District - Sidhi (45),All ages,1127033,575912,551121,1033912,527378,506534,93121,48534,44587
8057,C4114,23,462,District - Sidhi (45),0-4,134230,69512,64718,125509,64929,60580,8721,4583,4138
8058,C4114,23,462,District - Sidhi (45),5-9,146438,76323,70115,135876,70640,65236,10562,5683,4879
8059,C4114,23,462,District - Sidhi (45),10-14,146436,74342,72094,134834,68134,66700,11602,6208,5394
8060,C4114,23,462,District - Sidhi (45),15-19,115706,60567,55139,105143,54998,50145,10563,5569,4994
8061,C4114,23,462,District - Sidhi (45),20-24,97863,50330,47533,89093,45819,43274,8770,4511,4259
8062,C4114,23,462,District - Sidhi (45),25-29,80858,40699,40159,73346,36944,36402,7512,3755,3757
8063,C4114,23,462,District - Sidhi (45),30-34,74796,36577,38219,68007,33189,34818,6789,3388,3401
8064,C4114,23,462,District - Sidhi (45),35-39,70558,35189,35369,64042,31877,32165,6516,3312,3204
8065,C4114,23,462,District - Sidhi (45),40-44,59422,30014,29408,53642,27044,26598,5780,2970,2810
8066,C4114,23,462,District - Sidhi (45),45-49,48909,25169,23740,44325,22749,21576,4584,2420,2164
8067,C4114,23,462,District - Sidhi (45),50-54,36486,19431,17055,33096,17537,15559,3390,1894,1496
8068,C4114,23,462,District - Sidhi (45),55-59,28318,13886,14432,25952,12667,13285,2366,1219,1147
8069,C4114,23,462,District - Sidhi (45),60-64,30170,14897,15273,28017,13821,14196,2153,1076,1077
8070,C4114,23,462,District - Sidhi (45),65-69,22162,10797,11365,20630,10032,10598,1532,765,767
8071,C4114,23,462,District - Sidhi (45),70-74,17224,9095,8129,16115,8536,7579,1109,559,550
8072,C4114,23,462,District - Sidhi (45),75-79,7765,4032,3733,7231,3741,3490,534,291,243
8073,C4114,23,462,District - Sidhi (45),80+,8834,4612,4222,8234,4297,3937,600,315,285
8074,C4114,23,462,District - Sidhi (45),Age not stated,858,440,418,820,424,396,38,16,22
8075,C4114,23,463,District - Singrauli (46),All ages,1178273,613637,564636,951487,493324,458163,226786,120313,106473
8076,C4114,23,463,District - Singrauli (46),0-4,144904,74728,70176,124298,64006,60292,20606,10722,9884
8077,C4114,23,463,District - Singrauli (46),5-9,155651,80556,75095,130650,67193,63457,25001,13363,11638
8078,C4114,23,463,District - Singrauli (46),10-14,159862,81670,78192,131784,67001,64783,28078,14669,13409
8079,C4114,23,463,District - Singrauli (46),15-19,119914,63731,56183,93206,49223,43983,26708,14508,12200
8080,C4114,23,463,District - Singrauli (46),20-24,106329,56703,49626,84132,44937,39195,22197,11766,10431
8081,C4114,23,463,District - Singrauli (46),25-29,85065,44812,40253,67404,35492,31912,17661,9320,8341
8082,C4114,23,463,District - Singrauli (46),30-34,78631,39788,38843,63226,31998,31228,15405,7790,7615
8083,C4114,23,463,District - Singrauli (46),35-39,75103,38629,36474,59394,30834,28560,15709,7795,7914
8084,C4114,23,463,District - Singrauli (46),40-44,62351,32639,29712,47371,25119,22252,14980,7520,7460
8085,C4114,23,463,District - Singrauli (46),45-49,51104,27043,24061,37227,19424,17803,13877,7619,6258
8086,C4114,23,463,District - Singrauli (46),50-54,36911,20599,16312,27089,14731,12358,9822,5868,3954
8087,C4114,23,463,District - Singrauli (46),55-59,27307,14335,12972,21295,10528,10767,6012,3807,2205
8088,C4114,23,463,District - Singrauli (46),60-64,26744,13414,13330,23071,11433,11638,3673,1981,1692
8089,C4114,23,463,District - Singrauli (46),65-69,19278,9675,9603,16754,8415,8339,2524,1260,1264
8090,C4114,23,463,District - Singrauli (46),70-74,14001,7495,6506,12068,6494,5574,1933,1001,932
8091,C4114,23,463,District - Singrauli (46),75-79,6139,3101,3038,5302,2656,2646,837,445,392
8092,C4114,23,463,District - Singrauli (46),80+,7896,4166,3730,6427,3441,2986,1469,725,744
8093,C4114,23,463,District - Singrauli (46),Age not stated,1083,553,530,789,399,390,294,154,140
8094,C4114,23,464,District - Jhabua (47),All ages,1025048,515023,510025,933065,467468,465597,91983,47555,44428
8095,C4114,23,464,District - Jhabua (47),0-4,146638,75164,71474,137530,70477,67053,9108,4687,4421
8096,C4114,23,464,District - Jhabua (47),5-9,157822,81599,76223,147784,76156,71628,10038,5443,4595
8097,C4114,23,464,District - Jhabua (47),10-14,139037,71763,67274,128736,66093,62643,10301,5670,4631
8098,C4114,23,464,District - Jhabua (47),15-19,93113,45640,47473,83797,40686,43111,9316,4954,4362
8099,C4114,23,464,District - Jhabua (47),20-24,78040,37982,40058,69417,33606,35811,8623,4376,4247
8100,C4114,23,464,District - Jhabua (47),25-29,69550,34511,35039,61715,30616,31099,7835,3895,3940
8101,C4114,23,464,District - Jhabua (47),30-34,63945,32007,31938,56728,28354,28374,7217,3653,3564
8102,C4114,23,464,District - Jhabua (47),35-39,57949,28980,28969,51734,25827,25907,6215,3153,3062
8103,C4114,23,464,District - Jhabua (47),40-44,52089,26227,25862,46392,23304,23088,5697,2923,2774
8104,C4114,23,464,District - Jhabua (47),45-49,46786,23399,23387,41713,20843,20870,5073,2556,2517
8105,C4114,23,464,District - Jhabua (47),50-54,34883,18486,16397,30821,16321,14500,4062,2165,1897
8106,C4114,23,464,District - Jhabua (47),55-59,26065,12343,13722,23424,10970,12454,2641,1373,1268
8107,C4114,23,464,District - Jhabua (47),60-64,22597,11247,11350,20496,10218,10278,2101,1029,1072
8108,C4114,23,464,District - Jhabua (47),65-69,14472,6181,8291,13064,5506,7558,1408,675,733
8109,C4114,23,464,District - Jhabua (47),70-74,11011,4983,6028,9926,4511,5415,1085,472,613
8110,C4114,23,464,District - Jhabua (47),75-79,4680,1833,2847,4121,1581,2540,559,252,307
8111,C4114,23,464,District - Jhabua (47),80+,5973,2445,3528,5303,2180,3123,670,265,405
8112,C4114,23,464,District - Jhabua (47),Age not stated,398,233,165,364,219,145,34,14,20
8113,C4114,23,465,District - Alirajpur (48),All ages,728999,362542,366457,671925,333593,338332,57074,28949,28125
8114,C4114,23,465,District - Alirajpur (48),0-4,102668,51751,50917,96732,48764,47968,5936,2987,2949
8115,C4114,23,465,District - Alirajpur (48),5-9,112491,56754,55737,106290,53573,52717,6201,3181,3020
8116,C4114,23,465,District - Alirajpur (48),10-14,102996,52357,50639,96316,48840,47476,6680,3517,3163
8117,C4114,23,465,District - Alirajpur (48),15-19,72226,34626,37600,66208,31522,34686,6018,3104,2914
8118,C4114,23,465,District - Alirajpur (48),20-24,52304,25106,27198,47106,22522,24584,5198,2584,2614
8119,C4114,23,465,District - Alirajpur (48),25-29,46163,22490,23673,41507,20250,21257,4656,2240,2416
8120,C4114,23,465,District - Alirajpur (48),30-34,43756,21735,22021,39297,19468,19829,4459,2267,2192
8121,C4114,23,465,District - Alirajpur (48),35-39,41555,20859,20696,37636,18865,18771,3919,1994,1925
8122,C4114,23,465,District - Alirajpur (48),40-44,36500,18362,18138,32972,16560,16412,3528,1802,1726
8123,C4114,23,465,District - Alirajpur (48),45-49,33517,16828,16689,30578,15247,15331,2939,1581,1358
8124,C4114,23,465,District - Alirajpur (48),50-54,25464,13248,12216,23186,12084,11102,2278,1164,1114
8125,C4114,23,465,District - Alirajpur (48),55-59,19700,9668,10032,18023,8785,9238,1677,883,794
8126,C4114,23,465,District - Alirajpur (48),60-64,15711,7865,7846,14359,7217,7142,1352,648,704
8127,C4114,23,465,District - Alirajpur (48),65-69,9731,4447,5284,8864,4055,4809,867,392,475
8128,C4114,23,465,District - Alirajpur (48),70-74,6819,3227,3592,6151,2915,3236,668,312,356
8129,C4114,23,465,District - Alirajpur (48),75-79,2964,1251,1713,2658,1108,1550,306,143,163
8130,C4114,23,465,District - Alirajpur (48),80+,3760,1646,2114,3416,1519,1897,344,127,217
8131,C4114,23,465,District - Alirajpur (48),Age not stated,674,322,352,626,299,327,48,23,25
8132,C4114,23,466,District - Khandwa (East Nimar) (49),All ages,1310061,674329,635732,1050625,541183,509442,259436,133146,126290
8133,C4114,23,466,District - Khandwa (East Nimar) (49),0-4,144489,74575,69914,121437,62637,58800,23052,11938,11114
8134,C4114,23,466,District - Khandwa (East Nimar) (49),5-9,156684,80787,75897,131399,67483,63916,25285,13304,11981
8135,C4114,23,466,District - Khandwa (East Nimar) (49),10-14,156794,80981,75813,129275,66785,62490,27519,14196,13323
8136,C4114,23,466,District - Khandwa (East Nimar) (49),15-19,133301,71090,62211,106163,56950,49213,27138,14140,12998
8137,C4114,23,466,District - Khandwa (East Nimar) (49),20-24,117160,62699,54461,91377,49340,42037,25783,13359,12424
8138,C4114,23,466,District - Khandwa (East Nimar) (49),25-29,100663,51438,49225,78643,40381,38262,22020,11057,10963
8139,C4114,23,466,District - Khandwa (East Nimar) (49),30-34,91071,46026,45045,71909,36297,35612,19162,9729,9433
8140,C4114,23,466,District - Khandwa (East Nimar) (49),35-39,85267,43600,41667,67285,34550,32735,17982,9050,8932
8141,C4114,23,466,District - Khandwa (East Nimar) (49),40-44,74878,38907,35971,58433,30379,28054,16445,8528,7917
8142,C4114,23,466,District - Khandwa (East Nimar) (49),45-49,62240,32646,29594,48040,25210,22830,14200,7436,6764
8143,C4114,23,466,District - Khandwa (East Nimar) (49),50-54,47500,25365,22135,36396,19334,17062,11104,6031,5073
8144,C4114,23,466,District - Khandwa (East Nimar) (49),55-59,36957,18013,18944,28862,13865,14997,8095,4148,3947
8145,C4114,23,466,District - Khandwa (East Nimar) (49),60-64,35898,17648,18250,28336,13926,14410,7562,3722,3840
8146,C4114,23,466,District - Khandwa (East Nimar) (49),65-69,25523,11794,13729,20335,9350,10985,5188,2444,2744
8147,C4114,23,466,District - Khandwa (East Nimar) (49),70-74,19967,9406,10561,15824,7448,8376,4143,1958,2185
8148,C4114,23,466,District - Khandwa (East Nimar) (49),75-79,9267,4101,5166,7219,3110,4109,2048,991,1057
8149,C4114,23,466,District - Khandwa (East Nimar) (49),80+,11816,4944,6872,9224,3889,5335,2592,1055,1537
8150,C4114,23,466,District - Khandwa (East Nimar) (49),Age not stated,586,309,277,468,249,219,118,60,58
8151,C4114,23,467,District - Burhanpur (50),All ages,757847,388504,369343,497560,254978,242582,260287,133526,126761
8152,C4114,23,467,District - Burhanpur (50),0-4,86390,44805,41585,61887,32106,29781,24503,12699,11804
8153,C4114,23,467,District - Burhanpur (50),5-9,89217,46134,43083,63659,32773,30886,25558,13361,12197
8154,C4114,23,467,District - Burhanpur (50),10-14,88948,45904,43044,61907,31856,30051,27041,14048,12993
8155,C4114,23,467,District - Burhanpur (50),15-19,74818,39544,35274,47983,25491,22492,26835,14053,12782
8156,C4114,23,467,District - Burhanpur (50),20-24,71763,37582,34181,45388,23790,21598,26375,13792,12583
8157,C4114,23,467,District - Burhanpur (50),25-29,58702,30348,28354,37198,19239,17959,21504,11109,10395
8158,C4114,23,467,District - Burhanpur (50),30-34,52267,26565,25702,33624,17033,16591,18643,9532,9111
8159,C4114,23,467,District - Burhanpur (50),35-39,47754,23959,23795,30494,15436,15058,17260,8523,8737
8160,C4114,23,467,District - Burhanpur (50),40-44,43777,22113,21664,27811,14034,13777,15966,8079,7887
8161,C4114,23,467,District - Burhanpur (50),45-49,37807,19653,18154,23243,12165,11078,14564,7488,7076
8162,C4114,23,467,District - Burhanpur (50),50-54,29024,15244,13780,17550,9165,8385,11474,6079,5395
8163,C4114,23,467,District - Burhanpur (50),55-59,22068,11011,11057,13507,6535,6972,8561,4476,4085
8164,C4114,23,467,District - Burhanpur (50),60-64,20220,9758,10462,12299,5922,6377,7921,3836,4085
8165,C4114,23,467,District - Burhanpur (50),65-69,14414,6559,7855,8657,3895,4762,5757,2664,3093
8166,C4114,23,467,District - Burhanpur (50),70-74,10647,4930,5717,6378,2954,3424,4269,1976,2293
8167,C4114,23,467,District - Burhanpur (50),75-79,4769,2160,2609,2774,1213,1561,1995,947,1048
8168,C4114,23,467,District - Burhanpur (50),80+,4892,2041,2851,2964,1239,1725,1928,802,1126
8169,C4114,23,467,District - Burhanpur (50),Age not stated,370,194,176,237,132,105,133,62,71
8170,C4114,14,0,State - MANIPUR (14),All ages,2855794,1438586,1417208,2021640,1026884,994756,834154,411702,422452
8171,C4114,14,0,State - MANIPUR (14),0-4,256682,133160,123522,186405,97094,89311,70277,36066,34211
8172,C4114,14,0,State - MANIPUR (14),5-9,291243,149766,141477,215420,111112,104308,75823,38654,37169
8173,C4114,14,0,State - MANIPUR (14),10-14,313763,161146,152617,230842,119214,111628,82921,41932,40989
8174,C4114,14,0,State - MANIPUR (14),15-19,287008,144495,142513,213039,107906,105133,73969,36589,37380
8175,C4114,14,0,State - MANIPUR (14),20-24,281782,139587,142195,204739,102223,102516,77043,37364,39679
8176,C4114,14,0,State - MANIPUR (14),25-29,270477,132888,137589,188887,93626,95261,81590,39262,42328
8177,C4114,14,0,State - MANIPUR (14),30-34,220954,109678,111276,151922,76143,75779,69032,33535,35497
8178,C4114,14,0,State - MANIPUR (14),35-39,198453,98019,100434,135625,67639,67986,62828,30380,32448
8179,C4114,14,0,State - MANIPUR (14),40-44,170829,85896,84933,117107,59442,57665,53722,26454,27268
8180,C4114,14,0,State - MANIPUR (14),45-49,147030,73917,73113,100201,50660,49541,46829,23257,23572
8181,C4114,14,0,State - MANIPUR (14),50-54,120277,60598,59679,80585,41105,39480,39692,19493,20199
8182,C4114,14,0,State - MANIPUR (14),55-59,89499,45409,44090,59601,30555,29046,29898,14854,15044
8183,C4114,14,0,State - MANIPUR (14),60-64,71897,36567,35330,48223,24875,23348,23674,11692,11982
8184,C4114,14,0,State - MANIPUR (14),65-69,46648,23218,23430,31006,15677,15329,15642,7541,8101
8185,C4114,14,0,State - MANIPUR (14),70-74,34253,16776,17477,22588,11301,11287,11665,5475,6190
8186,C4114,14,0,State - MANIPUR (14),75-79,21428,10663,10765,13656,6961,6695,7772,3702,4070
8187,C4114,14,0,State - MANIPUR (14),80+,25794,12571,13223,16142,8208,7934,9652,4363,5289
8188,C4114,14,0,State - MANIPUR (14),Age not stated,7777,4232,3545,5652,3143,2509,2125,1089,1036
8189,C4114,14,272,District - Senapati (01),All ages,479148,247323,231825,471672,243603,228069,7476,3720,3756
8190,C4114,14,272,District - Senapati (01),0-4,42069,22159,19910,41403,21813,19590,666,346,320
8191,C4114,14,272,District - Senapati (01),5-9,53625,28240,25385,52821,27842,24979,804,398,406
8192,C4114,14,272,District - Senapati (01),10-14,59880,31499,28381,58967,31025,27942,913,474,439
8193,C4114,14,272,District - Senapati (01),15-19,59851,31240,28611,58989,30812,28177,862,428,434
8194,C4114,14,272,District - Senapati (01),20-24,54558,28047,26511,53793,27678,26115,765,369,396
8195,C4114,14,272,District - Senapati (01),25-29,44456,22313,22143,43751,21977,21774,705,336,369
8196,C4114,14,272,District - Senapati (01),30-34,33697,16962,16735,33136,16695,16441,561,267,294
8197,C4114,14,272,District - Senapati (01),35-39,28836,14087,14749,28371,13870,14501,465,217,248
8198,C4114,14,272,District - Senapati (01),40-44,26171,13191,12980,25720,12986,12734,451,205,246
8199,C4114,14,272,District - Senapati (01),45-49,22812,11429,11383,22444,11235,11209,368,194,174
8200,C4114,14,272,District - Senapati (01),50-54,17609,9289,8320,17294,9126,8168,315,163,152
8201,C4114,14,272,District - Senapati (01),55-59,11923,6134,5789,11743,6042,5701,180,92,88
8202,C4114,14,272,District - Senapati (01),60-64,9307,4998,4309,9128,4897,4231,179,101,78
8203,C4114,14,272,District - Senapati (01),65-69,5365,2805,2560,5279,2760,2519,86,45,41
8204,C4114,14,272,District - Senapati (01),70-74,3598,1949,1649,3531,1911,1620,67,38,29
8205,C4114,14,272,District - Senapati (01),75-79,1900,1013,887,1862,992,870,38,21,17
8206,C4114,14,272,District - Senapati (01),80+,2306,1244,1062,2267,1224,1043,39,20,19
8207,C4114,14,272,District - Senapati (01),Age not stated,1185,724,461,1173,718,455,12,6,6
8208,C4114,14,273,District - Tamenglong  (02),All ages,140651,72371,68280,121288,62534,58754,19363,9837,9526
8209,C4114,14,273,District - Tamenglong  (02),0-4,13064,6809,6255,11296,5914,5382,1768,895,873
8210,C4114,14,273,District - Tamenglong  (02),5-9,15339,7863,7476,13078,6733,6345,2261,1130,1131
8211,C4114,14,273,District - Tamenglong  (02),10-14,16618,8635,7983,14009,7335,6674,2609,1300,1309
8212,C4114,14,273,District - Tamenglong  (02),15-19,16380,8277,8103,14115,7193,6922,2265,1084,1181
8213,C4114,14,273,District - Tamenglong  (02),20-24,15139,7721,7418,13194,6746,6448,1945,975,970
8214,C4114,14,273,District - Tamenglong  (02),25-29,13733,6997,6736,11871,6050,5821,1862,947,915
8215,C4114,14,273,District - Tamenglong  (02),30-34,10534,5451,5083,9128,4748,4380,1406,703,703
8216,C4114,14,273,District - Tamenglong  (02),35-39,9047,4677,4370,7755,3992,3763,1292,685,607
8217,C4114,14,273,District - Tamenglong  (02),40-44,7393,3873,3520,6385,3343,3042,1008,530,478
8218,C4114,14,273,District - Tamenglong  (02),45-49,6316,3212,3104,5443,2731,2712,873,481,392
8219,C4114,14,273,District - Tamenglong  (02),50-54,4892,2620,2272,4224,2249,1975,668,371,297
8220,C4114,14,273,District - Tamenglong  (02),55-59,3426,1748,1678,2985,1497,1488,441,251,190
8221,C4114,14,273,District - Tamenglong  (02),60-64,3004,1548,1456,2656,1382,1274,348,166,182
8222,C4114,14,273,District - Tamenglong  (02),65-69,1911,992,919,1729,889,840,182,103,79
8223,C4114,14,273,District - Tamenglong  (02),70-74,1488,745,743,1346,673,673,142,72,70
8224,C4114,14,273,District - Tamenglong  (02),75-79,881,451,430,786,403,383,95,48,47
8225,C4114,14,273,District - Tamenglong  (02),80+,1322,665,657,1165,594,571,157,71,86
8226,C4114,14,273,District - Tamenglong  (02),Age not stated,164,87,77,123,62,61,41,25,16
8227,C4114,14,274,District - Churachandpur (03),All ages,274143,138820,135323,255786,129659,126127,18357,9161,9196
8228,C4114,14,274,District - Churachandpur (03),0-4,26025,13408,12617,24553,12631,11922,1472,777,695
8229,C4114,14,274,District - Churachandpur (03),5-9,27862,14253,13609,26252,13446,12806,1610,807,803
8230,C4114,14,274,District - Churachandpur (03),10-14,30003,15361,14642,28151,14420,13731,1852,941,911
8231,C4114,14,274,District - Churachandpur (03),15-19,29608,14599,15009,27740,13680,14060,1868,919,949
8232,C4114,14,274,District - Churachandpur (03),20-24,29144,14563,14581,27348,13671,13677,1796,892,904
8233,C4114,14,274,District - Churachandpur (03),25-29,25966,12999,12967,24240,12184,12056,1726,815,911
8234,C4114,14,274,District - Churachandpur (03),30-34,20939,10747,10192,19313,9909,9404,1626,838,788
8235,C4114,14,274,District - Churachandpur (03),35-39,17642,8927,8715,16319,8276,8043,1323,651,672
8236,C4114,14,274,District - Churachandpur (03),40-44,15717,8025,7692,14502,7387,7115,1215,638,577
8237,C4114,14,274,District - Churachandpur (03),45-49,13504,6824,6680,12527,6347,6180,977,477,500
8238,C4114,14,274,District - Churachandpur (03),50-54,11253,5738,5515,10349,5292,5057,904,446,458
8239,C4114,14,274,District - Churachandpur (03),55-59,7752,3960,3792,7186,3675,3511,566,285,281
8240,C4114,14,274,District - Churachandpur (03),60-64,6424,3252,3172,6005,3050,2955,419,202,217
8241,C4114,14,274,District - Churachandpur (03),65-69,4122,2018,2104,3814,1882,1932,308,136,172
8242,C4114,14,274,District - Churachandpur (03),70-74,3239,1609,1630,2989,1492,1497,250,117,133
8243,C4114,14,274,District - Churachandpur (03),75-79,1834,950,884,1648,863,785,186,87,99
8244,C4114,14,274,District - Churachandpur (03),80+,2472,1246,1226,2246,1130,1116,226,116,110
8245,C4114,14,274,District - Churachandpur (03),Age not stated,637,341,296,604,324,280,33,17,16
8246,C4114,14,275,District - Bishnupur (04),All ages,237399,118782,118617,149894,75171,74723,87505,43611,43894
8247,C4114,14,275,District - Bishnupur (04),0-4,21233,11024,10209,13668,7122,6546,7565,3902,3663
8248,C4114,14,275,District - Bishnupur (04),5-9,24171,12350,11821,15518,7928,7590,8653,4422,4231
8249,C4114,14,275,District - Bishnupur (04),10-14,25466,13058,12408,16398,8444,7954,9068,4614,4454
8250,C4114,14,275,District - Bishnupur (04),15-19,20847,10381,10466,13293,6640,6653,7554,3741,3813
8251,C4114,14,275,District - Bishnupur (04),20-24,21058,10253,10805,13269,6483,6786,7789,3770,4019
8252,C4114,14,275,District - Bishnupur (04),25-29,22445,10900,11545,13869,6703,7166,8576,4197,4379
8253,C4114,14,275,District - Bishnupur (04),30-34,18703,9269,9434,11560,5722,5838,7143,3547,3596
8254,C4114,14,275,District - Bishnupur (04),35-39,17517,8598,8919,10939,5378,5561,6578,3220,3358
8255,C4114,14,275,District - Bishnupur (04),40-44,14413,7270,7143,9065,4576,4489,5348,2694,2654
8256,C4114,14,275,District - Bishnupur (04),45-49,12274,6099,6175,7715,3855,3860,4559,2244,2315
8257,C4114,14,275,District - Bishnupur (04),50-54,10366,5051,5315,6470,3164,3306,3896,1887,2009
8258,C4114,14,275,District - Bishnupur (04),55-59,8710,4358,4352,5405,2746,2659,3305,1612,1693
8259,C4114,14,275,District - Bishnupur (04),60-64,6873,3471,3402,4292,2215,2077,2581,1256,1325
8260,C4114,14,275,District - Bishnupur (04),65-69,4737,2417,2320,2967,1496,1471,1770,921,849
8261,C4114,14,275,District - Bishnupur (04),70-74,3456,1680,1776,2176,1066,1110,1280,614,666
8262,C4114,14,275,District - Bishnupur (04),75-79,2148,1087,1061,1407,697,710,741,390,351
8263,C4114,14,275,District - Bishnupur (04),80+,2525,1272,1253,1580,777,803,945,495,450
8264,C4114,14,275,District - Bishnupur (04),Age not stated,457,244,213,303,159,144,154,85,69
8265,C4114,14,276,District - Thoubal (05),All ages,422168,210845,211323,270835,135470,135365,151333,75375,75958
8266,C4114,14,276,District - Thoubal (05),0-4,41145,21315,19830,26969,14003,12966,14176,7312,6864
8267,C4114,14,276,District - Thoubal (05),5-9,47033,24005,23028,31440,16011,15429,15593,7994,7599
8268,C4114,14,276,District - Thoubal (05),10-14,47934,24405,23529,31711,16240,15471,16223,8165,8058
8269,C4114,14,276,District - Thoubal (05),15-19,39220,19397,19823,25692,12739,12953,13528,6658,6870
8270,C4114,14,276,District - Thoubal (05),20-24,38265,18605,19660,24538,11927,12611,13727,6678,7049
8271,C4114,14,276,District - Thoubal (05),25-29,38378,18428,19950,24279,11553,12726,14099,6875,7224
8272,C4114,14,276,District - Thoubal (05),30-34,32009,15755,16254,20101,9890,10211,11908,5865,6043
8273,C4114,14,276,District - Thoubal (05),35-39,29700,14728,14972,18835,9298,9537,10865,5430,5435
8274,C4114,14,276,District - Thoubal (05),40-44,24475,12310,12165,15098,7554,7544,9377,4756,4621
8275,C4114,14,276,District - Thoubal (05),45-49,21012,10574,10438,12998,6563,6435,8014,4011,4003
8276,C4114,14,276,District - Thoubal (05),50-54,17156,8494,8662,10530,5264,5266,6626,3230,3396
8277,C4114,14,276,District - Thoubal (05),55-59,14050,7056,6994,8757,4423,4334,5293,2633,2660
8278,C4114,14,276,District - Thoubal (05),60-64,11147,5542,5605,7011,3535,3476,4136,2007,2129
8279,C4114,14,276,District - Thoubal (05),65-69,7350,3694,3656,4551,2333,2218,2799,1361,1438
8280,C4114,14,276,District - Thoubal (05),70-74,5273,2539,2734,3237,1532,1705,2036,1007,1029
8281,C4114,14,276,District - Thoubal (05),75-79,3331,1674,1657,2046,1066,980,1285,608,677
8282,C4114,14,276,District - Thoubal (05),80+,3753,1820,1933,2254,1122,1132,1499,698,801
8283,C4114,14,276,District - Thoubal (05),Age not stated,937,504,433,788,417,371,149,87,62
8284,C4114,14,277,District - Imphal West (06),All ages,517992,255054,262938,195113,96948,98165,322879,158106,164773
8285,C4114,14,277,District - Imphal West (06),0-4,43330,22230,21100,17795,9190,8605,25535,13040,12495
8286,C4114,14,277,District - Imphal West (06),5-9,45196,23086,22110,18723,9509,9214,26473,13577,12896
8287,C4114,14,277,District - Imphal West (06),10-14,49402,25195,24207,20328,10487,9841,29074,14708,14366
8288,C4114,14,277,District - Imphal West (06),15-19,43346,21712,21634,16950,8567,8383,26396,13145,13251
8289,C4114,14,277,District - Imphal West (06),20-24,47328,22876,24452,17989,8696,9293,29339,14180,15159
8290,C4114,14,277,District - Imphal West (06),25-29,50338,24113,26225,18200,8753,9447,32138,15360,16778
8291,C4114,14,277,District - Imphal West (06),30-34,43668,20928,22740,15775,7479,8296,27893,13449,14444
8292,C4114,14,277,District - Imphal West (06),35-39,40449,19495,20954,14984,7337,7647,25465,12158,13307
8293,C4114,14,277,District - Imphal West (06),40-44,34300,16839,17461,12452,6228,6224,21848,10611,11237
8294,C4114,14,277,District - Imphal West (06),45-49,29729,14689,15040,10598,5299,5299,19131,9390,9741
8295,C4114,14,277,District - Imphal West (06),50-54,25119,12147,12972,8526,4136,4390,16593,8011,8582
8296,C4114,14,277,District - Imphal West (06),55-59,19295,9548,9747,6700,3346,3354,12595,6202,6393
8297,C4114,14,277,District - Imphal West (06),60-64,15408,7586,7822,5533,2750,2783,9875,4836,5039
8298,C4114,14,277,District - Imphal West (06),65-69,10261,4958,5303,3716,1848,1868,6545,3110,3435
8299,C4114,14,277,District - Imphal West (06),70-74,7612,3553,4059,2708,1327,1381,4904,2226,2678
8300,C4114,14,277,District - Imphal West (06),75-79,5253,2469,2784,1745,848,897,3508,1621,1887
8301,C4114,14,277,District - Imphal West (06),80+,6446,2900,3546,2014,963,1051,4432,1937,2495
8302,C4114,14,277,District - Imphal West (06),Age not stated,1512,730,782,377,185,192,1135,545,590
8303,C4114,14,278,District - Imphal East (07),All ages,456113,226094,230019,272906,136789,136117,183207,89305,93902
8304,C4114,14,278,District - Imphal East (07),0-4,41673,21538,20135,26474,13726,12748,15199,7812,7387
8305,C4114,14,278,District - Imphal East (07),5-9,44496,22657,21839,28974,14796,14178,15522,7861,7661
8306,C4114,14,278,District - Imphal East (07),10-14,46783,23501,23282,29363,14782,14581,17420,8719,8701
8307,C4114,14,278,District - Imphal East (07),15-19,41628,20577,21051,25310,12540,12770,16318,8037,8281
8308,C4114,14,278,District - Imphal East (07),20-24,42651,20493,22158,25235,12191,13044,17416,8302,9114
8309,C4114,14,278,District - Imphal East (07),25-29,44299,21326,22973,25758,12640,13118,18541,8686,9855
8310,C4114,14,278,District - Imphal East (07),30-34,36226,17592,18634,20939,10273,10666,15287,7319,7968
8311,C4114,14,278,District - Imphal East (07),35-39,33709,16424,17285,19717,9829,9888,13992,6595,7397
8312,C4114,14,278,District - Imphal East (07),40-44,28795,14285,14510,16875,8581,8294,11920,5704,6216
8313,C4114,14,278,District - Imphal East (07),45-49,24709,12384,12325,13937,7092,6845,10772,5292,5480
8314,C4114,14,278,District - Imphal East (07),50-54,20230,10081,10149,11230,5639,5591,9000,4442,4558
8315,C4114,14,278,District - Imphal East (07),55-59,14993,7590,7403,8539,4384,4155,6454,3206,3248
8316,C4114,14,278,District - Imphal East (07),60-64,12298,6220,6078,7031,3578,3453,5267,2642,2625
8317,C4114,14,278,District - Imphal East (07),65-69,8133,3942,4191,4672,2325,2347,3461,1617,1844
8318,C4114,14,278,District - Imphal East (07),70-74,6018,2900,3118,3416,1682,1734,2602,1218,1384
8319,C4114,14,278,District - Imphal East (07),75-79,3886,1897,1989,2194,1084,1110,1692,813,879
8320,C4114,14,278,District - Imphal East (07),80+,4447,2073,2374,2390,1188,1202,2057,885,1172
8321,C4114,14,278,District - Imphal East (07),Age not stated,1139,614,525,852,459,393,287,155,132
8322,C4114,14,279,District - Ukhrul (08),All ages,183998,94718,89280,156811,80801,76010,27187,13917,13270
8323,C4114,14,279,District - Ukhrul (08),0-4,16630,8687,7943,14375,7534,6841,2255,1153,1102
8324,C4114,14,279,District - Ukhrul (08),5-9,19567,10130,9437,16655,8626,8029,2912,1504,1408
8325,C4114,14,279,District - Ukhrul (08),10-14,22670,11826,10844,18980,9882,9098,3690,1944,1746
8326,C4114,14,279,District - Ukhrul (08),15-19,20370,10424,9946,17020,8739,8281,3350,1685,1665
8327,C4114,14,279,District - Ukhrul (08),20-24,18265,9302,8963,15660,7963,7697,2605,1339,1266
8328,C4114,14,279,District - Ukhrul (08),25-29,16213,8248,7965,13887,7063,6824,2326,1185,1141
8329,C4114,14,279,District - Ukhrul (08),30-34,13548,6890,6658,11556,5945,5611,1992,945,1047
8330,C4114,14,279,District - Ukhrul (08),35-39,11262,5700,5562,9581,4887,4694,1681,813,868
8331,C4114,14,279,District - Ukhrul (08),40-44,10101,5085,5016,8547,4305,4242,1554,780,774
8332,C4114,14,279,District - Ukhrul (08),45-49,8735,4512,4223,7459,3824,3635,1276,688,588
8333,C4114,14,279,District - Ukhrul (08),50-54,7551,3968,3583,6463,3375,3088,1088,593,495
8334,C4114,14,279,District - Ukhrul (08),55-59,5218,2743,2475,4556,2373,2183,662,370,292
8335,C4114,14,279,District - Ukhrul (08),60-64,4233,2227,2006,3694,1935,1759,539,292,247
8336,C4114,14,279,District - Ukhrul (08),65-69,2775,1357,1418,2462,1202,1260,313,155,158
8337,C4114,14,279,District - Ukhrul (08),70-74,2189,1121,1068,1942,996,946,247,125,122
8338,C4114,14,279,District - Ukhrul (08),75-79,1434,718,716,1271,642,629,163,76,87
8339,C4114,14,279,District - Ukhrul (08),80+,1765,936,829,1543,834,709,222,102,120
8340,C4114,14,279,District - Ukhrul (08),Age not stated,1472,844,628,1160,676,484,312,168,144
8341,C4114,14,280,District - Chandel (09),All ages,144182,74579,69603,127335,65909,61426,16847,8670,8177
8342,C4114,14,280,District - Chandel (09),0-4,11513,5990,5523,9872,5161,4711,1641,829,812
8343,C4114,14,280,District - Chandel (09),5-9,13954,7182,6772,11959,6221,5738,1995,961,1034
8344,C4114,14,280,District - Chandel (09),10-14,15007,7666,7341,12935,6599,6336,2072,1067,1005
8345,C4114,14,280,District - Chandel (09),15-19,15758,7888,7870,13930,6996,6934,1828,892,936
8346,C4114,14,280,District - Chandel (09),20-24,15374,7727,7647,13713,6868,6845,1661,859,802
8347,C4114,14,280,District - Chandel (09),25-29,14649,7564,7085,13032,6703,6329,1617,861,756
8348,C4114,14,280,District - Chandel (09),30-34,11630,6084,5546,10414,5482,4932,1216,602,614
8349,C4114,14,280,District - Chandel (09),35-39,10291,5383,4908,9124,4772,4352,1167,611,556
8350,C4114,14,280,District - Chandel (09),40-44,9464,5018,4446,8463,4482,3981,1001,536,465
8351,C4114,14,280,District - Chandel (09),45-49,7939,4194,3745,7080,3714,3366,859,480,379
8352,C4114,14,280,District - Chandel (09),50-54,6101,3210,2891,5499,2860,2639,602,350,252
8353,C4114,14,280,District - Chandel (09),55-59,4132,2272,1860,3730,2069,1661,402,203,199
8354,C4114,14,280,District - Chandel (09),60-64,3203,1723,1480,2873,1533,1340,330,190,140
8355,C4114,14,280,District - Chandel (09),65-69,1994,1035,959,1816,942,874,178,93,85
8356,C4114,14,280,District - Chandel (09),70-74,1380,680,700,1243,622,621,137,58,79
8357,C4114,14,280,District - Chandel (09),75-79,761,404,357,697,366,331,64,38,26
8358,C4114,14,280,District - Chandel (09),80+,758,415,343,683,376,307,75,39,36
8359,C4114,14,280,District - Chandel (09),Age not stated,274,144,130,272,143,129,2,1,1
8360,C4114,17,0,State - MEGHALAYA (17),All ages,2966889,1491832,1475057,2371439,1194260,1177179,595450,297572,297878
8361,C4114,17,0,State - MEGHALAYA (17),0-4,406154,205846,200308,351463,177831,173632,54691,28015,26676
8362,C4114,17,0,State - MEGHALAYA (17),5-9,389182,197585,191597,331758,168347,163411,57424,29238,28186
8363,C4114,17,0,State - MEGHALAYA (17),10-14,382606,193473,189133,315360,159784,155576,67246,33689,33557
8364,C4114,17,0,State - MEGHALAYA (17),15-19,326188,164716,161472,254132,129138,124994,72056,35578,36478
8365,C4114,17,0,State - MEGHALAYA (17),20-24,285012,139140,145872,217643,105372,112271,67369,33768,33601
8366,C4114,17,0,State - MEGHALAYA (17),25-29,251281,124676,126605,191850,94964,96886,59431,29712,29719
8367,C4114,17,0,State - MEGHALAYA (17),30-34,189657,95786,93871,142762,72034,70728,46895,23752,23143
8368,C4114,17,0,State - MEGHALAYA (17),35-39,174706,87320,87386,133054,66890,66164,41652,20430,21222
8369,C4114,17,0,State - MEGHALAYA (17),40-44,145450,73377,72073,111054,56095,54959,34396,17282,17114
8370,C4114,17,0,State - MEGHALAYA (17),45-49,123115,63043,60072,94562,48433,46129,28553,14610,13943
8371,C4114,17,0,State - MEGHALAYA (17),50-54,88743,45910,42833,67679,35366,32313,21064,10544,10520
8372,C4114,17,0,State - MEGHALAYA (17),55-59,60109,30692,29417,45821,23513,22308,14288,7179,7109
8373,C4114,17,0,State - MEGHALAYA (17),60-64,50708,25421,25287,39902,20229,19673,10806,5192,5614
8374,C4114,17,0,State - MEGHALAYA (17),65-69,35774,17482,18292,28783,14315,14468,6991,3167,3824
8375,C4114,17,0,State - MEGHALAYA (17),70-74,23698,11161,12537,18799,9081,9718,4899,2080,2819
8376,C4114,17,0,State - MEGHALAYA (17),75-79,12845,5848,6997,9855,4644,5211,2990,1204,1786
8377,C4114,17,0,State - MEGHALAYA (17),80+,15877,7027,8850,12181,5623,6558,3696,1404,2292
8378,C4114,17,0,State - MEGHALAYA (17),Age not stated,5784,3329,2455,4781,2601,2180,1003,728,275
8379,C4114,17,293,District - West Garo Hills (01),All ages,643291,324159,319132,568433,286923,281510,74858,37236,37622
8380,C4114,17,293,District - West Garo Hills (01),0-4,78796,39752,39044,72647,36593,36054,6149,3159,2990
8381,C4114,17,293,District - West Garo Hills (01),5-9,81382,41160,40222,74555,37724,36831,6827,3436,3391
8382,C4114,17,293,District - West Garo Hills (01),10-14,81938,41641,40297,73075,37416,35659,8863,4225,4638
8383,C4114,17,293,District - West Garo Hills (01),15-19,71274,36134,35140,61117,31276,29841,10157,4858,5299
8384,C4114,17,293,District - West Garo Hills (01),20-24,59906,28920,30986,51536,24817,26719,8370,4103,4267
8385,C4114,17,293,District - West Garo Hills (01),25-29,54333,26593,27740,47163,23039,24124,7170,3554,3616
8386,C4114,17,293,District - West Garo Hills (01),30-34,39873,20092,19781,34496,17402,17094,5377,2690,2687
8387,C4114,17,293,District - West Garo Hills (01),35-39,38213,18756,19457,33027,16191,16836,5186,2565,2621
8388,C4114,17,293,District - West Garo Hills (01),40-44,35364,17451,17913,30855,15202,15653,4509,2249,2260
8389,C4114,17,293,District - West Garo Hills (01),45-49,30154,15518,14636,26194,13425,12769,3960,2093,1867
8390,C4114,17,293,District - West Garo Hills (01),50-54,22242,11947,10295,19506,10473,9033,2736,1474,1262
8391,C4114,17,293,District - West Garo Hills (01),55-59,15336,8090,7246,13455,7128,6327,1881,962,919
8392,C4114,17,293,District - West Garo Hills (01),60-64,12489,6529,5960,11168,5865,5303,1321,664,657
8393,C4114,17,293,District - West Garo Hills (01),65-69,9195,4877,4318,8215,4386,3829,980,491,489
8394,C4114,17,293,District - West Garo Hills (01),70-74,5303,2745,2558,4742,2451,2291,561,294,267
8395,C4114,17,293,District - West Garo Hills (01),75-79,2753,1474,1279,2442,1318,1124,311,156,155
8396,C4114,17,293,District - West Garo Hills (01),80+,3281,1722,1559,2904,1531,1373,377,191,186
8397,C4114,17,293,District - West Garo Hills (01),Age not stated,1459,758,701,1336,686,650,123,72,51
8398,C4114,17,294,District - East Garo Hills (02),All ages,317917,161223,156694,273725,138763,134962,44192,22460,21732
8399,C4114,17,294,District - East Garo Hills (02),0-4,40583,20480,20103,36333,18358,17975,4250,2122,2128
8400,C4114,17,294,District - East Garo Hills (02),5-9,41843,21244,20599,37051,18872,18179,4792,2372,2420
8401,C4114,17,294,District - East Garo Hills (02),10-14,41241,21043,20198,35312,18076,17236,5929,2967,2962
8402,C4114,17,294,District - East Garo Hills (02),15-19,35312,17642,17670,29469,14900,14569,5843,2742,3101
8403,C4114,17,294,District - East Garo Hills (02),20-24,29973,14124,15849,25282,11796,13486,4691,2328,2363
8404,C4114,17,294,District - East Garo Hills (02),25-29,27790,13555,14235,23576,11394,12182,4214,2161,2053
8405,C4114,17,294,District - East Garo Hills (02),30-34,20428,10476,9952,17409,8926,8483,3019,1550,1469
8406,C4114,17,294,District - East Garo Hills (02),35-39,19500,9895,9605,16848,8543,8305,2652,1352,1300
8407,C4114,17,294,District - East Garo Hills (02),40-44,15949,8155,7794,13594,6945,6649,2355,1210,1145
8408,C4114,17,294,District - East Garo Hills (02),45-49,14547,7726,6821,12546,6632,5914,2001,1094,907
8409,C4114,17,294,District - East Garo Hills (02),50-54,9571,5126,4445,8239,4407,3832,1332,719,613
8410,C4114,17,294,District - East Garo Hills (02),55-59,6628,3529,3099,5738,3057,2681,890,472,418
8411,C4114,17,294,District - East Garo Hills (02),60-64,5315,2948,2367,4683,2597,2086,632,351,281
8412,C4114,17,294,District - East Garo Hills (02),65-69,3929,2117,1812,3441,1876,1565,488,241,247
8413,C4114,17,294,District - East Garo Hills (02),70-74,2170,1186,984,1895,1044,851,275,142,133
8414,C4114,17,294,District - East Garo Hills (02),75-79,1083,623,460,938,545,393,145,78,67
8415,C4114,17,294,District - East Garo Hills (02),80+,1230,723,507,1031,618,413,199,105,94
8416,C4114,17,294,District - East Garo Hills (02),Age not stated,825,631,194,340,177,163,485,454,31
8417,C4114,17,295,District - South Garo Hills (03),All ages,142334,73170,69164,129203,66470,62733,13131,6700,6431
8418,C4114,17,295,District - South Garo Hills (03),0-4,20066,10118,9948,18485,9341,9144,1581,777,804
8419,C4114,17,295,District - South Garo Hills (03),5-9,18492,9494,8998,16974,8714,8260,1518,780,738
8420,C4114,17,295,District - South Garo Hills (03),10-14,18564,9446,9118,16718,8549,8169,1846,897,949
8421,C4114,17,295,District - South Garo Hills (03),15-19,15437,7866,7571,13940,7145,6795,1497,721,776
8422,C4114,17,295,District - South Garo Hills (03),20-24,12801,6294,6507,11531,5659,5872,1270,635,635
8423,C4114,17,295,District - South Garo Hills (03),25-29,11722,5906,5816,10520,5295,5225,1202,611,591
8424,C4114,17,295,District - South Garo Hills (03),30-34,8690,4493,4197,7800,4021,3779,890,472,418
8425,C4114,17,295,District - South Garo Hills (03),35-39,8593,4407,4186,7736,3951,3785,857,456,401
8426,C4114,17,295,District - South Garo Hills (03),40-44,7089,3800,3289,6375,3403,2972,714,397,317
8427,C4114,17,295,District - South Garo Hills (03),45-49,6233,3310,2923,5639,2971,2668,594,339,255
8428,C4114,17,295,District - South Garo Hills (03),50-54,4337,2369,1968,3970,2174,1796,367,195,172
8429,C4114,17,295,District - South Garo Hills (03),55-59,2961,1659,1302,2706,1502,1204,255,157,98
8430,C4114,17,295,District - South Garo Hills (03),60-64,2665,1421,1244,2453,1311,1142,212,110,102
8431,C4114,17,295,District - South Garo Hills (03),65-69,1987,1074,913,1850,1012,838,137,62,75
8432,C4114,17,295,District - South Garo Hills (03),70-74,1207,630,577,1126,598,528,81,32,49
8433,C4114,17,295,District - South Garo Hills (03),75-79,594,340,254,552,317,235,42,23,19
8434,C4114,17,295,District - South Garo Hills (03),80+,744,445,299,692,419,273,52,26,26
8435,C4114,17,295,District - South Garo Hills (03),Age not stated,152,98,54,136,88,48,16,10,6
8436,C4114,17,296,District - West Khasi Hills (04),All ages,383461,193715,189746,340356,172380,167976,43105,21335,21770
8437,C4114,17,296,District - West Khasi Hills (04),0-4,63215,32041,31174,56817,28825,27992,6398,3216,3182
8438,C4114,17,296,District - West Khasi Hills (04),5-9,56803,28947,27856,50638,25784,24854,6165,3163,3002
8439,C4114,17,296,District - West Khasi Hills (04),10-14,53030,26881,26149,46925,23774,23151,6105,3107,2998
8440,C4114,17,296,District - West Khasi Hills (04),15-19,41934,21518,20416,36551,18818,17733,5383,2700,2683
8441,C4114,17,296,District - West Khasi Hills (04),20-24,34772,17140,17632,30565,15098,15467,4207,2042,2165
8442,C4114,17,296,District - West Khasi Hills (04),25-29,28815,14358,14457,25452,12743,12709,3363,1615,1748
8443,C4114,17,296,District - West Khasi Hills (04),30-34,21868,10960,10908,19239,9643,9596,2629,1317,1312
8444,C4114,17,296,District - West Khasi Hills (04),35-39,19284,9795,9489,17102,8783,8319,2182,1012,1170
8445,C4114,17,296,District - West Khasi Hills (04),40-44,15755,7988,7767,13963,7134,6829,1792,854,938
8446,C4114,17,296,District - West Khasi Hills (04),45-49,13081,6646,6435,11635,5949,5686,1446,697,749
8447,C4114,17,296,District - West Khasi Hills (04),50-54,9786,5042,4744,8724,4519,4205,1062,523,539
8448,C4114,17,296,District - West Khasi Hills (04),55-59,6579,3329,3250,5905,2993,2912,674,336,338
8449,C4114,17,296,District - West Khasi Hills (04),60-64,5785,2939,2846,5209,2672,2537,576,267,309
8450,C4114,17,296,District - West Khasi Hills (04),65-69,4445,2164,2281,4083,1989,2094,362,175,187
8451,C4114,17,296,District - West Khasi Hills (04),70-74,3048,1461,1587,2741,1327,1414,307,134,173
8452,C4114,17,296,District - West Khasi Hills (04),75-79,1699,782,917,1532,716,816,167,66,101
8453,C4114,17,296,District - West Khasi Hills (04),80+,2089,922,1167,1882,850,1032,207,72,135
8454,C4114,17,296,District - West Khasi Hills (04),Age not stated,1473,802,671,1393,763,630,80,39,41
8455,C4114,17,297,District - Ribhoi (05),All ages,258840,132531,126309,233587,118705,114882,25253,13826,11427
8456,C4114,17,297,District - Ribhoi (05),0-4,37777,19312,18465,34835,17803,17032,2942,1509,1433
8457,C4114,17,297,District - Ribhoi (05),5-9,36229,18556,17673,33297,17069,16228,2932,1487,1445
8458,C4114,17,297,District - Ribhoi (05),10-14,35439,18111,17328,32436,16534,15902,3003,1577,1426
8459,C4114,17,297,District - Ribhoi (05),15-19,28285,14410,13875,25631,13110,12521,2654,1300,1354
8460,C4114,17,297,District - Ribhoi (05),20-24,24142,11840,12302,21431,10436,10995,2711,1404,1307
8461,C4114,17,297,District - Ribhoi (05),25-29,21471,11025,10446,18535,9206,9329,2936,1819,1117
8462,C4114,17,297,District - Ribhoi (05),30-34,16352,8467,7885,14168,7053,7115,2184,1414,770
8463,C4114,17,297,District - Ribhoi (05),35-39,14909,7588,7321,13225,6582,6643,1684,1006,678
8464,C4114,17,297,District - Ribhoi (05),40-44,11672,6101,5571,10419,5344,5075,1253,757,496
8465,C4114,17,297,District - Ribhoi (05),45-49,10012,5207,4805,9000,4643,4357,1012,564,448
8466,C4114,17,297,District - Ribhoi (05),50-54,6969,3759,3210,6352,3462,2890,617,297,320
8467,C4114,17,297,District - Ribhoi (05),55-59,4464,2412,2052,4049,2187,1862,415,225,190
8468,C4114,17,297,District - Ribhoi (05),60-64,4081,2188,1893,3752,2016,1736,329,172,157
8469,C4114,17,297,District - Ribhoi (05),65-69,2749,1422,1327,2545,1316,1229,204,106,98
8470,C4114,17,297,District - Ribhoi (05),70-74,1862,932,930,1697,855,842,165,77,88
8471,C4114,17,297,District - Ribhoi (05),75-79,955,481,474,878,440,438,77,41,36
8472,C4114,17,297,District - Ribhoi (05),80+,1285,606,679,1157,541,616,128,65,63
8473,C4114,17,297,District - Ribhoi (05),Age not stated,187,114,73,180,108,72,7,6,1
8474,C4114,17,298,District - East Khasi Hills (06),All ages,825922,410749,415173,459441,228409,231032,366481,182340,184141
8475,C4114,17,298,District - East Khasi Hills (06),0-4,99338,50470,48868,68713,34644,34069,30625,15826,14799
8476,C4114,17,298,District - East Khasi Hills (06),5-9,95864,48790,47074,63519,32199,31320,32345,16591,15754
8477,C4114,17,298,District - East Khasi Hills (06),10-14,98483,49583,48900,60665,30514,30151,37818,19069,18749
8478,C4114,17,298,District - East Khasi Hills (06),15-19,90186,45355,44831,47589,24012,23577,42597,21343,21254
8479,C4114,17,298,District - East Khasi Hills (06),20-24,86204,42763,43441,43231,21040,22191,42973,21723,21250
8480,C4114,17,298,District - East Khasi Hills (06),25-29,75886,37573,38313,38019,18960,19059,37867,18613,19254
8481,C4114,17,298,District - East Khasi Hills (06),30-34,59711,29788,29923,28998,14474,14524,30713,15314,15399
8482,C4114,17,298,District - East Khasi Hills (06),35-39,53648,26455,27193,26360,13262,13098,27288,13193,14095
8483,C4114,17,298,District - East Khasi Hills (06),40-44,43322,21652,21670,21020,10509,10511,22302,11143,11159
8484,C4114,17,298,District - East Khasi Hills (06),45-49,35747,18026,17721,17430,8779,8651,18317,9247,9070
8485,C4114,17,298,District - East Khasi Hills (06),50-54,26567,13104,13463,12538,6176,6362,14029,6928,7101
8486,C4114,17,298,District - East Khasi Hills (06),55-59,17928,8749,9179,8382,4007,4375,9546,4742,4804
8487,C4114,17,298,District - East Khasi Hills (06),60-64,14889,6961,7928,7621,3525,4096,7268,3436,3832
8488,C4114,17,298,District - East Khasi Hills (06),65-69,10012,4320,5692,5464,2327,3137,4548,1993,2555
8489,C4114,17,298,District - East Khasi Hills (06),70-74,7415,3087,4328,4116,1748,2368,3299,1339,1960
8490,C4114,17,298,District - East Khasi Hills (06),75-79,4339,1623,2716,2237,828,1409,2102,795,1307
8491,C4114,17,298,District - East Khasi Hills (06),80+,5426,1928,3498,2856,1019,1837,2570,909,1661
8492,C4114,17,298,District - East Khasi Hills (06),Age not stated,957,522,435,683,386,297,274,136,138
8493,C4114,17,299,District - Jaintia Hills (07),All ages,395124,196285,198839,366694,182610,184084,28430,13675,14755
8494,C4114,17,299,District - Jaintia Hills (07),0-4,66379,33673,32706,63633,32267,31366,2746,1406,1340
8495,C4114,17,299,District - Jaintia Hills (07),5-9,58569,29394,29175,55724,27985,27739,2845,1409,1436
8496,C4114,17,299,District - Jaintia Hills (07),10-14,53911,26768,27143,50229,24921,25308,3682,1847,1835
8497,C4114,17,299,District - Jaintia Hills (07),15-19,43760,21791,21969,39835,19877,19958,3925,1914,2011
8498,C4114,17,299,District - Jaintia Hills (07),20-24,37214,18059,19155,34067,16526,17541,3147,1533,1614
8499,C4114,17,299,District - Jaintia Hills (07),25-29,31264,15666,15598,28585,14327,14258,2679,1339,1340
8500,C4114,17,299,District - Jaintia Hills (07),30-34,22735,11510,11225,20652,10515,10137,2083,995,1088
8501,C4114,17,299,District - Jaintia Hills (07),35-39,20559,10424,10135,18756,9578,9178,1803,846,957
8502,C4114,17,299,District - Jaintia Hills (07),40-44,16299,8230,8069,14828,7558,7270,1471,672,799
8503,C4114,17,299,District - Jaintia Hills (07),45-49,13341,6610,6731,12118,6034,6084,1223,576,647
8504,C4114,17,299,District - Jaintia Hills (07),50-54,9271,4563,4708,8350,4155,4195,921,408,513
8505,C4114,17,299,District - Jaintia Hills (07),55-59,6213,2924,3289,5586,2639,2947,627,285,342
8506,C4114,17,299,District - Jaintia Hills (07),60-64,5484,2435,3049,5016,2243,2773,468,192,276
8507,C4114,17,299,District - Jaintia Hills (07),65-69,3457,1508,1949,3185,1409,1776,272,99,173
8508,C4114,17,299,District - Jaintia Hills (07),70-74,2693,1120,1573,2482,1058,1424,211,62,149
8509,C4114,17,299,District - Jaintia Hills (07),75-79,1422,525,897,1276,480,796,146,45,101
8510,C4114,17,299,District - Jaintia Hills (07),80+,1822,681,1141,1659,645,1014,163,36,127
8511,C4114,17,299,District - Jaintia Hills (07),Age not stated,731,404,327,713,393,320,18,11,7
8512,C4114,15,0,State - MIZORAM (15),All ages,1097206,555339,541867,525435,269135,256300,571771,286204,285567
8513,C4114,15,0,State - MIZORAM (15),0-4,121233,61541,59692,66972,34077,32895,54261,27464,26797
8514,C4114,15,0,State - MIZORAM (15),5-9,117788,59888,57900,64896,33073,31823,52892,26815,26077
8515,C4114,15,0,State - MIZORAM (15),10-14,116981,59526,57455,60088,30836,29252,56893,28690,28203
8516,C4114,15,0,State - MIZORAM (15),15-19,110343,55907,54436,50257,26000,24257,60086,29907,30179
8517,C4114,15,0,State - MIZORAM (15),20-24,111708,55512,56196,50969,25314,25655,60739,30198,30541
8518,C4114,15,0,State - MIZORAM (15),25-29,102346,51390,50956,46384,23442,22942,55962,27948,28014
8519,C4114,15,0,State - MIZORAM (15),30-34,88374,44341,44033,38740,19801,18939,49634,24540,25094
8520,C4114,15,0,State - MIZORAM (15),35-39,72384,36817,35567,31629,16461,15168,40755,20356,20399
8521,C4114,15,0,State - MIZORAM (15),40-44,58180,29970,28210,24818,12925,11893,33362,17045,16317
8522,C4114,15,0,State - MIZORAM (15),45-49,53175,27028,26147,23045,11983,11062,30130,15045,15085
8523,C4114,15,0,State - MIZORAM (15),50-54,44256,22556,21700,20258,10538,9720,23998,12018,11980
8524,C4114,15,0,State - MIZORAM (15),55-59,31177,16139,15038,14603,7770,6833,16574,8369,8205
8525,C4114,15,0,State - MIZORAM (15),60-64,24480,12357,12123,11736,6110,5626,12744,6247,6497
8526,C4114,15,0,State - MIZORAM (15),65-69,16170,8114,8056,7878,4105,3773,8292,4009,4283
8527,C4114,15,0,State - MIZORAM (15),70-74,12020,6108,5912,5572,2907,2665,6448,3201,3247
8528,C4114,15,0,State - MIZORAM (15),75-79,7784,3884,3900,3599,1876,1723,4185,2008,2177
8529,C4114,15,0,State - MIZORAM (15),80+,8174,3882,4292,3711,1763,1948,4463,2119,2344
8530,C4114,15,0,State - MIZORAM (15),Age not stated,633,379,254,280,154,126,353,225,128
8531,C4114,15,281,District - Mamit (01),All ages,86364,44828,41536,71465,37135,34330,14899,7693,7206
8532,C4114,15,281,District - Mamit (01),0-4,11336,5713,5623,9631,4853,4778,1705,860,845
8533,C4114,15,281,District - Mamit (01),5-9,10285,5244,5041,8749,4454,4295,1536,790,746
8534,C4114,15,281,District - Mamit (01),10-14,9713,5140,4573,8162,4274,3888,1551,866,685
8535,C4114,15,281,District - Mamit (01),15-19,8328,4325,4003,6936,3603,3333,1392,722,670
8536,C4114,15,281,District - Mamit (01),20-24,8241,4065,4176,6775,3338,3437,1466,727,739
8537,C4114,15,281,District - Mamit (01),25-29,8011,4077,3934,6574,3363,3211,1437,714,723
8538,C4114,15,281,District - Mamit (01),30-34,6528,3348,3180,5238,2725,2513,1290,623,667
8539,C4114,15,281,District - Mamit (01),35-39,5485,2974,2511,4474,2428,2046,1011,546,465
8540,C4114,15,281,District - Mamit (01),40-44,4281,2326,1955,3440,1869,1571,841,457,384
8541,C4114,15,281,District - Mamit (01),45-49,3788,2026,1762,3035,1637,1398,753,389,364
8542,C4114,15,281,District - Mamit (01),50-54,3227,1773,1454,2643,1444,1199,584,329,255
8543,C4114,15,281,District - Mamit (01),55-59,2320,1244,1076,1888,1024,864,432,220,212
8544,C4114,15,281,District - Mamit (01),60-64,1780,985,795,1491,843,648,289,142,147
8545,C4114,15,281,District - Mamit (01),65-69,1117,607,510,905,499,406,212,108,104
8546,C4114,15,281,District - Mamit (01),70-74,808,411,397,643,332,311,165,79,86
8547,C4114,15,281,District - Mamit (01),75-79,498,269,229,399,218,181,99,51,48
8548,C4114,15,281,District - Mamit (01),80+,568,276,292,440,214,226,128,62,66
8549,C4114,15,281,District - Mamit (01),Age not stated,50,25,25,42,17,25,8,8,0
8550,C4114,15,282,District - Kolasib (02),All ages,83955,42918,41037,37077,19097,17980,46878,23821,23057
8551,C4114,15,282,District - Kolasib (02),0-4,9648,4853,4795,4792,2437,2355,4856,2416,2440
8552,C4114,15,282,District - Kolasib (02),5-9,9346,4795,4551,4521,2325,2196,4825,2470,2355
8553,C4114,15,282,District - Kolasib (02),10-14,9029,4559,4470,4102,2085,2017,4927,2474,2453
8554,C4114,15,282,District - Kolasib (02),15-19,8104,4078,4026,3518,1794,1724,4586,2284,2302
8555,C4114,15,282,District - Kolasib (02),20-24,8232,4111,4121,3498,1723,1775,4734,2388,2346
8556,C4114,15,282,District - Kolasib (02),25-29,7788,4012,3776,3278,1706,1572,4510,2306,2204
8557,C4114,15,282,District - Kolasib (02),30-34,6748,3454,3294,2752,1381,1371,3996,2073,1923
8558,C4114,15,282,District - Kolasib (02),35-39,5534,2864,2670,2391,1238,1153,3143,1626,1517
8559,C4114,15,282,District - Kolasib (02),40-44,4298,2263,2035,1707,926,781,2591,1337,1254
8560,C4114,15,282,District - Kolasib (02),45-49,3996,2110,1886,1655,903,752,2341,1207,1134
8561,C4114,15,282,District - Kolasib (02),50-54,3441,1762,1679,1487,751,736,1954,1011,943
8562,C4114,15,282,District - Kolasib (02),55-59,2458,1289,1169,1050,584,466,1408,705,703
8563,C4114,15,282,District - Kolasib (02),60-64,1892,963,929,833,423,410,1059,540,519
8564,C4114,15,282,District - Kolasib (02),65-69,1178,616,562,534,293,241,644,323,321
8565,C4114,15,282,District - Kolasib (02),70-74,941,502,439,403,227,176,538,275,263
8566,C4114,15,282,District - Kolasib (02),75-79,593,323,270,249,140,109,344,183,161
8567,C4114,15,282,District - Kolasib (02),80+,664,328,336,276,143,133,388,185,203
8568,C4114,15,282,District - Kolasib (02),Age not stated,65,36,29,31,18,13,34,18,16
8569,C4114,15,283,District - Aizawl (03),All ages,400309,199270,201039,85555,43780,41775,314754,155490,159264
8570,C4114,15,283,District - Aizawl (03),0-4,37825,19119,18706,9431,4812,4619,28394,14307,14087
8571,C4114,15,283,District - Aizawl (03),5-9,36719,18490,18229,9321,4721,4600,27398,13769,13629
8572,C4114,15,283,District - Aizawl (03),10-14,38075,19167,18908,8835,4537,4298,29240,14630,14610
8573,C4114,15,283,District - Aizawl (03),15-19,41116,20608,20508,7683,4035,3648,33433,16573,16860
8574,C4114,15,283,District - Aizawl (03),20-24,42733,21187,21546,7955,4075,3880,34778,17112,17666
8575,C4114,15,283,District - Aizawl (03),25-29,39424,19518,19906,7754,3866,3888,31670,15652,16018
8576,C4114,15,283,District - Aizawl (03),30-34,34857,17061,17796,6863,3461,3402,27994,13600,14394
8577,C4114,15,283,District - Aizawl (03),35-39,28683,14225,14458,5561,2857,2704,23122,11368,11754
8578,C4114,15,283,District - Aizawl (03),40-44,23151,11628,11523,4292,2234,2058,18859,9394,9465
8579,C4114,15,283,District - Aizawl (03),45-49,21403,10478,10925,4223,2171,2052,17180,8307,8873
8580,C4114,15,283,District - Aizawl (03),50-54,17223,8522,8701,3808,1945,1863,13415,6577,6838
8581,C4114,15,283,District - Aizawl (03),55-59,12118,6128,5990,2919,1521,1398,9199,4607,4592
8582,C4114,15,283,District - Aizawl (03),60-64,9243,4520,4723,2298,1186,1112,6945,3334,3611
8583,C4114,15,283,District - Aizawl (03),65-69,6208,3015,3193,1605,848,757,4603,2167,2436
8584,C4114,15,283,District - Aizawl (03),70-74,4778,2363,2415,1213,614,599,3565,1749,1816
8585,C4114,15,283,District - Aizawl (03),75-79,3172,1516,1656,843,431,412,2329,1085,1244
8586,C4114,15,283,District - Aizawl (03),80+,3350,1570,1780,897,430,467,2453,1140,1313
8587,C4114,15,283,District - Aizawl (03),Age not stated,231,155,76,54,36,18,177,119,58
8588,C4114,15,284,District - Champhai (04),All ages,125745,63388,62357,77216,39110,38106,48529,24278,24251
8589,C4114,15,284,District - Champhai (04),0-4,14896,7510,7386,9574,4834,4740,5322,2676,2646
8590,C4114,15,284,District - Champhai (04),5-9,14456,7385,7071,9300,4733,4567,5156,2652,2504
8591,C4114,15,284,District - Champhai (04),10-14,13755,6918,6837,8698,4332,4366,5057,2586,2471
8592,C4114,15,284,District - Champhai (04),15-19,12405,6331,6074,7503,3874,3629,4902,2457,2445
8593,C4114,15,284,District - Champhai (04),20-24,11855,5935,5920,7151,3593,3558,4704,2342,2362
8594,C4114,15,284,District - Champhai (04),25-29,11411,5677,5734,6852,3397,3455,4559,2280,2279
8595,C4114,15,284,District - Champhai (04),30-34,9729,4807,4922,5752,2887,2865,3977,1920,2057
8596,C4114,15,284,District - Champhai (04),35-39,7702,3862,3840,4640,2388,2252,3062,1474,1588
8597,C4114,15,284,District - Champhai (04),40-44,6337,3226,3111,3752,1936,1816,2585,1290,1295
8598,C4114,15,284,District - Champhai (04),45-49,5922,3022,2900,3493,1807,1686,2429,1215,1214
8599,C4114,15,284,District - Champhai (04),50-54,5067,2579,2488,3023,1547,1476,2044,1032,1012
8600,C4114,15,284,District - Champhai (04),55-59,3583,1796,1787,2243,1126,1117,1340,670,670
8601,C4114,15,284,District - Champhai (04),60-64,2986,1488,1498,1825,936,889,1161,552,609
8602,C4114,15,284,District - Champhai (04),65-69,2106,1042,1064,1302,643,659,804,399,405
8603,C4114,15,284,District - Champhai (04),70-74,1503,794,709,899,471,428,604,323,281
8604,C4114,15,284,District - Champhai (04),75-79,988,505,483,602,318,284,386,187,199
8605,C4114,15,284,District - Champhai (04),80+,956,460,496,536,250,286,420,210,210
8606,C4114,15,284,District - Champhai (04),Age not stated,88,51,37,71,38,33,17,13,4
8607,C4114,15,285,District - Serchhip (05),All ages,64937,32851,32086,32918,16643,16275,32019,16208,15811
8608,C4114,15,285,District - Serchhip (05),0-4,6619,3419,3200,3696,1902,1794,2923,1517,1406
8609,C4114,15,285,District - Serchhip (05),5-9,6780,3414,3366,3671,1862,1809,3109,1552,1557
8610,C4114,15,285,District - Serchhip (05),10-14,7072,3486,3586,3584,1789,1795,3488,1697,1791
8611,C4114,15,285,District - Serchhip (05),15-19,6634,3377,3257,3304,1714,1590,3330,1663,1667
8612,C4114,15,285,District - Serchhip (05),20-24,6529,3357,3172,3359,1703,1656,3170,1654,1516
8613,C4114,15,285,District - Serchhip (05),25-29,5934,3023,2911,3017,1539,1478,2917,1484,1433
8614,C4114,15,285,District - Serchhip (05),30-34,5199,2581,2618,2510,1254,1256,2689,1327,1362
8615,C4114,15,285,District - Serchhip (05),35-39,4216,2074,2142,1942,945,997,2274,1129,1145
8616,C4114,15,285,District - Serchhip (05),40-44,3260,1680,1580,1427,721,706,1833,959,874
8617,C4114,15,285,District - Serchhip (05),45-49,3219,1648,1571,1558,754,804,1661,894,767
8618,C4114,15,285,District - Serchhip (05),50-54,2712,1357,1355,1417,717,700,1295,640,655
8619,C4114,15,285,District - Serchhip (05),55-59,1979,990,989,1010,520,490,969,470,499
8620,C4114,15,285,District - Serchhip (05),60-64,1612,803,809,794,394,400,818,409,409
8621,C4114,15,285,District - Serchhip (05),65-69,1196,604,592,617,301,316,579,303,276
8622,C4114,15,285,District - Serchhip (05),70-74,801,413,388,421,222,199,380,191,189
8623,C4114,15,285,District - Serchhip (05),75-79,577,304,273,299,155,144,278,149,129
8624,C4114,15,285,District - Serchhip (05),80+,527,284,243,284,146,138,243,138,105
8625,C4114,15,285,District - Serchhip (05),Age not stated,71,37,34,8,5,3,63,32,31
8626,C4114,15,286,District - Lunglei (06),All ages,161428,82891,78537,92676,47577,45099,68752,35314,33438
8627,C4114,15,286,District - Lunglei (06),0-4,17944,9159,8785,11933,6075,5858,6011,3084,2927
8628,C4114,15,286,District - Lunglei (06),5-9,18115,9223,8892,11897,6082,5815,6218,3141,3077
8629,C4114,15,286,District - Lunglei (06),10-14,18105,9274,8831,10879,5630,5249,7226,3644,3582
8630,C4114,15,286,District - Lunglei (06),15-19,15738,8028,7710,8661,4490,4171,7077,3538,3539
8631,C4114,15,286,District - Lunglei (06),20-24,15847,7946,7901,8915,4428,4487,6932,3518,3414
8632,C4114,15,286,District - Lunglei (06),25-29,14501,7337,7164,8030,4035,3995,6471,3302,3169
8633,C4114,15,286,District - Lunglei (06),30-34,12726,6646,6080,6719,3468,3251,6007,3178,2829
8634,C4114,15,286,District - Lunglei (06),35-39,10520,5499,5021,5446,2856,2590,5074,2643,2431
8635,C4114,15,286,District - Lunglei (06),40-44,8576,4567,4009,4285,2191,2094,4291,2376,1915
8636,C4114,15,286,District - Lunglei (06),45-49,7868,4144,3724,4096,2132,1964,3772,2012,1760
8637,C4114,15,286,District - Lunglei (06),50-54,6617,3437,3180,3538,1862,1676,3079,1575,1504
8638,C4114,15,286,District - Lunglei (06),55-59,4652,2475,2177,2554,1378,1176,2098,1097,1001
8639,C4114,15,286,District - Lunglei (06),60-64,3708,1880,1828,2101,1065,1036,1607,815,792
8640,C4114,15,286,District - Lunglei (06),65-69,2387,1230,1157,1416,761,655,971,469,502
8641,C4114,15,286,District - Lunglei (06),70-74,1741,901,840,938,506,432,803,395,408
8642,C4114,15,286,District - Lunglei (06),75-79,1128,555,573,608,313,295,520,242,278
8643,C4114,15,286,District - Lunglei (06),80+,1191,557,634,629,291,338,562,266,296
8644,C4114,15,286,District - Lunglei (06),Age not stated,64,33,31,31,14,17,33,19,14
8645,C4114,15,287,District - Lawngtlai (07),All ages,117894,60599,57295,97064,49940,47124,20830,10659,10171
8646,C4114,15,287,District - Lawngtlai (07),0-4,15983,8139,7844,13716,7006,6710,2267,1133,1134
8647,C4114,15,287,District - Lawngtlai (07),5-9,15557,8002,7555,13470,6898,6572,2087,1104,983
8648,C4114,15,287,District - Lawngtlai (07),10-14,14358,7511,6847,12005,6280,5725,2353,1231,1122
8649,C4114,15,287,District - Lawngtlai (07),15-19,11840,6059,5781,9602,4940,4662,2238,1119,1119
8650,C4114,15,287,District - Lawngtlai (07),20-24,12457,6051,6406,10203,4924,5279,2254,1127,1127
8651,C4114,15,287,District - Lawngtlai (07),25-29,10528,5357,5171,8407,4270,4137,2121,1087,1034
8652,C4114,15,287,District - Lawngtlai (07),30-34,8582,4470,4112,6853,3612,3241,1729,858,871
8653,C4114,15,287,District - Lawngtlai (07),35-39,6782,3578,3204,5371,2846,2525,1411,732,679
8654,C4114,15,287,District - Lawngtlai (07),40-44,5471,2848,2623,4376,2284,2092,1095,564,531
8655,C4114,15,287,District - Lawngtlai (07),45-49,4468,2316,2152,3561,1839,1722,907,477,430
8656,C4114,15,287,District - Lawngtlai (07),50-54,3930,2068,1862,3176,1671,1505,754,397,357
8657,C4114,15,287,District - Lawngtlai (07),55-59,2521,1407,1114,2001,1120,881,520,287,233
8658,C4114,15,287,District - Lawngtlai (07),60-64,2110,1126,984,1687,907,780,423,219,204
8659,C4114,15,287,District - Lawngtlai (07),65-69,1272,663,609,1033,542,491,239,121,118
8660,C4114,15,287,District - Lawngtlai (07),70-74,941,485,456,751,391,360,190,94,96
8661,C4114,15,287,District - Lawngtlai (07),75-79,496,251,245,394,204,190,102,47,55
8662,C4114,15,287,District - Lawngtlai (07),80+,561,245,316,438,196,242,123,49,74
8663,C4114,15,287,District - Lawngtlai (07),Age not stated,37,23,14,20,10,10,17,13,4
8664,C4114,15,288,District - Saiha (08),All ages,56574,28594,27980,31464,15853,15611,25110,12741,12369
8665,C4114,15,288,District - Saiha (08),0-4,6982,3629,3353,4199,2158,2041,2783,1471,1312
8666,C4114,15,288,District - Saiha (08),5-9,6530,3335,3195,3967,1998,1969,2563,1337,1226
8667,C4114,15,288,District - Saiha (08),10-14,6874,3471,3403,3823,1909,1914,3051,1562,1489
8668,C4114,15,288,District - Saiha (08),15-19,6178,3101,3077,3050,1550,1500,3128,1551,1577
8669,C4114,15,288,District - Saiha (08),20-24,5814,2860,2954,3113,1530,1583,2701,1330,1371
8670,C4114,15,288,District - Saiha (08),25-29,4749,2389,2360,2472,1266,1206,2277,1123,1154
8671,C4114,15,288,District - Saiha (08),30-34,4005,1974,2031,2053,1013,1040,1952,961,991
8672,C4114,15,288,District - Saiha (08),35-39,3462,1741,1721,1804,903,901,1658,838,820
8673,C4114,15,288,District - Saiha (08),40-44,2806,1432,1374,1539,764,775,1267,668,599
8674,C4114,15,288,District - Saiha (08),45-49,2511,1284,1227,1424,740,684,1087,544,543
8675,C4114,15,288,District - Saiha (08),50-54,2039,1058,981,1166,601,565,873,457,416
8676,C4114,15,288,District - Saiha (08),55-59,1546,810,736,938,497,441,608,313,295
8677,C4114,15,288,District - Saiha (08),60-64,1149,592,557,707,356,351,442,236,206
8678,C4114,15,288,District - Saiha (08),65-69,706,337,369,466,218,248,240,119,121
8679,C4114,15,288,District - Saiha (08),70-74,507,239,268,304,144,160,203,95,108
8680,C4114,15,288,District - Saiha (08),75-79,332,161,171,205,97,108,127,64,63
8681,C4114,15,288,District - Saiha (08),80+,357,162,195,211,93,118,146,69,77
8682,C4114,15,288,District - Saiha (08),Age not stated,27,19,8,23,16,7,4,3,1
8683,C4114,13,0,State - NAGALAND (13),All ages,1978502,1024649,953853,1407536,725472,682064,570966,299177,271789
8684,C4114,13,0,State - NAGALAND (13),0-4,197262,101291,95971,147261,75981,71280,50001,25310,24691
8685,C4114,13,0,State - NAGALAND (13),5-9,233099,120647,112452,173624,90120,83504,59475,30527,28948
8686,C4114,13,0,State - NAGALAND (13),10-14,248671,129237,119434,181149,94658,86491,67522,34579,32943
8687,C4114,13,0,State - NAGALAND (13),15-19,229622,117994,111628,161926,83359,78567,67696,34635,33061
8688,C4114,13,0,State - NAGALAND (13),20-24,204363,103769,100594,139581,70944,68637,64782,32825,31957
8689,C4114,13,0,State - NAGALAND (13),25-29,176901,89598,87303,117131,58588,58543,59770,31010,28760
8690,C4114,13,0,State - NAGALAND (13),30-34,149924,76505,73419,100492,50782,49710,49432,25723,23709
8691,C4114,13,0,State - NAGALAND (13),35-39,128198,64695,63503,87170,43067,44103,41028,21628,19400
8692,C4114,13,0,State - NAGALAND (13),40-44,109261,57653,51608,76029,39211,36818,33232,18442,14790
8693,C4114,13,0,State - NAGALAND (13),45-49,87747,47757,39990,61345,32644,28701,26402,15113,11289
8694,C4114,13,0,State - NAGALAND (13),50-54,65859,36134,29725,47518,25376,22142,18341,10758,7583
8695,C4114,13,0,State - NAGALAND (13),55-59,43398,23741,19657,31751,16898,14853,11647,6843,4804
8696,C4114,13,0,State - NAGALAND (13),60-64,36519,19683,16836,28201,14898,13303,8318,4785,3533
8697,C4114,13,0,State - NAGALAND (13),65-69,24243,12801,11442,18939,9930,9009,5304,2871,2433
8698,C4114,13,0,State - NAGALAND (13),70-74,17593,9260,8333,14353,7550,6803,3240,1710,1530
8699,C4114,13,0,State - NAGALAND (13),75-79,10565,5635,4930,8629,4606,4023,1936,1029,907
8700,C4114,13,0,State - NAGALAND (13),80+,13806,7400,6406,11163,6128,5035,2643,1272,1371
8701,C4114,13,0,State - NAGALAND (13),Age not stated,1471,849,622,1274,732,542,197,117,80
8702,C4114,13,261,District - Mon (01),All ages,250260,131753,118507,215816,113469,102347,34444,18284,16160
8703,C4114,13,261,District - Mon (01),0-4,27341,14195,13146,23804,12397,11407,3537,1798,1739
8704,C4114,13,261,District - Mon (01),5-9,32201,16988,15213,28010,14740,13270,4191,2248,1943
8705,C4114,13,261,District - Mon (01),10-14,33959,18162,15797,29141,15619,13522,4818,2543,2275
8706,C4114,13,261,District - Mon (01),15-19,31835,16572,15263,27245,14267,12978,4590,2305,2285
8707,C4114,13,261,District - Mon (01),20-24,24987,13209,11778,21279,11325,9954,3708,1884,1824
8708,C4114,13,261,District - Mon (01),25-29,18450,9582,8868,15274,7948,7326,3176,1634,1542
8709,C4114,13,261,District - Mon (01),30-34,14790,7609,7181,12239,6286,5953,2551,1323,1228
8710,C4114,13,261,District - Mon (01),35-39,13854,6895,6959,11665,5709,5956,2189,1186,1003
8711,C4114,13,261,District - Mon (01),40-44,13374,6870,6504,11542,5826,5716,1832,1044,788
8712,C4114,13,261,District - Mon (01),45-49,11582,6217,5365,10248,5395,4853,1334,822,512
8713,C4114,13,261,District - Mon (01),50-54,8924,5039,3885,7978,4431,3547,946,608,338
8714,C4114,13,261,District - Mon (01),55-59,5695,3168,2527,5168,2852,2316,527,316,211
8715,C4114,13,261,District - Mon (01),60-64,4790,2665,2125,4370,2416,1954,420,249,171
8716,C4114,13,261,District - Mon (01),65-69,3110,1671,1439,2854,1527,1327,256,144,112
8717,C4114,13,261,District - Mon (01),70-74,2275,1249,1026,2133,1182,951,142,67,75
8718,C4114,13,261,District - Mon (01),75-79,1154,629,525,1068,581,487,86,48,38
8719,C4114,13,261,District - Mon (01),80+,1489,790,699,1375,739,636,114,51,63
8720,C4114,13,261,District - Mon (01),Age not stated,450,243,207,423,229,194,27,14,13
8721,C4114,13,262,District - Mokokchung (02),All ages,194622,101092,93530,138897,71373,67524,55725,29719,26006
8722,C4114,13,262,District - Mokokchung (02),0-4,13387,6819,6568,9665,4934,4731,3722,1885,1837
8723,C4114,13,262,District - Mokokchung (02),5-9,18242,9445,8797,13312,6872,6440,4930,2573,2357
8724,C4114,13,262,District - Mokokchung (02),10-14,22283,11749,10534,15606,8141,7465,6677,3608,3069
8725,C4114,13,262,District - Mokokchung (02),15-19,20982,11084,9898,14919,7836,7083,6063,3248,2815
8726,C4114,13,262,District - Mokokchung (02),20-24,18975,9925,9050,13253,6856,6397,5722,3069,2653
8727,C4114,13,262,District - Mokokchung (02),25-29,17374,8895,8479,11608,5770,5838,5766,3125,2641
8728,C4114,13,262,District - Mokokchung (02),30-34,16157,8208,7949,11173,5604,5569,4984,2604,2380
8729,C4114,13,262,District - Mokokchung (02),35-39,14063,7092,6971,10005,4931,5074,4058,2161,1897
8730,C4114,13,262,District - Mokokchung (02),40-44,12399,6416,5983,8996,4596,4400,3403,1820,1583
8731,C4114,13,262,District - Mokokchung (02),45-49,10234,5522,4712,7371,3912,3459,2863,1610,1253
8732,C4114,13,262,District - Mokokchung (02),50-54,8089,4354,3735,5857,3121,2736,2232,1233,999
8733,C4114,13,262,District - Mokokchung (02),55-59,5785,3092,2693,4209,2229,1980,1576,863,713
8734,C4114,13,262,District - Mokokchung (02),60-64,4980,2573,2407,3786,1947,1839,1194,626,568
8735,C4114,13,262,District - Mokokchung (02),65-69,3642,1851,1791,2730,1370,1360,912,481,431
8736,C4114,13,262,District - Mokokchung (02),70-74,2892,1470,1422,2273,1156,1117,619,314,305
8737,C4114,13,262,District - Mokokchung (02),75-79,2112,1072,1040,1686,849,837,426,223,203
8738,C4114,13,262,District - Mokokchung (02),80+,2863,1438,1425,2304,1175,1129,559,263,296
8739,C4114,13,262,District - Mokokchung (02),Age not stated,163,87,76,144,74,70,19,13,6
8740,C4114,13,263,District - Zunheboto (03),All ages,140757,71217,69540,113160,56786,56374,27597,14431,13166
8741,C4114,13,263,District - Zunheboto (03),0-4,13431,6870,6561,11090,5725,5365,2341,1145,1196
8742,C4114,13,263,District - Zunheboto (03),5-9,16858,8640,8218,13643,7067,6576,3215,1573,1642
8743,C4114,13,263,District - Zunheboto (03),10-14,18764,9617,9147,14837,7668,7169,3927,1949,1978
8744,C4114,13,263,District - Zunheboto (03),15-19,16714,8382,8332,13103,6637,6466,3611,1745,1866
8745,C4114,13,263,District - Zunheboto (03),20-24,14006,6815,7191,10957,5220,5737,3049,1595,1454
8746,C4114,13,263,District - Zunheboto (03),25-29,11936,5923,6013,9278,4476,4802,2658,1447,1211
8747,C4114,13,263,District - Zunheboto (03),30-34,10245,4999,5246,8209,3936,4273,2036,1063,973
8748,C4114,13,263,District - Zunheboto (03),35-39,8508,4227,4281,6768,3286,3482,1740,941,799
8749,C4114,13,263,District - Zunheboto (03),40-44,7566,3912,3654,6044,3010,3034,1522,902,620
8750,C4114,13,263,District - Zunheboto (03),45-49,5948,3078,2870,4722,2380,2342,1226,698,528
8751,C4114,13,263,District - Zunheboto (03),50-54,4878,2470,2408,4069,1986,2083,809,484,325
8752,C4114,13,263,District - Zunheboto (03),55-59,3178,1643,1535,2715,1365,1350,463,278,185
8753,C4114,13,263,District - Zunheboto (03),60-64,3059,1541,1518,2674,1301,1373,385,240,145
8754,C4114,13,263,District - Zunheboto (03),65-69,2198,1153,1045,1929,986,943,269,167,102
8755,C4114,13,263,District - Zunheboto (03),70-74,1617,841,776,1453,746,707,164,95,69
8756,C4114,13,263,District - Zunheboto (03),75-79,853,521,332,771,468,303,82,53,29
8757,C4114,13,263,District - Zunheboto (03),80+,947,551,396,855,499,356,92,52,40
8758,C4114,13,263,District - Zunheboto (03),Age not stated,51,34,17,43,30,13,8,4,4
8759,C4114,13,264,District - Wokha (04),All ages,166343,84505,81838,131339,66435,64904,35004,18070,16934
8760,C4114,13,264,District - Wokha (04),0-4,13236,6788,6448,10801,5559,5242,2435,1229,1206
8761,C4114,13,264,District - Wokha (04),5-9,17200,8770,8430,13982,7132,6850,3218,1638,1580
8762,C4114,13,264,District - Wokha (04),10-14,21037,10657,10380,16871,8608,8263,4166,2049,2117
8763,C4114,13,264,District - Wokha (04),15-19,21484,11069,10415,16513,8538,7975,4971,2531,2440
8764,C4114,13,264,District - Wokha (04),20-24,18977,9411,9566,14349,7150,7199,4628,2261,2367
8765,C4114,13,264,District - Wokha (04),25-29,15017,7211,7806,11197,5297,5900,3820,1914,1906
8766,C4114,13,264,District - Wokha (04),30-34,12545,6239,6306,9556,4627,4929,2989,1612,1377
8767,C4114,13,264,District - Wokha (04),35-39,10620,5254,5366,8346,4046,4300,2274,1208,1066
8768,C4114,13,264,District - Wokha (04),40-44,9350,4683,4667,7458,3690,3768,1892,993,899
8769,C4114,13,264,District - Wokha (04),45-49,7995,4201,3794,6403,3358,3045,1592,843,749
8770,C4114,13,264,District - Wokha (04),50-54,6079,3215,2864,4934,2542,2392,1145,673,472
8771,C4114,13,264,District - Wokha (04),55-59,4048,2184,1864,3375,1784,1591,673,400,273
8772,C4114,13,264,District - Wokha (04),60-64,3323,1834,1489,2832,1537,1295,491,297,194
8773,C4114,13,264,District - Wokha (04),65-69,2099,1147,952,1811,976,835,288,171,117
8774,C4114,13,264,District - Wokha (04),70-74,1405,735,670,1220,621,599,185,114,71
8775,C4114,13,264,District - Wokha (04),75-79,797,450,347,715,400,315,82,50,32
8776,C4114,13,264,District - Wokha (04),80+,1060,604,456,918,527,391,142,77,65
8777,C4114,13,264,District - Wokha (04),Age not stated,71,53,18,58,43,15,13,10,3
8778,C4114,13,265,District - Dimapur  (05),All ages,378811,197394,181417,180942,93435,87507,197869,103959,93910
8779,C4114,13,265,District - Dimapur  (05),0-4,34832,17712,17120,17782,9022,8760,17050,8690,8360
8780,C4114,13,265,District - Dimapur  (05),5-9,40299,20709,19590,20951,10711,10240,19348,9998,9350
8781,C4114,13,265,District - Dimapur  (05),10-14,43127,21985,21142,22575,11508,11067,20552,10477,10075
8782,C4114,13,265,District - Dimapur  (05),15-19,42075,21432,20643,21135,10723,10412,20940,10709,10231
8783,C4114,13,265,District - Dimapur  (05),20-24,43510,21892,21618,20787,10779,10008,22723,11113,11610
8784,C4114,13,265,District - Dimapur  (05),25-29,39549,20236,19313,17336,8870,8466,22213,11366,10847
8785,C4114,13,265,District - Dimapur  (05),30-34,32048,16504,15544,13650,6772,6878,18398,9732,8666
8786,C4114,13,265,District - Dimapur  (05),35-39,26913,13876,13037,11533,5691,5842,15380,8185,7195
8787,C4114,13,265,District - Dimapur  (05),40-44,21976,11999,9977,9680,5059,4621,12296,6940,5356
8788,C4114,13,265,District - Dimapur  (05),45-49,17664,10010,7654,7806,4315,3491,9858,5695,4163
8789,C4114,13,265,District - Dimapur  (05),50-54,12340,7036,5304,5617,3100,2517,6723,3936,2787
8790,C4114,13,265,District - Dimapur  (05),55-59,8021,4703,3318,3633,2083,1550,4388,2620,1768
8791,C4114,13,265,District - Dimapur  (05),60-64,6210,3658,2552,3060,1784,1276,3150,1874,1276
8792,C4114,13,265,District - Dimapur  (05),65-69,3986,2239,1747,2010,1131,879,1976,1108,868
8793,C4114,13,265,District - Dimapur  (05),70-74,2618,1451,1167,1395,787,608,1223,664,559
8794,C4114,13,265,District - Dimapur  (05),75-79,1464,793,671,782,427,355,682,366,316
8795,C4114,13,265,District - Dimapur  (05),80+,1979,1043,936,1061,584,477,918,459,459
8796,C4114,13,265,District - Dimapur  (05),Age not stated,200,116,84,149,89,60,51,27,24
8797,C4114,13,266,District - Phek (06),All ages,163418,83743,79675,138843,70529,68314,24575,13214,11361
8798,C4114,13,266,District - Phek (06),0-4,19003,9937,9066,16685,8763,7922,2318,1174,1144
8799,C4114,13,266,District - Phek (06),5-9,21483,11198,10285,18671,9759,8912,2812,1439,1373
8800,C4114,13,266,District - Phek (06),10-14,21423,11151,10272,18207,9495,8712,3216,1656,1560
8801,C4114,13,266,District - Phek (06),15-19,17525,8885,8640,14567,7368,7199,2958,1517,1441
8802,C4114,13,266,District - Phek (06),20-24,15008,7390,7618,12441,6021,6420,2567,1369,1198
8803,C4114,13,266,District - Phek (06),25-29,14072,6910,7162,11606,5543,6063,2466,1367,1099
8804,C4114,13,266,District - Phek (06),30-34,12368,6204,6164,10486,5197,5289,1882,1007,875
8805,C4114,13,266,District - Phek (06),35-39,10330,5163,5167,8528,4175,4353,1802,988,814
8806,C4114,13,266,District - Phek (06),40-44,8591,4474,4117,7146,3578,3568,1445,896,549
8807,C4114,13,266,District - Phek (06),45-49,6553,3572,2981,5466,2926,2540,1087,646,441
8808,C4114,13,266,District - Phek (06),50-54,5003,2720,2283,4259,2275,1984,744,445,299
8809,C4114,13,266,District - Phek (06),55-59,3221,1689,1532,2762,1402,1360,459,287,172
8810,C4114,13,266,District - Phek (06),60-64,2957,1423,1534,2650,1261,1389,307,162,145
8811,C4114,13,266,District - Phek (06),65-69,2080,1058,1022,1879,964,915,201,94,107
8812,C4114,13,266,District - Phek (06),70-74,1588,789,799,1464,721,743,124,68,56
8813,C4114,13,266,District - Phek (06),75-79,934,483,451,860,444,416,74,39,35
8814,C4114,13,266,District - Phek (06),80+,1186,639,547,1083,586,497,103,53,50
8815,C4114,13,266,District - Phek (06),Age not stated,93,58,35,83,51,32,10,7,3
8816,C4114,13,267,District - Tuensang (07),All ages,196596,101933,94663,159822,82462,77360,36774,19471,17303
8817,C4114,13,267,District - Tuensang (07),0-4,24541,12636,11905,20606,10647,9959,3935,1989,1946
8818,C4114,13,267,District - Tuensang (07),5-9,27793,14539,13254,23281,12179,11102,4512,2360,2152
8819,C4114,13,267,District - Tuensang (07),10-14,26653,14022,12631,21699,11448,10251,4954,2574,2380
8820,C4114,13,267,District - Tuensang (07),15-19,22388,11684,10704,17631,9235,8396,4757,2449,2308
8821,C4114,13,267,District - Tuensang (07),20-24,18111,9069,9042,14004,6955,7049,4107,2114,1993
8822,C4114,13,267,District - Tuensang (07),25-29,15087,7443,7644,11716,5640,6076,3371,1803,1568
8823,C4114,13,267,District - Tuensang (07),30-34,13836,6963,6873,10854,5376,5478,2982,1587,1395
8824,C4114,13,267,District - Tuensang (07),35-39,11775,5771,6004,9499,4558,4941,2276,1213,1063
8825,C4114,13,267,District - Tuensang (07),40-44,9992,5242,4750,8048,4215,3833,1944,1027,917
8826,C4114,13,267,District - Tuensang (07),45-49,7607,4144,3463,6172,3274,2898,1435,870,565
8827,C4114,13,267,District - Tuensang (07),50-54,5720,3197,2523,4743,2584,2159,977,613,364
8828,C4114,13,267,District - Tuensang (07),55-59,3721,1974,1747,3183,1656,1527,538,318,220
8829,C4114,13,267,District - Tuensang (07),60-64,3447,1830,1617,3021,1579,1442,426,251,175
8830,C4114,13,267,District - Tuensang (07),65-69,2096,1152,944,1871,1041,830,225,111,114
8831,C4114,13,267,District - Tuensang (07),70-74,1586,901,685,1450,825,625,136,76,60
8832,C4114,13,267,District - Tuensang (07),75-79,907,520,387,830,476,354,77,44,33
8833,C4114,13,267,District - Tuensang (07),80+,1285,811,474,1175,747,428,110,64,46
8834,C4114,13,267,District - Tuensang (07),Age not stated,51,35,16,39,27,12,12,8,4
8835,C4114,13,268,District - Longleng (08),All ages,50484,26502,23982,42871,22511,20360,7613,3991,3622
8836,C4114,13,268,District - Longleng (08),0-4,6426,3426,3000,5566,2977,2589,860,449,411
8837,C4114,13,268,District - Longleng (08),5-9,6482,3400,3082,5529,2947,2582,953,453,500
8838,C4114,13,268,District - Longleng (08),10-14,6522,3433,3089,5487,2905,2582,1035,528,507
8839,C4114,13,268,District - Longleng (08),15-19,5200,2648,2552,4272,2168,2104,928,480,448
8840,C4114,13,268,District - Longleng (08),20-24,4966,2519,2447,4104,2072,2032,862,447,415
8841,C4114,13,268,District - Longleng (08),25-29,4374,2237,2137,3641,1852,1789,733,385,348
8842,C4114,13,268,District - Longleng (08),30-34,3748,1977,1771,3118,1644,1474,630,333,297
8843,C4114,13,268,District - Longleng (08),35-39,2942,1540,1402,2516,1325,1191,426,215,211
8844,C4114,13,268,District - Longleng (08),40-44,2529,1287,1242,2155,1079,1076,374,208,166
8845,C4114,13,268,District - Longleng (08),45-49,1991,1108,883,1700,930,770,291,178,113
8846,C4114,13,268,District - Longleng (08),50-54,1532,854,678,1342,734,608,190,120,70
8847,C4114,13,268,District - Longleng (08),55-59,951,525,426,841,459,382,110,66,44
8848,C4114,13,268,District - Longleng (08),60-64,897,497,400,809,447,362,88,50,38
8849,C4114,13,268,District - Longleng (08),65-69,561,279,282,510,252,258,51,27,24
8850,C4114,13,268,District - Longleng (08),70-74,537,278,259,501,256,245,36,22,14
8851,C4114,13,268,District - Longleng (08),75-79,359,193,166,342,184,158,17,9,8
8852,C4114,13,268,District - Longleng (08),80+,434,278,156,407,258,149,27,20,7
8853,C4114,13,268,District - Longleng (08),Age not stated,33,23,10,31,22,9,2,1,1
8854,C4114,13,269,District - Kiphire (09),All ages,74004,37830,36174,57517,29243,28274,16487,8587,7900
8855,C4114,13,269,District - Kiphire (09),0-4,10134,5195,4939,8215,4221,3994,1919,974,945
8856,C4114,13,269,District - Kiphire (09),5-9,10996,5727,5269,8551,4455,4096,2445,1272,1173
8857,C4114,13,269,District - Kiphire (09),10-14,10170,5365,4805,7749,4101,3648,2421,1264,1157
8858,C4114,13,269,District - Kiphire (09),15-19,8779,4422,4357,6439,3219,3220,2340,1203,1137
8859,C4114,13,269,District - Kiphire (09),20-24,6890,3361,3529,5178,2502,2676,1712,859,853
8860,C4114,13,269,District - Kiphire (09),25-29,5730,2785,2945,4341,2060,2281,1389,725,664
8861,C4114,13,269,District - Kiphire (09),30-34,4819,2496,2323,3623,1872,1751,1196,624,572
8862,C4114,13,269,District - Kiphire (09),35-39,4194,2046,2148,3343,1613,1730,851,433,418
8863,C4114,13,269,District - Kiphire (09),40-44,3448,1746,1702,2731,1377,1354,717,369,348
8864,C4114,13,269,District - Kiphire (09),45-49,2494,1302,1192,1983,1015,968,511,287,224
8865,C4114,13,269,District - Kiphire (09),50-54,2047,1065,982,1644,832,812,403,233,170
8866,C4114,13,269,District - Kiphire (09),55-59,1341,708,633,1109,565,544,232,143,89
8867,C4114,13,269,District - Kiphire (09),60-64,1158,609,549,988,515,473,170,94,76
8868,C4114,13,269,District - Kiphire (09),65-69,669,354,315,593,306,287,76,48,28
8869,C4114,13,269,District - Kiphire (09),70-74,525,291,234,481,267,214,44,24,20
8870,C4114,13,269,District - Kiphire (09),75-79,275,149,126,249,132,117,26,17,9
8871,C4114,13,269,District - Kiphire (09),80+,294,184,110,262,168,94,32,16,16
8872,C4114,13,269,District - Kiphire (09),Age not stated,41,25,16,38,23,15,3,2,1
8873,C4114,13,270,District - Kohima (10),All ages,267988,138966,129022,146900,76369,70531,121088,62597,58491
8874,C4114,13,270,District - Kohima (10),0-4,24640,12358,12282,14270,7137,7133,10370,5221,5149
8875,C4114,13,270,District - Kohima (10),5-9,29211,14899,14312,17187,8840,8347,12024,6059,5965
8876,C4114,13,270,District - Kohima (10),10-14,31840,16200,15640,17999,9244,8755,13841,6956,6885
8877,C4114,13,270,District - Kohima (10),15-19,31364,16008,15356,16414,8340,8074,14950,7668,7282
8878,C4114,13,270,District - Kohima (10),20-24,29633,15417,14216,15362,7978,7384,14271,7439,6832
8879,C4114,13,270,District - Kohima (10),25-29,27013,14132,12881,14162,7526,6636,12851,6606,6245
8880,C4114,13,270,District - Kohima (10),30-34,22561,11680,10881,11811,6328,5483,10750,5352,5398
8881,C4114,13,270,District - Kohima (10),35-39,19057,9809,9248,9820,5121,4699,9237,4688,4549
8882,C4114,13,270,District - Kohima (10),40-44,15153,8422,6731,7937,4471,3466,7216,3951,3265
8883,C4114,13,270,District - Kohima (10),45-49,11714,6460,5254,6057,3281,2776,5657,3179,2478
8884,C4114,13,270,District - Kohima (10),50-54,8264,4575,3689,4519,2390,2129,3745,2185,1560
8885,C4114,13,270,District - Kohima (10),55-59,5516,3039,2477,3079,1623,1456,2437,1416,1021
8886,C4114,13,270,District - Kohima (10),60-64,4016,2136,1880,2547,1317,1230,1469,819,650
8887,C4114,13,270,District - Kohima (10),65-69,2835,1386,1449,1916,935,981,919,451,468
8888,C4114,13,270,District - Kohima (10),70-74,1880,909,971,1392,680,712,488,229,259
8889,C4114,13,270,District - Kohima (10),75-79,1296,603,693,955,444,511,341,159,182
8890,C4114,13,270,District - Kohima (10),80+,1750,795,955,1276,606,670,474,189,285
8891,C4114,13,270,District - Kohima (10),Age not stated,245,138,107,197,108,89,48,30,18
8892,C4114,13,271,District - Peren (11),All ages,95219,49714,45505,81429,42860,38569,13790,6854,6936
8893,C4114,13,271,District - Peren (11),0-4,10291,5355,4936,8777,4599,4178,1514,756,758
8894,C4114,13,271,District - Peren (11),5-9,12334,6332,6002,10507,5418,5089,1827,914,913
8895,C4114,13,271,District - Peren (11),10-14,12893,6896,5997,10978,5921,5057,1915,975,940
8896,C4114,13,271,District - Peren (11),15-19,11276,5808,5468,9688,5028,4660,1588,780,808
8897,C4114,13,271,District - Peren (11),20-24,9300,4761,4539,7867,4086,3781,1433,675,758
8898,C4114,13,271,District - Peren (11),25-29,8299,4244,4055,6972,3606,3366,1327,638,689
8899,C4114,13,271,District - Peren (11),30-34,6807,3626,3181,5773,3140,2633,1034,486,548
8900,C4114,13,271,District - Peren (11),35-39,5942,3022,2920,5147,2612,2535,795,410,385
8901,C4114,13,271,District - Peren (11),40-44,4883,2602,2281,4292,2310,1982,591,292,299
8902,C4114,13,271,District - Peren (11),45-49,3965,2143,1822,3417,1858,1559,548,285,263
8903,C4114,13,271,District - Peren (11),50-54,2983,1609,1374,2556,1381,1175,427,228,199
8904,C4114,13,271,District - Peren (11),55-59,1921,1016,905,1677,880,797,244,136,108
8905,C4114,13,271,District - Peren (11),60-64,1682,917,765,1464,794,670,218,123,95
8906,C4114,13,271,District - Peren (11),65-69,967,511,456,836,442,394,131,69,62
8907,C4114,13,271,District - Peren (11),70-74,670,346,324,591,309,282,79,37,42
8908,C4114,13,271,District - Peren (11),75-79,414,222,192,371,201,170,43,21,22
8909,C4114,13,271,District - Peren (11),80+,519,267,252,447,239,208,72,28,44
8910,C4114,13,271,District - Peren (11),Age not stated,73,37,36,69,36,33,4,1,3
8911,C4114,21,0,State - ODISHA (21),All ages,41974218,21212136,20762082,34970562,17586203,17384359,7003656,3625933,3377723
8912,C4114,21,0,State - ODISHA (21),0-4,3653029,1878127,1774902,3136169,1608566,1527603,516860,269561,247299
8913,C4114,21,0,State - ODISHA (21),5-9,4074768,2085339,1989429,3494942,1782516,1712426,579826,302823,277003
8914,C4114,21,0,State - ODISHA (21),10-14,4348625,2203535,2145090,3705396,1872543,1832853,643229,330992,312237
8915,C4114,21,0,State - ODISHA (21),15-19,3925398,1972684,1952714,3240171,1616989,1623182,685227,355695,329532
8916,C4114,21,0,State - ODISHA (21),20-24,3783527,1870939,1912588,3078847,1513663,1565184,704680,357276,347404
8917,C4114,21,0,State - ODISHA (21),25-29,3574037,1772876,1801161,2918990,1446384,1472606,655047,326492,328555
8918,C4114,21,0,State - ODISHA (21),30-34,3102991,1542233,1560758,2520189,1247203,1272986,582802,295030,287772
8919,C4114,21,0,State - ODISHA (21),35-39,3051188,1528685,1522503,2487391,1242592,1244799,563797,286093,277704
8920,C4114,21,0,State - ODISHA (21),40-44,2691474,1387920,1303554,2196313,1126384,1069929,495161,261536,233625
8921,C4114,21,0,State - ODISHA (21),45-49,2334030,1212366,1121664,1905599,982737,922862,428431,229629,198802
8922,C4114,21,0,State - ODISHA (21),50-54,1847812,957524,890288,1516062,776529,739533,331750,180995,150755
8923,C4114,21,0,State - ODISHA (21),55-59,1483720,744291,739429,1235630,607411,628219,248090,136880,111210
8924,C4114,21,0,State - ODISHA (21),60-64,1474061,737635,736426,1269444,630692,638752,204617,106943,97674
8925,C4114,21,0,State - ODISHA (21),65-69,979525,487849,491676,851670,421279,430391,127855,66570,61285
8926,C4114,21,0,State - ODISHA (21),70-74,768070,380635,387435,666519,329265,337254,101551,51370,50181
8927,C4114,21,0,State - ODISHA (21),75-79,364800,183294,181506,314077,157552,156525,50723,25742,24981
8928,C4114,21,0,State - ODISHA (21),80+,397992,204857,193135,337943,175428,162515,60049,29429,30620
8929,C4114,21,0,State - ODISHA (21),Age not stated,119171,61347,57824,95210,48470,46740,23961,12877,11084
8930,C4114,21,370,District - Bargarh (01),All ages,1481255,749161,732094,1331145,672603,658542,150110,76558,73552
8931,C4114,21,370,District - Bargarh (01),0-4,115650,58915,56735,104030,52975,51055,11620,5940,5680
8932,C4114,21,370,District - Bargarh (01),5-9,115753,59150,56603,103301,52643,50658,12452,6507,5945
8933,C4114,21,370,District - Bargarh (01),10-14,142008,71608,70400,128275,64645,63630,13733,6963,6770
8934,C4114,21,370,District - Bargarh (01),15-19,150319,74804,75515,135862,67487,68375,14457,7317,7140
8935,C4114,21,370,District - Bargarh (01),20-24,138061,69354,68707,123138,62053,61085,14923,7301,7622
8936,C4114,21,370,District - Bargarh (01),25-29,125242,63413,61829,111054,56368,54686,14188,7045,7143
8937,C4114,21,370,District - Bargarh (01),30-34,111936,56423,55513,99258,50114,49144,12678,6309,6369
8938,C4114,21,370,District - Bargarh (01),35-39,111463,56444,55019,99385,50180,49205,12078,6264,5814
8939,C4114,21,370,District - Bargarh (01),40-44,100145,51366,48779,89819,46000,43819,10326,5366,4960
8940,C4114,21,370,District - Bargarh (01),45-49,86461,44661,41800,77426,39862,37564,9035,4799,4236
8941,C4114,21,370,District - Bargarh (01),50-54,70225,36305,33920,63059,32466,30593,7166,3839,3327
8942,C4114,21,370,District - Bargarh (01),55-59,57034,28656,28378,51776,25892,25884,5258,2764,2494
8943,C4114,21,370,District - Bargarh (01),60-64,56442,28386,28056,51735,25974,25761,4707,2412,2295
8944,C4114,21,370,District - Bargarh (01),65-69,39567,19341,20226,36635,17852,18783,2932,1489,1443
8945,C4114,21,370,District - Bargarh (01),70-74,30962,15465,15497,28753,14373,14380,2209,1092,1117
8946,C4114,21,370,District - Bargarh (01),75-79,13564,6417,7147,12534,5919,6615,1030,498,532
8947,C4114,21,370,District - Bargarh (01),80+,14628,7502,7126,13453,6922,6531,1175,580,595
8948,C4114,21,370,District - Bargarh (01),Age not stated,1795,951,844,1652,878,774,143,73,70
8949,C4114,21,371,District - Jharsuguda (02),All ages,579505,296690,282815,348340,176162,172178,231165,120528,110637
8950,C4114,21,371,District - Jharsuguda (02),0-4,45489,23325,22164,26407,13428,12979,19082,9897,9185
8951,C4114,21,371,District - Jharsuguda (02),5-9,47819,24376,23443,27426,13822,13604,20393,10554,9839
8952,C4114,21,371,District - Jharsuguda (02),10-14,55856,28119,27737,34408,17072,17336,21448,11047,10401
8953,C4114,21,371,District - Jharsuguda (02),15-19,58206,29354,28852,35516,17647,17869,22690,11707,10983
8954,C4114,21,371,District - Jharsuguda (02),20-24,59195,30234,28961,34681,17623,17058,24514,12611,11903
8955,C4114,21,371,District - Jharsuguda (02),25-29,53591,27662,25929,30271,15677,14594,23320,11985,11335
8956,C4114,21,371,District - Jharsuguda (02),30-34,45174,23242,21932,25690,12983,12707,19484,10259,9225
8957,C4114,21,371,District - Jharsuguda (02),35-39,43248,22268,20980,25546,12976,12570,17702,9292,8410
8958,C4114,21,371,District - Jharsuguda (02),40-44,37874,19636,18238,22672,11626,11046,15202,8010,7192
8959,C4114,21,371,District - Jharsuguda (02),45-49,33181,17301,15880,19714,10182,9532,13467,7119,6348
8960,C4114,21,371,District - Jharsuguda (02),50-54,25892,13568,12324,15530,7955,7575,10362,5613,4749
8961,C4114,21,371,District - Jharsuguda (02),55-59,20440,10752,9688,12853,6462,6391,7587,4290,3297
8962,C4114,21,371,District - Jharsuguda (02),60-64,19060,9570,9490,13077,6390,6687,5983,3180,2803
8963,C4114,21,371,District - Jharsuguda (02),65-69,13039,6574,6465,9422,4764,4658,3617,1810,1807
8964,C4114,21,371,District - Jharsuguda (02),70-74,9758,4865,4893,7076,3494,3582,2682,1371,1311
8965,C4114,21,371,District - Jharsuguda (02),75-79,4859,2313,2546,3541,1699,1842,1318,614,704
8966,C4114,21,371,District - Jharsuguda (02),80+,5507,2842,2665,3936,2062,1874,1571,780,791
8967,C4114,21,371,District - Jharsuguda (02),Age not stated,1317,689,628,574,300,274,743,389,354
8968,C4114,21,372,District - Sambalpur (03),All ages,1041099,526877,514222,733006,368692,364314,308093,158185,149908
8969,C4114,21,372,District - Sambalpur (03),0-4,82235,42182,40053,59143,30141,29002,23092,12041,11051
8970,C4114,21,372,District - Sambalpur (03),5-9,88444,45609,42835,63270,32392,30878,25174,13217,11957
8971,C4114,21,372,District - Sambalpur (03),10-14,100994,51189,49805,73628,37079,36549,27366,14110,13256
8972,C4114,21,372,District - Sambalpur (03),15-19,102645,51393,51252,72832,36225,36607,29813,15168,14645
8973,C4114,21,372,District - Sambalpur (03),20-24,99995,49111,50884,68488,33781,34707,31507,15330,16177
8974,C4114,21,372,District - Sambalpur (03),25-29,91387,45568,45819,61983,30979,31004,29404,14589,14815
8975,C4114,21,372,District - Sambalpur (03),30-34,78573,39339,39234,52771,26278,26493,25802,13061,12741
8976,C4114,21,372,District - Sambalpur (03),35-39,77162,38733,38429,52845,26446,26399,24317,12287,12030
8977,C4114,21,372,District - Sambalpur (03),40-44,69582,35547,34035,47961,24188,23773,21621,11359,10262
8978,C4114,21,372,District - Sambalpur (03),45-49,61258,31721,29537,42454,21814,20640,18804,9907,8897
8979,C4114,21,372,District - Sambalpur (03),50-54,48818,25175,23643,33756,17105,16651,15062,8070,6992
8980,C4114,21,372,District - Sambalpur (03),55-59,39086,19944,19142,28113,13945,14168,10973,5999,4974
8981,C4114,21,372,District - Sambalpur (03),60-64,37418,19228,18190,27964,14266,13698,9454,4962,4492
8982,C4114,21,372,District - Sambalpur (03),65-69,24440,12405,12035,18626,9342,9284,5814,3063,2751
8983,C4114,21,372,District - Sambalpur (03),70-74,18843,9411,9432,14312,7121,7191,4531,2290,2241
8984,C4114,21,372,District - Sambalpur (03),75-79,8668,4427,4241,6481,3290,3191,2187,1137,1050
8985,C4114,21,372,District - Sambalpur (03),80+,9453,4795,4658,6928,3553,3375,2525,1242,1283
8986,C4114,21,372,District - Sambalpur (03),Age not stated,2098,1100,998,1451,747,704,647,353,294
8987,C4114,21,373,District - Debagarh (04),All ages,312520,158230,154290,290130,146666,143464,22390,11564,10826
8988,C4114,21,373,District - Debagarh (04),0-4,27674,14357,13317,25989,13482,12507,1685,875,810
8989,C4114,21,373,District - Debagarh (04),5-9,29939,15487,14452,27809,14370,13439,2130,1117,1013
8990,C4114,21,373,District - Debagarh (04),10-14,34337,17523,16814,31991,16288,15703,2346,1235,1111
8991,C4114,21,373,District - Debagarh (04),15-19,29783,14792,14991,27812,13808,14004,1971,984,987
8992,C4114,21,373,District - Debagarh (04),20-24,27793,13407,14386,25720,12381,13339,2073,1026,1047
8993,C4114,21,373,District - Debagarh (04),25-29,26536,13055,13481,24481,12033,12448,2055,1022,1033
8994,C4114,21,373,District - Debagarh (04),30-34,23066,11463,11603,21286,10571,10715,1780,892,888
8995,C4114,21,373,District - Debagarh (04),35-39,22295,11265,11030,20537,10379,10158,1758,886,872
8996,C4114,21,373,District - Debagarh (04),40-44,19509,10109,9400,17970,9275,8695,1539,834,705
8997,C4114,21,373,District - Debagarh (04),45-49,16919,8782,8137,15576,8052,7524,1343,730,613
8998,C4114,21,373,District - Debagarh (04),50-54,13680,6924,6756,12641,6354,6287,1039,570,469
8999,C4114,21,373,District - Debagarh (04),55-59,11512,5872,5640,10716,5411,5305,796,461,335
9000,C4114,21,373,District - Debagarh (04),60-64,11426,5905,5521,10763,5559,5204,663,346,317
9001,C4114,21,373,District - Debagarh (04),65-69,7041,3570,3471,6639,3386,3253,402,184,218
9002,C4114,21,373,District - Debagarh (04),70-74,5505,2797,2708,5110,2614,2496,395,183,212
9003,C4114,21,373,District - Debagarh (04),75-79,2279,1183,1096,2104,1098,1006,175,85,90
9004,C4114,21,373,District - Debagarh (04),80+,2546,1389,1157,2342,1278,1064,204,111,93
9005,C4114,21,373,District - Debagarh (04),Age not stated,680,350,330,644,327,317,36,23,13
9006,C4114,21,374,District - Sundargarh (05),All ages,2093437,1061147,1032290,1355340,676068,679272,738097,385079,353018
9007,C4114,21,374,District - Sundargarh (05),0-4,182414,93542,88872,125948,63940,62008,56466,29602,26864
9008,C4114,21,374,District - Sundargarh (05),5-9,205072,104679,100393,142003,71546,70457,63069,33133,29936
9009,C4114,21,374,District - Sundargarh (05),10-14,218517,109916,108601,150122,74847,75275,68395,35069,33326
9010,C4114,21,374,District - Sundargarh (05),15-19,203116,103166,99950,131255,65755,65500,71861,37411,34450
9011,C4114,21,374,District - Sundargarh (05),20-24,196990,97842,99148,121788,59020,62768,75202,38822,36380
9012,C4114,21,374,District - Sundargarh (05),25-29,182809,91140,91669,112206,55757,56449,70603,35383,35220
9013,C4114,21,374,District - Sundargarh (05),30-34,158628,78433,80195,96366,47383,48983,62262,31050,31212
9014,C4114,21,374,District - Sundargarh (05),35-39,156796,79446,77350,94933,47592,47341,61863,31854,30009
9015,C4114,21,374,District - Sundargarh (05),40-44,137793,71043,66750,85221,42579,42642,52572,28464,24108
9016,C4114,21,374,District - Sundargarh (05),45-49,120021,63463,56558,74912,39054,35858,45109,24409,20700
9017,C4114,21,374,District - Sundargarh (05),50-54,90022,47118,42904,57080,28829,28251,32942,18289,14653
9018,C4114,21,374,District - Sundargarh (05),55-59,70444,36714,33730,45857,22662,23195,24587,14052,10535
9019,C4114,21,374,District - Sundargarh (05),60-64,64229,31502,32727,44779,21652,23127,19450,9850,9600
9020,C4114,21,374,District - Sundargarh (05),65-69,42442,20759,21683,30056,14462,15594,12386,6297,6089
9021,C4114,21,374,District - Sundargarh (05),70-74,30573,15454,15119,21349,10406,10943,9224,5048,4176
9022,C4114,21,374,District - Sundargarh (05),75-79,13114,6433,6681,9045,4225,4820,4069,2208,1861
9023,C4114,21,374,District - Sundargarh (05),80+,13612,7015,6597,9139,4731,4408,4473,2284,2189
9024,C4114,21,374,District - Sundargarh (05),Age not stated,6845,3482,3363,3281,1628,1653,3564,1854,1710
9025,C4114,21,375,District - Kendujhar (06),All ages,1801733,906487,895246,1548674,774667,774007,253059,131820,121239
9026,C4114,21,375,District - Kendujhar (06),0-4,179917,91267,88650,155871,78890,76981,24046,12377,11669
9027,C4114,21,375,District - Kendujhar (06),5-9,194811,98567,96244,170166,85810,84356,24645,12757,11888
9028,C4114,21,375,District - Kendujhar (06),10-14,186946,94841,92105,161947,81940,80007,24999,12901,12098
9029,C4114,21,375,District - Kendujhar (06),15-19,162254,80654,81600,139233,68944,70289,23021,11710,11311
9030,C4114,21,375,District - Kendujhar (06),20-24,161187,77061,84126,136860,65017,71843,24327,12044,12283
9031,C4114,21,375,District - Kendujhar (06),25-29,153775,76406,77369,129389,63973,65416,24386,12433,11953
9032,C4114,21,375,District - Kendujhar (06),30-34,132107,66521,65586,110858,55355,55503,21249,11166,10083
9033,C4114,21,375,District - Kendujhar (06),35-39,127006,64181,62825,107090,53798,53292,19916,10383,9533
9034,C4114,21,375,District - Kendujhar (06),40-44,113969,58366,55603,96958,49172,47786,17011,9194,7817
9035,C4114,21,375,District - Kendujhar (06),45-49,99826,52321,47505,85279,44194,41085,14547,8127,6420
9036,C4114,21,375,District - Kendujhar (06),50-54,77714,40348,37366,67023,34463,32560,10691,5885,4806
9037,C4114,21,375,District - Kendujhar (06),55-59,61065,30827,30238,53298,26461,26837,7767,4366,3401
9038,C4114,21,375,District - Kendujhar (06),60-64,58644,29340,29304,52558,26212,26346,6086,3128,2958
9039,C4114,21,375,District - Kendujhar (06),65-69,35730,18019,17711,32000,16099,15901,3730,1920,1810
9040,C4114,21,375,District - Kendujhar (06),70-74,26247,12612,13635,23406,11163,12243,2841,1449,1392
9041,C4114,21,375,District - Kendujhar (06),75-79,11396,5486,5910,10122,4842,5280,1274,644,630
9042,C4114,21,375,District - Kendujhar (06),80+,11955,6049,5906,10519,5307,5212,1436,742,694
9043,C4114,21,375,District - Kendujhar (06),Age not stated,7184,3621,3563,6097,3027,3070,1087,594,493
9044,C4114,21,376,District - Mayurbhanj (07),All ages,2519738,1256213,1263525,2326842,1157576,1169266,192896,98637,94259
9045,C4114,21,376,District - Mayurbhanj (07),0-4,237468,120314,117154,224199,113361,110838,13269,6953,6316
9046,C4114,21,376,District - Mayurbhanj (07),5-9,283373,145213,138160,267800,137111,130689,15573,8102,7471
9047,C4114,21,376,District - Mayurbhanj (07),10-14,286358,144421,141937,267671,135194,132477,18687,9227,9460
9048,C4114,21,376,District - Mayurbhanj (07),15-19,229826,116965,112861,209311,106199,103112,20515,10766,9749
9049,C4114,21,376,District - Mayurbhanj (07),20-24,212210,102128,110082,194052,93078,100974,18158,9050,9108
9050,C4114,21,376,District - Mayurbhanj (07),25-29,200494,98063,102431,183935,89992,93943,16559,8071,8488
9051,C4114,21,376,District - Mayurbhanj (07),30-34,171826,83652,88174,156772,76170,80602,15054,7482,7572
9052,C4114,21,376,District - Mayurbhanj (07),35-39,174957,84987,89970,159726,77600,82126,15231,7387,7844
9053,C4114,21,376,District - Mayurbhanj (07),40-44,160485,80167,80318,146371,72953,73418,14114,7214,6900
9054,C4114,21,376,District - Mayurbhanj (07),45-49,142867,72850,70017,130264,66180,64084,12603,6670,5933
9055,C4114,21,376,District - Mayurbhanj (07),50-54,112812,57411,55401,102867,51936,50931,9945,5475,4470
9056,C4114,21,376,District - Mayurbhanj (07),55-59,88348,43972,44376,80925,39916,41009,7423,4056,3367
9057,C4114,21,376,District - Mayurbhanj (07),60-64,84912,41832,43080,79007,38723,40284,5905,3109,2796
9058,C4114,21,376,District - Mayurbhanj (07),65-69,53895,26394,27501,50139,24369,25770,3756,2025,1731
9059,C4114,21,376,District - Mayurbhanj (07),70-74,39165,18352,20813,36330,16959,19371,2835,1393,1442
9060,C4114,21,376,District - Mayurbhanj (07),75-79,17282,8028,9254,15875,7298,8577,1407,730,677
9061,C4114,21,376,District - Mayurbhanj (07),80+,17662,8579,9083,16100,7821,8279,1562,758,804
9062,C4114,21,376,District - Mayurbhanj (07),Age not stated,5798,2885,2913,5498,2716,2782,300,169,131
9063,C4114,21,377,District - Baleshwar (08),All ages,2320529,1185787,1134742,2067236,1056466,1010770,253293,129321,123972
9064,C4114,21,377,District - Baleshwar (08),0-4,197458,101496,95962,178386,91654,86732,19072,9842,9230
9065,C4114,21,377,District - Baleshwar (08),5-9,227892,116572,111320,206010,105337,100673,21882,11235,10647
9066,C4114,21,377,District - Baleshwar (08),10-14,243440,124011,119429,219553,111708,107845,23887,12303,11584
9067,C4114,21,377,District - Baleshwar (08),15-19,214714,109635,105079,191140,97594,93546,23574,12041,11533
9068,C4114,21,377,District - Baleshwar (08),20-24,209861,105710,104151,185849,93842,92007,24012,11868,12144
9069,C4114,21,377,District - Baleshwar (08),25-29,210463,104886,105577,187223,93628,93595,23240,11258,11982
9070,C4114,21,377,District - Baleshwar (08),30-34,178885,90986,87899,158039,80673,77366,20846,10313,10533
9071,C4114,21,377,District - Baleshwar (08),35-39,170873,87203,83670,150514,77029,73485,20359,10174,10185
9072,C4114,21,377,District - Baleshwar (08),40-44,145554,76152,69402,127768,66856,60912,17786,9296,8490
9073,C4114,21,377,District - Baleshwar (08),45-49,127263,66773,60490,111582,58392,53190,15681,8381,7300
9074,C4114,21,377,District - Baleshwar (08),50-54,100352,52800,47552,88055,46178,41877,12297,6622,5675
9075,C4114,21,377,District - Baleshwar (08),55-59,77071,39371,37700,67884,34359,33525,9187,5012,4175
9076,C4114,21,377,District - Baleshwar (08),60-64,73505,37263,36242,65951,33274,32677,7554,3989,3565
9077,C4114,21,377,District - Baleshwar (08),65-69,52635,27044,25591,47870,24527,23343,4765,2517,2248
9078,C4114,21,377,District - Baleshwar (08),70-74,41805,20971,20834,37802,19011,18791,4003,1960,2043
9079,C4114,21,377,District - Baleshwar (08),75-79,21662,11137,10525,19467,10022,9445,2195,1115,1080
9080,C4114,21,377,District - Baleshwar (08),80+,23581,12022,11559,21039,10829,10210,2542,1193,1349
9081,C4114,21,377,District - Baleshwar (08),Age not stated,3515,1755,1760,3104,1553,1551,411,202,209
9082,C4114,21,378,District - Bhadrak (09),All ages,1506337,760260,746077,1320499,665255,655244,185838,95005,90833
9083,C4114,21,378,District - Bhadrak (09),0-4,127909,65735,62174,111815,57475,54340,16094,8260,7834
9084,C4114,21,378,District - Bhadrak (09),5-9,139948,71863,68085,122539,62838,59701,17409,9025,8384
9085,C4114,21,378,District - Bhadrak (09),10-14,162454,82158,80296,143120,72310,70810,19334,9848,9486
9086,C4114,21,378,District - Bhadrak (09),15-19,147509,73217,74292,128142,63470,64672,19367,9747,9620
9087,C4114,21,378,District - Bhadrak (09),20-24,140434,69202,71232,122217,60120,62097,18217,9082,9135
9088,C4114,21,378,District - Bhadrak (09),25-29,130406,64008,66398,114050,55839,58211,16356,8169,8187
9089,C4114,21,378,District - Bhadrak (09),30-34,111249,55418,55831,97076,48228,48848,14173,7190,6983
9090,C4114,21,378,District - Bhadrak (09),35-39,106288,52997,53291,92787,46123,46664,13501,6874,6627
9091,C4114,21,378,District - Bhadrak (09),40-44,93693,48032,45661,81865,41980,39885,11828,6052,5776
9092,C4114,21,378,District - Bhadrak (09),45-49,82399,42142,40257,72236,36730,35506,10163,5412,4751
9093,C4114,21,378,District - Bhadrak (09),50-54,67111,35380,31731,58978,31009,27969,8133,4371,3762
9094,C4114,21,378,District - Bhadrak (09),55-59,50226,25525,24701,44428,22433,21995,5798,3092,2706
9095,C4114,21,378,District - Bhadrak (09),60-64,45959,23542,22417,40887,20935,19952,5072,2607,2465
9096,C4114,21,378,District - Bhadrak (09),65-69,33684,16983,16701,30213,15197,15016,3471,1786,1685
9097,C4114,21,378,District - Bhadrak (09),70-74,31040,15502,15538,27967,13928,14039,3073,1574,1499
9098,C4114,21,378,District - Bhadrak (09),75-79,15626,8092,7534,14131,7333,6798,1495,759,736
9099,C4114,21,378,District - Bhadrak (09),80+,16840,8704,8136,15018,7801,7217,1822,903,919
9100,C4114,21,378,District - Bhadrak (09),Age not stated,3562,1760,1802,3030,1506,1524,532,254,278
9101,C4114,21,379,District - Kendrapara  (10),All ages,1440361,717814,722547,1356827,675053,681774,83534,42761,40773
9102,C4114,21,379,District - Kendrapara  (10),0-4,112440,58349,54091,106036,54961,51075,6404,3388,3016
9103,C4114,21,379,District - Kendrapara  (10),5-9,123442,63608,59834,116499,59994,56505,6943,3614,3329
9104,C4114,21,379,District - Kendrapara  (10),10-14,146260,74101,72159,138391,69959,68432,7869,4142,3727
9105,C4114,21,379,District - Kendrapara  (10),15-19,135500,66595,68905,126750,62201,64549,8750,4394,4356
9106,C4114,21,379,District - Kendrapara  (10),20-24,130371,62335,68036,122417,58365,64052,7954,3970,3984
9107,C4114,21,379,District - Kendrapara  (10),25-29,123271,58591,64680,115638,54835,60803,7633,3756,3877
9108,C4114,21,379,District - Kendrapara  (10),30-34,104557,50744,53813,98129,47406,50723,6428,3338,3090
9109,C4114,21,379,District - Kendrapara  (10),35-39,100528,48940,51588,94442,45901,48541,6086,3039,3047
9110,C4114,21,379,District - Kendrapara  (10),40-44,89502,45188,44314,84146,42403,41743,5356,2785,2571
9111,C4114,21,379,District - Kendrapara  (10),45-49,79972,39980,39992,75159,37509,37650,4813,2471,2342
9112,C4114,21,379,District - Kendrapara  (10),50-54,66529,33669,32860,62622,31628,30994,3907,2041,1866
9113,C4114,21,379,District - Kendrapara  (10),55-59,55056,27353,27703,51978,25736,26242,3078,1617,1461
9114,C4114,21,379,District - Kendrapara  (10),60-64,53511,27390,26121,50884,25994,24890,2627,1396,1231
9115,C4114,21,379,District - Kendrapara  (10),65-69,39772,20124,19648,37878,19183,18695,1894,941,953
9116,C4114,21,379,District - Kendrapara  (10),70-74,35477,17716,17761,33816,16895,16921,1661,821,840
9117,C4114,21,379,District - Kendrapara  (10),75-79,20388,10660,9728,19510,10215,9295,878,445,433
9118,C4114,21,379,District - Kendrapara  (10),80+,20161,10612,9549,19227,10181,9046,934,431,503
9119,C4114,21,379,District - Kendrapara  (10),Age not stated,3624,1859,1765,3305,1687,1618,319,172,147
9120,C4114,21,380,District - Jagatsinghapur  (11),All ages,1136971,577865,559106,1020991,516813,504178,115980,61052,54928
9121,C4114,21,380,District - Jagatsinghapur  (11),0-4,77146,39928,37218,68916,35621,33295,8230,4307,3923
9122,C4114,21,380,District - Jagatsinghapur  (11),5-9,85471,44268,41203,75900,39305,36595,9571,4963,4608
9123,C4114,21,380,District - Jagatsinghapur  (11),10-14,102173,52473,49700,91139,46699,44440,11034,5774,5260
9124,C4114,21,380,District - Jagatsinghapur  (11),15-19,101364,51058,50306,89618,44966,44652,11746,6092,5654
9125,C4114,21,380,District - Jagatsinghapur  (11),20-24,105529,52109,53420,93487,45864,47623,12042,6245,5797
9126,C4114,21,380,District - Jagatsinghapur  (11),25-29,106213,52282,53931,95011,46383,48628,11202,5899,5303
9127,C4114,21,380,District - Jagatsinghapur  (11),30-34,88679,44766,43913,79525,40088,39437,9154,4678,4476
9128,C4114,21,380,District - Jagatsinghapur  (11),35-39,84503,42512,41991,75428,37890,37538,9075,4622,4453
9129,C4114,21,380,District - Jagatsinghapur  (11),40-44,76789,39605,37184,68468,35293,33175,8321,4312,4009
9130,C4114,21,380,District - Jagatsinghapur  (11),45-49,67177,34471,32706,59570,30598,28972,7607,3873,3734
9131,C4114,21,380,District - Jagatsinghapur  (11),50-54,56592,29214,27378,50247,25490,24757,6345,3724,2621
9132,C4114,21,380,District - Jagatsinghapur  (11),55-59,46260,23567,22693,41831,20795,21036,4429,2772,1657
9133,C4114,21,380,District - Jagatsinghapur  (11),60-64,42737,22269,20468,40094,20720,19374,2643,1549,1094
9134,C4114,21,380,District - Jagatsinghapur  (11),65-69,30726,15513,15213,29230,14721,14509,1496,792,704
9135,C4114,21,380,District - Jagatsinghapur  (11),70-74,28691,14274,14417,27396,13672,13724,1295,602,693
9136,C4114,21,380,District - Jagatsinghapur  (11),75-79,16368,8629,7739,15618,8273,7345,750,356,394
9137,C4114,21,380,District - Jagatsinghapur  (11),80+,17379,9362,8017,16482,8939,7543,897,423,474
9138,C4114,21,380,District - Jagatsinghapur  (11),Age not stated,3174,1565,1609,3031,1496,1535,143,69,74
9139,C4114,21,381,District - Cuttack (12),All ages,2624470,1352760,1271710,1888423,970885,917538,736047,381875,354172
9140,C4114,21,381,District - Cuttack (12),0-4,190662,99480,91182,141395,73620,67775,49267,25860,23407
9141,C4114,21,381,District - Cuttack (12),5-9,205755,106908,98847,153099,79149,73950,52656,27759,24897
9142,C4114,21,381,District - Cuttack (12),10-14,238642,121601,117041,177698,90912,86786,60944,30689,30255
9143,C4114,21,381,District - Cuttack (12),15-19,245866,125374,120492,172343,87616,84727,73523,37758,35765
9144,C4114,21,381,District - Cuttack (12),20-24,250178,126966,123212,171693,87192,84501,78485,39774,38711
9145,C4114,21,381,District - Cuttack (12),25-29,241198,120569,120629,170332,85115,85217,70866,35454,35412
9146,C4114,21,381,District - Cuttack (12),30-34,207895,105428,102467,145497,73907,71590,62398,31521,30877
9147,C4114,21,381,District - Cuttack (12),35-39,202998,103529,99469,142412,72763,69649,60586,30766,29820
9148,C4114,21,381,District - Cuttack (12),40-44,177848,94759,83089,124760,66320,58440,53088,28439,24649
9149,C4114,21,381,District - Cuttack (12),45-49,154349,81924,72425,108985,57494,51491,45364,24430,20934
9150,C4114,21,381,District - Cuttack (12),50-54,121868,64478,57390,86526,44974,41552,35342,19504,15838
9151,C4114,21,381,District - Cuttack (12),55-59,99347,52222,47125,72586,37369,35217,26761,14853,11908
9152,C4114,21,381,District - Cuttack (12),60-64,92341,48203,44138,70411,36318,34093,21930,11885,10045
9153,C4114,21,381,District - Cuttack (12),65-69,65001,33244,31757,50909,25846,25063,14092,7398,6694
9154,C4114,21,381,District - Cuttack (12),70-74,56032,28601,27431,44338,22670,21668,11694,5931,5763
9155,C4114,21,381,District - Cuttack (12),75-79,31244,16466,14778,24807,13105,11702,6437,3361,3076
9156,C4114,21,381,District - Cuttack (12),80+,34062,18033,16029,25957,14025,11932,8105,4008,4097
9157,C4114,21,381,District - Cuttack (12),Age not stated,9184,4975,4209,4675,2490,2185,4509,2485,2024
9158,C4114,21,382,District - Jajapur   (13),All ages,1827192,926034,901158,1692095,856539,835556,135097,69495,65602
9159,C4114,21,382,District - Jajapur   (13),0-4,150962,78401,72561,139532,72462,67070,11430,5939,5491
9160,C4114,21,382,District - Jajapur   (13),5-9,162138,83508,78630,149906,77251,72655,12232,6257,5975
9161,C4114,21,382,District - Jajapur   (13),10-14,181807,92921,88886,168768,86074,82694,13039,6847,6192
9162,C4114,21,382,District - Jajapur   (13),15-19,174316,86893,87423,161880,80646,81234,12436,6247,6189
9163,C4114,21,382,District - Jajapur   (13),20-24,177973,87903,90070,164766,81329,83437,13207,6574,6633
9164,C4114,21,382,District - Jajapur   (13),25-29,162951,80830,82121,150353,74667,75686,12598,6163,6435
9165,C4114,21,382,District - Jajapur   (13),30-34,135998,68143,67855,124984,62586,62398,11014,5557,5457
9166,C4114,21,382,District - Jajapur   (13),35-39,130723,65762,64961,120124,60305,59819,10599,5457,5142
9167,C4114,21,382,District - Jajapur   (13),40-44,113190,58550,54640,104177,53725,50452,9013,4825,4188
9168,C4114,21,382,District - Jajapur   (13),45-49,99481,50696,48785,91903,46696,45207,7578,4000,3578
9169,C4114,21,382,District - Jajapur   (13),50-54,80799,41446,39353,74804,38275,36529,5995,3171,2824
9170,C4114,21,382,District - Jajapur   (13),55-59,66424,32774,33650,61820,30240,31580,4604,2534,2070
9171,C4114,21,382,District - Jajapur   (13),60-64,63848,32999,30849,60035,30969,29066,3813,2030,1783
9172,C4114,21,382,District - Jajapur   (13),65-69,43101,21822,21279,40643,20500,20143,2458,1322,1136
9173,C4114,21,382,District - Jajapur   (13),70-74,37772,19229,18543,35686,18185,17501,2086,1044,1042
9174,C4114,21,382,District - Jajapur   (13),75-79,19611,10249,9362,18586,9743,8843,1025,506,519
9175,C4114,21,382,District - Jajapur   (13),80+,21151,11343,9808,19987,10761,9226,1164,582,582
9176,C4114,21,382,District - Jajapur   (13),Age not stated,4947,2565,2382,4141,2125,2016,806,440,366
9177,C4114,21,383,District - Dhenkanal (14),All ages,1192811,612593,580218,1075305,551326,523979,117506,61267,56239
9178,C4114,21,383,District - Dhenkanal (14),0-4,97908,52164,45744,89781,47821,41960,8127,4343,3784
9179,C4114,21,383,District - Dhenkanal (14),5-9,104333,54269,50064,95101,49455,45646,9232,4814,4418
9180,C4114,21,383,District - Dhenkanal (14),10-14,116633,59558,57075,106540,54309,52231,10093,5249,4844
9181,C4114,21,383,District - Dhenkanal (14),15-19,111728,57172,54556,99898,50969,48929,11830,6203,5627
9182,C4114,21,383,District - Dhenkanal (14),20-24,108215,53578,54637,96649,47679,48970,11566,5899,5667
9183,C4114,21,383,District - Dhenkanal (14),25-29,102880,50673,52207,92407,45560,46847,10473,5113,5360
9184,C4114,21,383,District - Dhenkanal (14),30-34,92312,46279,46033,82676,41408,41268,9636,4871,4765
9185,C4114,21,383,District - Dhenkanal (14),35-39,90208,46575,43633,80806,41742,39064,9402,4833,4569
9186,C4114,21,383,District - Dhenkanal (14),40-44,77290,40490,36800,68929,36070,32859,8361,4420,3941
9187,C4114,21,383,District - Dhenkanal (14),45-49,66423,34507,31916,59166,30593,28573,7257,3914,3343
9188,C4114,21,383,District - Dhenkanal (14),50-54,54310,27906,26404,48392,24800,23592,5918,3106,2812
9189,C4114,21,383,District - Dhenkanal (14),55-59,45895,23357,22538,41077,20672,20405,4818,2685,2133
9190,C4114,21,383,District - Dhenkanal (14),60-64,45442,23638,21804,41407,21420,19987,4035,2218,1817
9191,C4114,21,383,District - Dhenkanal (14),65-69,29920,15637,14283,27491,14382,13109,2429,1255,1174
9192,C4114,21,383,District - Dhenkanal (14),70-74,23931,12758,11173,21941,11686,10255,1990,1072,918
9193,C4114,21,383,District - Dhenkanal (14),75-79,11128,6032,5096,10070,5452,4618,1058,580,478
9194,C4114,21,383,District - Dhenkanal (14),80+,11772,6629,5143,10652,6030,4622,1120,599,521
9195,C4114,21,383,District - Dhenkanal (14),Age not stated,2483,1371,1112,2322,1278,1044,161,93,68
9196,C4114,21,384,District - Anugul   (15),All ages,1273821,655718,618103,1067275,546385,520890,206546,109333,97213
9197,C4114,21,384,District - Anugul   (15),0-4,106759,56478,50281,91591,48247,43344,15168,8231,6937
9198,C4114,21,384,District - Anugul   (15),5-9,115546,60512,55034,98774,51559,47215,16772,8953,7819
9199,C4114,21,384,District - Anugul   (15),10-14,134215,68696,65519,114598,58291,56307,19617,10405,9212
9200,C4114,21,384,District - Anugul   (15),15-19,122038,61264,60774,101336,50639,50697,20702,10625,10077
9201,C4114,21,384,District - Anugul   (15),20-24,119804,59356,60448,99199,48827,50372,20605,10529,10076
9202,C4114,21,384,District - Anugul   (15),25-29,110131,55035,55096,91193,45372,45821,18938,9663,9275
9203,C4114,21,384,District - Anugul   (15),30-34,99475,50103,49372,82277,41363,40914,17198,8740,8458
9204,C4114,21,384,District - Anugul   (15),35-39,95845,49031,46814,78671,40538,38133,17174,8493,8681
9205,C4114,21,384,District - Anugul   (15),40-44,82456,43405,39051,66776,35138,31638,15680,8267,7413
9206,C4114,21,384,District - Anugul   (15),45-49,69745,37090,32655,55827,29254,26573,13918,7836,6082
9207,C4114,21,384,District - Anugul   (15),50-54,54889,29096,25793,44907,23092,21815,9982,6004,3978
9208,C4114,21,384,District - Anugul   (15),55-59,44169,22977,21192,37184,18639,18545,6985,4338,2647
9209,C4114,21,384,District - Anugul   (15),60-64,43348,22364,20984,38462,19789,18673,4886,2575,2311
9210,C4114,21,384,District - Anugul   (15),65-69,27676,14542,13134,24643,12962,11681,3033,1580,1453
9211,C4114,21,384,District - Anugul   (15),70-74,22100,11806,10294,19509,10433,9076,2591,1373,1218
9212,C4114,21,384,District - Anugul   (15),75-79,9784,5210,4574,8519,4586,3933,1265,624,641
9213,C4114,21,384,District - Anugul   (15),80+,11551,6492,5059,9900,5614,4286,1651,878,773
9214,C4114,21,384,District - Anugul   (15),Age not stated,4290,2261,2029,3909,2042,1867,381,219,162
9215,C4114,21,385,District - Nayagarh   (16),All ages,962789,502636,460153,883051,461019,422032,79738,41617,38121
9216,C4114,21,385,District - Nayagarh   (16),0-4,74225,39762,34463,68780,36834,31946,5445,2928,2517
9217,C4114,21,385,District - Nayagarh   (16),5-9,83736,44812,38924,77313,41333,35980,6423,3479,2944
9218,C4114,21,385,District - Nayagarh   (16),10-14,94282,48616,45666,87051,44828,42223,7231,3788,3443
9219,C4114,21,385,District - Nayagarh   (16),15-19,85109,44455,40654,77897,40702,37195,7212,3753,3459
9220,C4114,21,385,District - Nayagarh   (16),20-24,81985,42577,39408,74799,38913,35886,7186,3664,3522
9221,C4114,21,385,District - Nayagarh   (16),25-29,82799,41703,41096,75760,38133,37627,7039,3570,3469
9222,C4114,21,385,District - Nayagarh   (16),30-34,73111,36653,36458,66592,33426,33166,6519,3227,3292
9223,C4114,21,385,District - Nayagarh   (16),35-39,73146,37882,35264,66811,34708,32103,6335,3174,3161
9224,C4114,21,385,District - Nayagarh   (16),40-44,61786,33093,28693,56079,30078,26001,5707,3015,2692
9225,C4114,21,385,District - Nayagarh   (16),45-49,54043,28678,25365,49063,26007,23056,4980,2671,2309
9226,C4114,21,385,District - Nayagarh   (16),50-54,43784,22315,21469,39966,20312,19654,3818,2003,1815
9227,C4114,21,385,District - Nayagarh   (16),55-59,39508,20133,19375,36191,18298,17893,3317,1835,1482
9228,C4114,21,385,District - Nayagarh   (16),60-64,40711,21632,19079,37810,20133,17677,2901,1499,1402
9229,C4114,21,385,District - Nayagarh   (16),65-69,26779,14158,12621,24775,13098,11677,2004,1060,944
9230,C4114,21,385,District - Nayagarh   (16),70-74,21699,11589,10110,20143,10771,9372,1556,818,738
9231,C4114,21,385,District - Nayagarh   (16),75-79,11191,6104,5087,10289,5609,4680,902,495,407
9232,C4114,21,385,District - Nayagarh   (16),80+,13322,7606,5716,12277,7038,5239,1045,568,477
9233,C4114,21,385,District - Nayagarh   (16),Age not stated,1573,868,705,1455,798,657,118,70,48
9234,C4114,21,386,District - Khordha  (17),All ages,2251673,1167137,1084536,1167357,595809,571548,1084316,571328,512988
9235,C4114,21,386,District - Khordha  (17),0-4,164665,85817,78848,91443,47503,43940,73222,38314,34908
9236,C4114,21,386,District - Khordha  (17),5-9,186068,96823,89245,101143,52201,48942,84925,44622,40303
9237,C4114,21,386,District - Khordha  (17),10-14,204115,106035,98080,112710,57444,55266,91405,48591,42814
9238,C4114,21,386,District - Khordha  (17),15-19,211257,110381,100876,107856,54409,53447,103401,55972,47429
9239,C4114,21,386,District - Khordha  (17),20-24,223140,113883,109257,109241,55165,54076,113899,58718,55181
9240,C4114,21,386,District - Khordha  (17),25-29,210276,103760,106516,105248,51873,53375,105028,51887,53141
9241,C4114,21,386,District - Khordha  (17),30-34,185882,94100,91782,90710,45471,45239,95172,48629,46543
9242,C4114,21,386,District - Khordha  (17),35-39,180906,92103,88803,89042,45068,43974,91864,47035,44829
9243,C4114,21,386,District - Khordha  (17),40-44,154168,81980,72188,74973,39725,35248,79195,42255,36940
9244,C4114,21,386,District - Khordha  (17),45-49,132390,70228,62162,64479,33480,30999,67911,36748,31163
9245,C4114,21,386,District - Khordha  (17),50-54,103621,55509,48112,50758,25910,24848,52863,29599,23264
9246,C4114,21,386,District - Khordha  (17),55-59,83235,44008,39227,43523,21637,21886,39712,22371,17341
9247,C4114,21,386,District - Khordha  (17),60-64,72841,38763,34078,42801,22068,20733,30040,16695,13345
9248,C4114,21,386,District - Khordha  (17),65-69,47729,25430,22299,29001,14889,14112,18728,10541,8187
9249,C4114,21,386,District - Khordha  (17),70-74,39128,20490,18638,24641,12778,11863,14487,7712,6775
9250,C4114,21,386,District - Khordha  (17),75-79,20426,10782,9644,12585,6716,5869,7841,4066,3775
9251,C4114,21,386,District - Khordha  (17),80+,24721,13182,11539,14746,8171,6575,9975,5011,4964
9252,C4114,21,386,District - Khordha  (17),Age not stated,7105,3863,3242,2457,1301,1156,4648,2562,2086
9253,C4114,21,387,District - Puri (18),All ages,1698730,865380,833350,1433800,728213,705587,264930,137167,127763
9254,C4114,21,387,District - Puri (18),0-4,120901,62343,58558,103628,53446,50182,17273,8897,8376
9255,C4114,21,387,District - Puri (18),5-9,136572,70896,65676,115865,59999,55866,20707,10897,9810
9256,C4114,21,387,District - Puri (18),10-14,161415,82514,78901,138703,70703,68000,22712,11811,10901
9257,C4114,21,387,District - Puri (18),15-19,154296,78016,76280,130153,65211,64942,24143,12805,11338
9258,C4114,21,387,District - Puri (18),20-24,162387,81343,81044,135100,67595,67505,27287,13748,13539
9259,C4114,21,387,District - Puri (18),25-29,152563,75504,77059,127117,62960,64157,25446,12544,12902
9260,C4114,21,387,District - Puri (18),30-34,130744,65564,65180,108134,54045,54089,22610,11519,11091
9261,C4114,21,387,District - Puri (18),35-39,129725,65258,64467,107685,53991,53694,22040,11267,10773
9262,C4114,21,387,District - Puri (18),40-44,115983,60325,55658,96820,49986,46834,19163,10339,8824
9263,C4114,21,387,District - Puri (18),45-49,100978,52654,48324,84621,44019,40602,16357,8635,7722
9264,C4114,21,387,District - Puri (18),50-54,79797,41910,37887,67007,35062,31945,12790,6848,5942
9265,C4114,21,387,District - Puri (18),55-59,63293,31775,31518,53637,26633,27004,9656,5142,4514
9266,C4114,21,387,District - Puri (18),60-64,60986,31570,29416,52434,27146,25288,8552,4424,4128
9267,C4114,21,387,District - Puri (18),65-69,44254,22217,22037,38773,19349,19424,5481,2868,2613
9268,C4114,21,387,District - Puri (18),70-74,37998,19202,18796,33166,16731,16435,4832,2471,2361
9269,C4114,21,387,District - Puri (18),75-79,20319,10565,9754,17797,9275,8522,2522,1290,1232
9270,C4114,21,387,District - Puri (18),80+,22019,11536,10483,19042,10072,8970,2977,1464,1513
9271,C4114,21,387,District - Puri (18),Age not stated,4500,2188,2312,4118,1990,2128,382,198,184
9272,C4114,21,388,District - Ganjam (19),All ages,3529031,1779218,1749813,2761030,1383636,1377394,768001,395582,372419
9273,C4114,21,388,District - Ganjam (19),0-4,288990,151302,137688,235301,123181,112120,53689,28121,25568
9274,C4114,21,388,District - Ganjam (19),5-9,340292,176095,164197,279354,144444,134910,60938,31651,29287
9275,C4114,21,388,District - Ganjam (19),10-14,387949,194554,193395,316517,158010,158507,71432,36544,34888
9276,C4114,21,388,District - Ganjam (19),15-19,352040,176966,175074,271075,134264,136811,80965,42702,38263
9277,C4114,21,388,District - Ganjam (19),20-24,319599,162910,156689,241508,122325,119183,78091,40585,37506
9278,C4114,21,388,District - Ganjam (19),25-29,291362,144184,147178,222144,109577,112567,69218,34607,34611
9279,C4114,21,388,District - Ganjam (19),30-34,256254,123501,132753,194930,92451,102479,61324,31050,30274
9280,C4114,21,388,District - Ganjam (19),35-39,253926,123112,130814,195105,93743,101362,58821,29369,29452
9281,C4114,21,388,District - Ganjam (19),40-44,225241,115127,110114,172291,87795,84496,52950,27332,25618
9282,C4114,21,388,District - Ganjam (19),45-49,189335,98706,90629,143605,74370,69235,45730,24336,21394
9283,C4114,21,388,District - Ganjam (19),50-54,151588,76524,75064,115240,57294,57946,36348,19230,17118
9284,C4114,21,388,District - Ganjam (19),55-59,121201,59861,61340,93275,45136,48139,27926,14725,13201
9285,C4114,21,388,District - Ganjam (19),60-64,123636,60743,62893,98074,47848,50226,25562,12895,12667
9286,C4114,21,388,District - Ganjam (19),65-69,81729,41144,40585,65682,32871,32811,16047,8273,7774
9287,C4114,21,388,District - Ganjam (19),70-74,68639,34262,34377,55332,27753,27579,13307,6509,6798
9288,C4114,21,388,District - Ganjam (19),75-79,31108,16246,14862,24574,13002,11572,6534,3244,3290
9289,C4114,21,388,District - Ganjam (19),80+,35348,18452,16896,28008,14998,13010,7340,3454,3886
9290,C4114,21,388,District - Ganjam (19),Age not stated,10794,5529,5265,9015,4574,4441,1779,955,824
9291,C4114,21,389,District - Gajapati (20),All ages,577817,282882,294935,507151,247655,259496,70666,35227,35439
9292,C4114,21,389,District - Gajapati (20),0-4,58573,29775,28798,53649,27181,26468,4924,2594,2330
9293,C4114,21,389,District - Gajapati (20),5-9,71865,36296,35569,65770,33135,32635,6095,3161,2934
9294,C4114,21,389,District - Gajapati (20),10-14,66754,33455,33299,59359,29705,29654,7395,3750,3645
9295,C4114,21,389,District - Gajapati (20),15-19,54704,27152,27552,47662,23546,24116,7042,3606,3436
9296,C4114,21,389,District - Gajapati (20),20-24,48534,22921,25613,41989,19682,22307,6545,3239,3306
9297,C4114,21,389,District - Gajapati (20),25-29,44957,21860,23097,38814,18898,19916,6143,2962,3181
9298,C4114,21,389,District - Gajapati (20),30-34,39002,18510,20492,33348,15759,17589,5654,2751,2903
9299,C4114,21,389,District - Gajapati (20),35-39,39873,19093,20780,34283,16321,17962,5590,2772,2818
9300,C4114,21,389,District - Gajapati (20),40-44,35398,17572,17826,30502,15040,15462,4896,2532,2364
9301,C4114,21,389,District - Gajapati (20),45-49,29770,15310,14460,25553,13149,12404,4217,2161,2056
9302,C4114,21,389,District - Gajapati (20),50-54,22857,11246,11611,19533,9620,9913,3324,1626,1698
9303,C4114,21,389,District - Gajapati (20),55-59,17958,8334,9624,15353,7040,8313,2605,1294,1311
9304,C4114,21,389,District - Gajapati (20),60-64,19286,8638,10648,16837,7546,9291,2449,1092,1357
9305,C4114,21,389,District - Gajapati (20),65-69,11182,4986,6196,9729,4337,5392,1453,649,804
9306,C4114,21,389,District - Gajapati (20),70-74,7838,3460,4378,6691,2964,3727,1147,496,651
9307,C4114,21,389,District - Gajapati (20),75-79,2921,1312,1609,2432,1083,1349,489,229,260
9308,C4114,21,389,District - Gajapati (20),80+,3030,1333,1697,2515,1119,1396,515,214,301
9309,C4114,21,389,District - Gajapati (20),Age not stated,3315,1629,1686,3132,1530,1602,183,99,84
9310,C4114,21,390,District - Kandhamal (21),All ages,733110,359945,373165,660831,323523,337308,72279,36422,35857
9311,C4114,21,390,District - Kandhamal (21),0-4,74618,37779,36839,69206,34935,34271,5412,2844,2568
9312,C4114,21,390,District - Kandhamal (21),5-9,91046,45946,45100,84333,42487,41846,6713,3459,3254
9313,C4114,21,390,District - Kandhamal (21),10-14,86398,43231,43167,78288,39431,38857,8110,3800,4310
9314,C4114,21,390,District - Kandhamal (21),15-19,64450,30918,33532,57584,27533,30051,6866,3385,3481
9315,C4114,21,390,District - Kandhamal (21),20-24,62252,28684,33568,55378,25268,30110,6874,3416,3458
9316,C4114,21,390,District - Kandhamal (21),25-29,57861,28180,29681,51564,25116,26448,6297,3064,3233
9317,C4114,21,390,District - Kandhamal (21),30-34,47309,23021,24288,41658,20200,21458,5651,2821,2830
9318,C4114,21,390,District - Kandhamal (21),35-39,48044,23247,24797,42501,20552,21949,5543,2695,2848
9319,C4114,21,390,District - Kandhamal (21),40-44,44376,22289,22087,39249,19654,19595,5127,2635,2492
9320,C4114,21,390,District - Kandhamal (21),45-49,37742,19360,18382,33130,16889,16241,4612,2471,2141
9321,C4114,21,390,District - Kandhamal (21),50-54,29740,15018,14722,26335,13110,13225,3405,1908,1497
9322,C4114,21,390,District - Kandhamal (21),55-59,24594,11567,13027,22151,10233,11918,2443,1334,1109
9323,C4114,21,390,District - Kandhamal (21),60-64,29055,14110,14945,26957,13033,13924,2098,1077,1021
9324,C4114,21,390,District - Kandhamal (21),65-69,15757,7626,8131,14506,6968,7538,1251,658,593
9325,C4114,21,390,District - Kandhamal (21),70-74,10288,4605,5683,9367,4203,5164,921,402,519
9326,C4114,21,390,District - Kandhamal (21),75-79,4186,1909,2277,3759,1701,2058,427,208,219
9327,C4114,21,390,District - Kandhamal (21),80+,4157,1852,2305,3698,1644,2054,459,208,251
9328,C4114,21,390,District - Kandhamal (21),Age not stated,1237,603,634,1167,566,601,70,37,33
9329,C4114,21,391,District - Baudh (22),All ages,441162,221625,219537,420738,211133,209605,20424,10492,9932
9330,C4114,21,391,District - Baudh (22),0-4,43939,22178,21761,42471,21428,21043,1468,750,718
9331,C4114,21,391,District - Baudh (22),5-9,45631,23030,22601,43938,22145,21793,1693,885,808
9332,C4114,21,391,District - Baudh (22),10-14,52321,26470,25851,50174,25362,24812,2147,1108,1039
9333,C4114,21,391,District - Baudh (22),15-19,40536,20188,20348,38524,19192,19332,2012,996,1016
9334,C4114,21,391,District - Baudh (22),20-24,36141,17655,18486,34315,16754,17561,1826,901,925
9335,C4114,21,391,District - Baudh (22),25-29,34899,17324,17575,33107,16416,16691,1792,908,884
9336,C4114,21,391,District - Baudh (22),30-34,31066,14994,16072,29406,14190,15216,1660,804,856
9337,C4114,21,391,District - Baudh (22),35-39,31226,15506,15720,29631,14697,14934,1595,809,786
9338,C4114,21,391,District - Baudh (22),40-44,26610,13837,12773,25195,13074,12121,1415,763,652
9339,C4114,21,391,District - Baudh (22),45-49,22669,11796,10873,21402,11108,10294,1267,688,579
9340,C4114,21,391,District - Baudh (22),50-54,17993,9185,8808,17070,8669,8401,923,516,407
9341,C4114,21,391,District - Baudh (22),55-59,15656,7691,7965,14906,7270,7636,750,421,329
9342,C4114,21,391,District - Baudh (22),60-64,16934,8714,8220,16249,8387,7862,685,327,358
9343,C4114,21,391,District - Baudh (22),65-69,10322,5277,5045,9881,5057,4824,441,220,221
9344,C4114,21,391,District - Baudh (22),70-74,7733,3933,3800,7386,3765,3621,347,168,179
9345,C4114,21,391,District - Baudh (22),75-79,3124,1566,1558,2946,1461,1485,178,105,73
9346,C4114,21,391,District - Baudh (22),80+,3284,1723,1561,3103,1624,1479,181,99,82
9347,C4114,21,391,District - Baudh (22),Age not stated,1078,558,520,1034,534,500,44,24,20
9348,C4114,21,392,District - Subarnapur (23),All ages,610183,311312,298871,560242,285634,274608,49941,25678,24263
9349,C4114,21,392,District - Subarnapur (23),0-4,53513,27362,26151,49663,25395,24268,3850,1967,1883
9350,C4114,21,392,District - Subarnapur (23),5-9,53295,27175,26120,49202,25062,24140,4093,2113,1980
9351,C4114,21,392,District - Subarnapur (23),10-14,62944,31484,31460,58288,29116,29172,4656,2368,2288
9352,C4114,21,392,District - Subarnapur (23),15-19,64631,32321,32310,59543,29709,29834,5088,2612,2476
9353,C4114,21,392,District - Subarnapur (23),20-24,56706,29379,27327,51888,26877,25011,4818,2502,2316
9354,C4114,21,392,District - Subarnapur (23),25-29,50472,26164,24308,46019,23917,22102,4453,2247,2206
9355,C4114,21,392,District - Subarnapur (23),30-34,43522,22179,21343,39494,20117,19377,4028,2062,1966
9356,C4114,21,392,District - Subarnapur (23),35-39,42307,21848,20459,38542,19921,18621,3765,1927,1838
9357,C4114,21,392,District - Subarnapur (23),40-44,36718,18987,17731,33427,17281,16146,3291,1706,1585
9358,C4114,21,392,District - Subarnapur (23),45-49,31213,16217,14996,28401,14746,13655,2812,1471,1341
9359,C4114,21,392,District - Subarnapur (23),50-54,25991,13259,12732,23553,12015,11538,2438,1244,1194
9360,C4114,21,392,District - Subarnapur (23),55-59,22573,10945,11628,20658,9945,10713,1915,1000,915
9361,C4114,21,392,District - Subarnapur (23),60-64,24743,12595,12148,22948,11647,11301,1795,948,847
9362,C4114,21,392,District - Subarnapur (23),65-69,16690,8644,8046,15586,8071,7515,1104,573,531
9363,C4114,21,392,District - Subarnapur (23),70-74,12140,6266,5874,11303,5845,5458,837,421,416
9364,C4114,21,392,District - Subarnapur (23),75-79,5177,2578,2599,4744,2351,2393,433,227,206
9365,C4114,21,392,District - Subarnapur (23),80+,6136,3137,2999,5621,2880,2741,515,257,258
9366,C4114,21,392,District - Subarnapur (23),Age not stated,1412,772,640,1362,739,623,50,33,17
9367,C4114,21,393,District - Balangir (24),All ages,1648997,830097,818900,1451616,728770,722846,197381,101327,96054
9368,C4114,21,393,District - Balangir (24),0-4,153131,78047,75084,138210,70285,67925,14921,7762,7159
9369,C4114,21,393,District - Balangir (24),5-9,156050,79218,76832,139519,70486,69033,16531,8732,7799
9370,C4114,21,393,District - Balangir (24),10-14,168234,84574,83660,150381,75392,74989,17853,9182,8671
9371,C4114,21,393,District - Balangir (24),15-19,157508,79033,78475,138981,69582,69399,18527,9451,9076
9372,C4114,21,393,District - Balangir (24),20-24,139994,70971,69023,121325,61585,59740,18669,9386,9283
9373,C4114,21,393,District - Balangir (24),25-29,129109,64195,64914,111481,55582,55899,17628,8613,9015
9374,C4114,21,393,District - Balangir (24),30-34,117099,57808,59291,100332,49472,50860,16767,8336,8431
9375,C4114,21,393,District - Balangir (24),35-39,116820,59200,57620,101092,51114,49978,15728,8086,7642
9376,C4114,21,393,District - Balangir (24),40-44,105269,53684,51585,91234,46248,44986,14035,7436,6599
9377,C4114,21,393,District - Balangir (24),45-49,90823,47008,43815,78846,40646,38200,11977,6362,5615
9378,C4114,21,393,District - Balangir (24),50-54,73178,38023,35155,63426,32728,30698,9752,5295,4457
9379,C4114,21,393,District - Balangir (24),55-59,61736,30037,31699,54510,26247,28263,7226,3790,3436
9380,C4114,21,393,District - Balangir (24),60-64,66720,33140,33580,60131,29789,30342,6589,3351,3238
9381,C4114,21,393,District - Balangir (24),65-69,44485,21732,22753,40377,19684,20693,4108,2048,2060
9382,C4114,21,393,District - Balangir (24),70-74,33268,16441,16827,30104,14833,15271,3164,1608,1556
9383,C4114,21,393,District - Balangir (24),75-79,14475,6677,7798,12943,5972,6971,1532,705,827
9384,C4114,21,393,District - Balangir (24),80+,17014,8190,8824,15093,7264,7829,1921,926,995
9385,C4114,21,393,District - Balangir (24),Age not stated,4084,2119,1965,3631,1861,1770,453,258,195
9386,C4114,21,394,District - Nuapada (25),All ages,610382,301962,308420,576328,284792,291536,34054,17170,16884
9387,C4114,21,394,District - Nuapada (25),0-4,62093,31337,30756,59091,29797,29294,3002,1540,1462
9388,C4114,21,394,District - Nuapada (25),5-9,65223,32513,32710,62035,30866,31169,3188,1647,1541
9389,C4114,21,394,District - Nuapada (25),10-14,68215,34270,33945,64948,32585,32363,3267,1685,1582
9390,C4114,21,394,District - Nuapada (25),15-19,53796,26652,27144,50495,24980,25515,3301,1672,1629
9391,C4114,21,394,District - Nuapada (25),20-24,48760,23638,25122,45521,22003,23518,3239,1635,1604
9392,C4114,21,394,District - Nuapada (25),25-29,45988,22870,23118,42999,21360,21639,2989,1510,1479
9393,C4114,21,394,District - Nuapada (25),30-34,41977,20363,21614,39296,19055,20241,2681,1308,1373
9394,C4114,21,394,District - Nuapada (25),35-39,40876,20445,20431,38326,19154,19172,2550,1291,1259
9395,C4114,21,394,District - Nuapada (25),40-44,37156,18571,18585,34873,17411,17462,2283,1160,1123
9396,C4114,21,394,District - Nuapada (25),45-49,32672,16870,15802,30620,15820,14800,2052,1050,1002
9397,C4114,21,394,District - Nuapada (25),50-54,25932,13075,12857,24313,12258,12055,1619,817,802
9398,C4114,21,394,District - Nuapada (25),55-59,21844,10310,11534,20672,9689,10983,1172,621,551
9399,C4114,21,394,District - Nuapada (25),60-64,26875,13034,13841,25765,12508,13257,1110,526,584
9400,C4114,21,394,District - Nuapada (25),65-69,16115,7666,8449,15488,7376,8112,627,290,337
9401,C4114,21,394,District - Nuapada (25),70-74,11194,5204,5990,10689,4984,5705,505,220,285
9402,C4114,21,394,District - Nuapada (25),75-79,4777,1978,2799,4575,1884,2691,202,94,108
9403,C4114,21,394,District - Nuapada (25),80+,5588,2453,3135,5342,2362,2980,246,91,155
9404,C4114,21,394,District - Nuapada (25),Age not stated,1301,713,588,1280,700,580,21,13,8
9405,C4114,21,395,District - Kalahandi (26),All ages,1576869,787101,789768,1454882,724646,730236,121987,62455,59532
9406,C4114,21,395,District - Kalahandi (26),0-4,154958,78789,76169,145500,73863,71637,9458,4926,4532
9407,C4114,21,395,District - Kalahandi (26),5-9,169058,85972,83086,158061,80276,77785,10997,5696,5301
9408,C4114,21,395,District - Kalahandi (26),10-14,175070,88148,86922,162597,81845,80752,12473,6303,6170
9409,C4114,21,395,District - Kalahandi (26),15-19,137442,68805,68637,125650,62836,62814,11792,5969,5823
9410,C4114,21,395,District - Kalahandi (26),20-24,123931,60492,63439,112850,54929,57921,11081,5563,5518
9411,C4114,21,395,District - Kalahandi (26),25-29,119701,59277,60424,109034,54031,55003,10667,5246,5421
9412,C4114,21,395,District - Kalahandi (26),30-34,112693,54774,57919,102750,49810,52940,9943,4964,4979
9413,C4114,21,395,District - Kalahandi (26),35-39,114453,57527,56926,104703,52597,52106,9750,4930,4820
9414,C4114,21,395,District - Kalahandi (26),40-44,101317,51762,49555,92536,47133,45403,8781,4629,4152
9415,C4114,21,395,District - Kalahandi (26),45-49,87315,44819,42496,79764,40731,39033,7551,4088,3463
9416,C4114,21,395,District - Kalahandi (26),50-54,69364,35935,33429,63634,32831,30803,5730,3104,2626
9417,C4114,21,395,District - Kalahandi (26),55-59,56553,26953,29600,52312,24651,27661,4241,2302,1939
9418,C4114,21,395,District - Kalahandi (26),60-64,60233,29471,30762,56592,27610,28982,3641,1861,1780
9419,C4114,21,395,District - Kalahandi (26),65-69,37809,18045,19764,35665,16968,18697,2144,1077,1067
9420,C4114,21,395,District - Kalahandi (26),70-74,27280,12509,14771,25645,11733,13912,1635,776,859
9421,C4114,21,395,District - Kalahandi (26),75-79,11751,5095,6656,11054,4748,6306,697,347,350
9422,C4114,21,395,District - Kalahandi (26),80+,12543,5857,6686,11683,5460,6223,860,397,463
9423,C4114,21,395,District - Kalahandi (26),Age not stated,5398,2871,2527,4852,2594,2258,546,277,269
9424,C4114,21,396,District - Rayagada   (27),All ages,967911,471960,495951,820945,397774,423171,146966,74186,72780
9425,C4114,21,396,District - Rayagada   (27),0-4,99656,50607,49049,88564,44913,43651,11092,5694,5398
9426,C4114,21,396,District - Rayagada   (27),5-9,125669,63592,62077,112863,56974,55889,12806,6618,6188
9427,C4114,21,396,District - Rayagada   (27),10-14,108545,54800,53745,94377,47503,46874,14168,7297,6871
9428,C4114,21,396,District - Rayagada   (27),15-19,86596,42140,44456,72467,34947,37520,14129,7193,6936
9429,C4114,21,396,District - Rayagada   (27),20-24,80515,37629,42886,66113,30536,35577,14402,7093,7309
9430,C4114,21,396,District - Rayagada   (27),25-29,76588,37396,39192,63102,30803,32299,13486,6593,6893
9431,C4114,21,396,District - Rayagada   (27),30-34,65878,31622,34256,53717,25507,28210,12161,6115,6046
9432,C4114,21,396,District - Rayagada   (27),35-39,67090,32181,34909,55216,26300,28916,11874,5881,5993
9433,C4114,21,396,District - Rayagada   (27),40-44,60863,30375,30488,50337,24929,25408,10526,5446,5080
9434,C4114,21,396,District - Rayagada   (27),45-49,51935,26311,25624,42906,21649,21257,9029,4662,4367
9435,C4114,21,396,District - Rayagada   (27),50-54,39560,20032,19528,32455,16352,16103,7105,3680,3425
9436,C4114,21,396,District - Rayagada   (27),55-59,28658,13424,15234,23458,10694,12764,5200,2730,2470
9437,C4114,21,396,District - Rayagada   (27),60-64,31655,13173,18482,27105,10930,16175,4550,2243,2307
9438,C4114,21,396,District - Rayagada   (27),65-69,20477,8523,11954,18010,7350,10660,2467,1173,1294
9439,C4114,21,396,District - Rayagada   (27),70-74,12297,4904,7393,10553,4152,6401,1744,752,992
9440,C4114,21,396,District - Rayagada   (27),75-79,3941,1566,2375,3212,1240,1972,729,326,403
9441,C4114,21,396,District - Rayagada   (27),80+,4237,1753,2484,3377,1387,1990,860,366,494
9442,C4114,21,396,District - Rayagada   (27),Age not stated,3751,1932,1819,3113,1608,1505,638,324,314
9443,C4114,21,397,District - Nabarangapur  (28),All ages,1220946,604812,616134,1133321,560771,572550,87625,44041,43584
9444,C4114,21,397,District - Nabarangapur  (28),0-4,143050,71554,71496,135638,67817,67821,7412,3737,3675
9445,C4114,21,397,District - Nabarangapur  (28),5-9,159292,79042,80250,150596,74566,76030,8696,4476,4220
9446,C4114,21,397,District - Nabarangapur  (28),10-14,142497,71710,70787,132568,66779,65789,9929,4931,4998
9447,C4114,21,397,District - Nabarangapur  (28),15-19,105291,52077,53214,96844,47759,49085,8447,4318,4129
9448,C4114,21,397,District - Nabarangapur  (28),20-24,97925,45842,52083,89837,41820,48017,8088,4022,4066
9449,C4114,21,397,District - Nabarangapur  (28),25-29,97151,48797,48354,89573,45045,44528,7578,3752,3826
9450,C4114,21,397,District - Nabarangapur  (28),30-34,82874,40975,41899,76068,37659,38409,6806,3316,3490
9451,C4114,21,397,District - Nabarangapur  (28),35-39,82924,41492,41432,76278,38166,38112,6646,3326,3320
9452,C4114,21,397,District - Nabarangapur  (28),40-44,69905,35970,33935,63885,32877,31008,6020,3093,2927
9453,C4114,21,397,District - Nabarangapur  (28),45-49,61849,31778,30071,56631,29054,27577,5218,2724,2494
9454,C4114,21,397,District - Nabarangapur  (28),50-54,46104,24273,21831,42269,22271,19998,3835,2002,1833
9455,C4114,21,397,District - Nabarangapur  (28),55-59,35985,17229,18756,33238,15769,17469,2747,1460,1287
9456,C4114,21,397,District - Nabarangapur  (28),60-64,37515,17575,19940,35105,16437,18668,2410,1138,1272
9457,C4114,21,397,District - Nabarangapur  (28),65-69,24210,10967,13243,22846,10328,12518,1364,639,725
9458,C4114,21,397,District - Nabarangapur  (28),70-74,15826,7100,8726,14795,6632,8163,1031,468,563
9459,C4114,21,397,District - Nabarangapur  (28),75-79,5922,2561,3361,5482,2347,3135,440,214,226
9460,C4114,21,397,District - Nabarangapur  (28),80+,6199,2763,3436,5688,2554,3134,511,209,302
9461,C4114,21,397,District - Nabarangapur  (28),Age not stated,6427,3107,3320,5980,2891,3089,447,216,231
9462,C4114,21,398,District - Koraput (29),All ages,1379647,678809,700838,1153478,563771,589707,226169,115038,111131
9463,C4114,21,398,District - Koraput (29),0-4,153874,77760,76114,135845,68519,67326,18029,9241,8788
9464,C4114,21,398,District - Koraput (29),5-9,176510,87532,88978,155968,76927,79041,20542,10605,9937
9465,C4114,21,398,District - Koraput (29),10-14,149501,75119,74382,127279,63832,63447,22222,11287,10935
9466,C4114,21,398,District - Koraput (29),15-19,117147,56680,60467,95524,45770,49754,21623,10910,10713
9467,C4114,21,398,District - Koraput (29),20-24,113428,53033,60395,92102,42559,49543,21326,10474,10852
9468,C4114,21,398,District - Koraput (29),25-29,108118,53841,54277,87393,43381,44012,20725,10460,10265
9469,C4114,21,398,District - Koraput (29),30-34,93375,46063,47312,74843,36605,38238,18532,9458,9074
9470,C4114,21,398,District - Koraput (29),35-39,94713,45951,48762,76482,37085,39397,18231,8866,9365
9471,C4114,21,398,District - Koraput (29),40-44,85709,43268,42441,69179,34908,34271,16530,8360,8170
9472,C4114,21,398,District - Koraput (29),45-49,75006,38753,36253,60103,30648,29455,14903,8105,6798
9473,C4114,21,398,District - Koraput (29),50-54,55549,29119,26430,44794,23319,21475,10755,5800,4955
9474,C4114,21,398,District - Koraput (29),55-59,42901,20694,22207,35165,16454,18711,7736,4240,3496
9475,C4114,21,398,District - Koraput (29),60-64,49684,22171,27513,43575,19149,24426,6109,3022,3087
9476,C4114,21,398,District - Koraput (29),65-69,30614,13859,16755,27026,12095,14931,3588,1764,1824
9477,C4114,21,398,District - Koraput (29),70-74,17083,7525,9558,14722,6442,8280,2361,1083,1278
9478,C4114,21,398,District - Koraput (29),75-79,5832,2438,3394,4789,1989,2800,1043,449,594
9479,C4114,21,398,District - Koraput (29),80+,5543,2419,3124,4366,1894,2472,1177,525,652
9480,C4114,21,398,District - Koraput (29),Age not stated,5060,2584,2476,4323,2195,2128,737,389,348
9481,C4114,21,399,District - Malkangiri   (30),All ages,613192,303624,309568,563664,277901,285763,49528,25723,23805
9482,C4114,21,399,District - Malkangiri   (30),0-4,74752,37782,36970,70141,35391,34750,4611,2391,2220
9483,C4114,21,399,District - Malkangiri   (30),5-9,84725,41808,42917,79379,39033,40346,5346,2775,2571
9484,C4114,21,399,District - Malkangiri   (30),10-14,69745,35419,34326,64307,32681,31626,5438,2738,2700
9485,C4114,21,399,District - Malkangiri   (30),15-19,51411,24564,26847,46988,22383,24605,4423,2181,2242
9486,C4114,21,399,District - Malkangiri   (30),20-24,50434,23686,26748,45877,21481,24396,4557,2205,2352
9487,C4114,21,399,District - Malkangiri   (30),25-29,50846,25640,25206,46109,23114,22995,4737,2526,2211
9488,C4114,21,399,District - Malkangiri   (30),30-34,41845,21166,20679,37707,18923,18784,4138,2243,1895
9489,C4114,21,399,District - Malkangiri   (30),35-39,40266,19967,20299,36448,17913,18535,3818,2054,1764
9490,C4114,21,399,District - Malkangiri   (30),40-44,35296,18665,16631,31872,16667,15205,3424,1998,1426
9491,C4114,21,399,District - Malkangiri   (30),45-49,28948,15196,13752,26422,13817,12605,2526,1379,1147
9492,C4114,21,399,District - Malkangiri   (30),50-54,21141,11263,9878,19222,10224,8998,1919,1039,880
9493,C4114,21,399,District - Malkangiri   (30),55-59,15648,7447,8201,14255,6723,7532,1393,724,669
9494,C4114,21,399,District - Malkangiri   (30),60-64,20365,8875,11490,19047,8266,10781,1318,609,709
9495,C4114,21,399,District - Malkangiri   (30),65-69,12704,5604,7100,11931,5246,6685,773,358,415
9496,C4114,21,399,District - Malkangiri   (30),70-74,7758,3332,4426,7191,3069,4122,567,263,304
9497,C4114,21,399,District - Malkangiri   (30),75-79,2677,1155,1522,2486,1074,1412,191,81,110
9498,C4114,21,399,District - Malkangiri   (30),80+,2991,1233,1758,2705,1107,1598,286,126,160
9499,C4114,21,399,District - Malkangiri   (30),Age not stated,1640,822,818,1577,789,788,63,33,30
9500,C4114,34,0,State - PUDUCHERRY (34),All ages,1247953,612511,635442,395200,194907,200293,852753,417604,435149
9501,C4114,34,0,State - PUDUCHERRY (34),0-4,93949,47703,46246,31526,16110,15416,62423,31593,30830
9502,C4114,34,0,State - PUDUCHERRY (34),5-9,98717,50327,48390,32968,16810,16158,65749,33517,32232
9503,C4114,34,0,State - PUDUCHERRY (34),10-14,105726,53936,51790,35351,17972,17379,70375,35964,34411
9504,C4114,34,0,State - PUDUCHERRY (34),15-19,102316,52231,50085,34019,17394,16625,68297,34837,33460
9505,C4114,34,0,State - PUDUCHERRY (34),20-24,108819,51287,57532,36272,17155,19117,72547,34132,38415
9506,C4114,34,0,State - PUDUCHERRY (34),25-29,118244,55052,63192,38840,18442,20398,79404,36610,42794
9507,C4114,34,0,State - PUDUCHERRY (34),30-34,111070,53761,57309,34114,16868,17246,76956,36893,40063
9508,C4114,34,0,State - PUDUCHERRY (34),35-39,107459,52655,54804,32946,16190,16756,74513,36465,38048
9509,C4114,34,0,State - PUDUCHERRY (34),40-44,89779,45482,44297,26217,13362,12855,63562,32120,31442
9510,C4114,34,0,State - PUDUCHERRY (34),45-49,79305,40625,38680,23828,12218,11610,55477,28407,27070
9511,C4114,34,0,State - PUDUCHERRY (34),50-54,60923,30858,30065,17462,8814,8648,43461,22044,21417
9512,C4114,34,0,State - PUDUCHERRY (34),55-59,50109,24615,25494,14711,7082,7629,35398,17533,17865
9513,C4114,34,0,State - PUDUCHERRY (34),60-64,43828,20498,23330,13161,6025,7136,30667,14473,16194
9514,C4114,34,0,State - PUDUCHERRY (34),65-69,27983,12154,15829,8733,3751,4982,19250,8403,10847
9515,C4114,34,0,State - PUDUCHERRY (34),70-74,22521,9861,12660,6993,3104,3889,15528,6757,8771
9516,C4114,34,0,State - PUDUCHERRY (34),75-79,12789,5494,7295,3604,1605,1999,9185,3889,5296
9517,C4114,34,0,State - PUDUCHERRY (34),80+,13315,5412,7903,3957,1747,2210,9358,3665,5693
9518,C4114,34,0,State - PUDUCHERRY (34),Age not stated,1101,560,541,498,258,240,603,302,301
9519,C4114,34,634,District - Yanam (01),All ages,55626,27301,28325,0,0,0,55626,27301,28325
9520,C4114,34,634,District - Yanam (01),0-4,4241,2235,2006,0,0,0,4241,2235,2006
9521,C4114,34,634,District - Yanam (01),5-9,5099,2564,2535,0,0,0,5099,2564,2535
9522,C4114,34,634,District - Yanam (01),10-14,5733,2889,2844,0,0,0,5733,2889,2844
9523,C4114,34,634,District - Yanam (01),15-19,5528,2765,2763,0,0,0,5528,2765,2763
9524,C4114,34,634,District - Yanam (01),20-24,5662,2509,3153,0,0,0,5662,2509,3153
9525,C4114,34,634,District - Yanam (01),25-29,5710,2646,3064,0,0,0,5710,2646,3064
9526,C4114,34,634,District - Yanam (01),30-34,4772,2420,2352,0,0,0,4772,2420,2352
9527,C4114,34,634,District - Yanam (01),35-39,4456,2297,2159,0,0,0,4456,2297,2159
9528,C4114,34,634,District - Yanam (01),40-44,3326,1743,1583,0,0,0,3326,1743,1583
9529,C4114,34,634,District - Yanam (01),45-49,2681,1392,1289,0,0,0,2681,1392,1289
9530,C4114,34,634,District - Yanam (01),50-54,2076,1040,1036,0,0,0,2076,1040,1036
9531,C4114,34,634,District - Yanam (01),55-59,1797,786,1011,0,0,0,1797,786,1011
9532,C4114,34,634,District - Yanam (01),60-64,1977,897,1080,0,0,0,1977,897,1080
9533,C4114,34,634,District - Yanam (01),65-69,1138,525,613,0,0,0,1138,525,613
9534,C4114,34,634,District - Yanam (01),70-74,742,326,416,0,0,0,742,326,416
9535,C4114,34,634,District - Yanam (01),75-79,358,151,207,0,0,0,358,151,207
9536,C4114,34,634,District - Yanam (01),80+,314,111,203,0,0,0,314,111,203
9537,C4114,34,634,District - Yanam (01),Age not stated,16,5,11,0,0,0,16,5,11
9538,C4114,34,635,District - Puducherry (02),All ages,950289,468258,482031,293080,144769,148311,657209,323489,333720
9539,C4114,34,635,District - Puducherry (02),0-4,70714,35821,34893,23415,11957,11458,47299,23864,23435
9540,C4114,34,635,District - Puducherry (02),5-9,74024,37892,36132,24510,12576,11934,49514,25316,24198
9541,C4114,34,635,District - Puducherry (02),10-14,79015,40443,38572,26256,13436,12820,52759,27007,25752
9542,C4114,34,635,District - Puducherry (02),15-19,76370,38958,37412,25152,12881,12271,51218,26077,25141
9543,C4114,34,635,District - Puducherry (02),20-24,82560,38958,43602,27276,12835,14441,55284,26123,29161
9544,C4114,34,635,District - Puducherry (02),25-29,91022,42471,48551,29162,13833,15329,61860,28638,33222
9545,C4114,34,635,District - Puducherry (02),30-34,86425,42071,44354,25931,12875,13056,60494,29196,31298
9546,C4114,34,635,District - Puducherry (02),35-39,83334,41102,42232,24825,12218,12607,58509,28884,29625
9547,C4114,34,635,District - Puducherry (02),40-44,68985,35281,33704,19258,9929,9329,49727,25352,24375
9548,C4114,34,635,District - Puducherry (02),45-49,61002,31428,29574,17413,8992,8421,43589,22436,21153
9549,C4114,34,635,District - Puducherry (02),50-54,46662,23907,22755,12546,6407,6139,34116,17500,16616
9550,C4114,34,635,District - Puducherry (02),55-59,38109,18929,19180,10544,5047,5497,27565,13882,13683
9551,C4114,34,635,District - Puducherry (02),60-64,32945,15423,17522,9567,4276,5291,23378,11147,12231
9552,C4114,34,635,District - Puducherry (02),65-69,21069,9179,11890,6360,2691,3669,14709,6488,8221
9553,C4114,34,635,District - Puducherry (02),70-74,17224,7546,9678,5099,2242,2857,12125,5304,6821
9554,C4114,34,635,District - Puducherry (02),75-79,9847,4263,5584,2602,1161,1441,7245,3102,4143
9555,C4114,34,635,District - Puducherry (02),80+,10348,4264,6084,2903,1277,1626,7445,2987,4458
9556,C4114,34,635,District - Puducherry (02),Age not stated,634,322,312,261,136,125,373,186,187
9557,C4114,34,636,District - Mahe (03),All ages,41816,19143,22673,0,0,0,41816,19143,22673
9558,C4114,34,636,District - Mahe (03),0-4,3219,1623,1596,0,0,0,3219,1623,1596
9559,C4114,34,636,District - Mahe (03),5-9,3270,1692,1578,0,0,0,3270,1692,1578
9560,C4114,34,636,District - Mahe (03),10-14,3525,1823,1702,0,0,0,3525,1823,1702
9561,C4114,34,636,District - Mahe (03),15-19,3194,1658,1536,0,0,0,3194,1658,1536
9562,C4114,34,636,District - Mahe (03),20-24,3313,1529,1784,0,0,0,3313,1529,1784
9563,C4114,34,636,District - Mahe (03),25-29,3239,1325,1914,0,0,0,3239,1325,1914
9564,C4114,34,636,District - Mahe (03),30-34,3341,1312,2029,0,0,0,3341,1312,2029
9565,C4114,34,636,District - Mahe (03),35-39,3357,1361,1996,0,0,0,3357,1361,1996
9566,C4114,34,636,District - Mahe (03),40-44,3036,1284,1752,0,0,0,3036,1284,1752
9567,C4114,34,636,District - Mahe (03),45-49,2809,1304,1505,0,0,0,2809,1304,1505
9568,C4114,34,636,District - Mahe (03),50-54,2316,1084,1232,0,0,0,2316,1084,1232
9569,C4114,34,636,District - Mahe (03),55-59,2085,948,1137,0,0,0,2085,948,1137
9570,C4114,34,636,District - Mahe (03),60-64,1810,846,964,0,0,0,1810,846,964
9571,C4114,34,636,District - Mahe (03),65-69,1204,514,690,0,0,0,1204,514,690
9572,C4114,34,636,District - Mahe (03),70-74,884,403,481,0,0,0,884,403,481
9573,C4114,34,636,District - Mahe (03),75-79,573,225,348,0,0,0,573,225,348
9574,C4114,34,636,District - Mahe (03),80+,556,169,387,0,0,0,556,169,387
9575,C4114,34,636,District - Mahe (03),Age not stated,85,43,42,0,0,0,85,43,42
9576,C4114,34,637,District - Karaikal (04),All ages,200222,97809,102413,102120,50138,51982,98102,47671,50431
9577,C4114,34,637,District - Karaikal (04),0-4,15775,8024,7751,8111,4153,3958,7664,3871,3793
9578,C4114,34,637,District - Karaikal (04),5-9,16324,8179,8145,8458,4234,4224,7866,3945,3921
9579,C4114,34,637,District - Karaikal (04),10-14,17453,8781,8672,9095,4536,4559,8358,4245,4113
9580,C4114,34,637,District - Karaikal (04),15-19,17224,8850,8374,8867,4513,4354,8357,4337,4020
9581,C4114,34,637,District - Karaikal (04),20-24,17284,8291,8993,8996,4320,4676,8288,3971,4317
9582,C4114,34,637,District - Karaikal (04),25-29,18273,8610,9663,9678,4609,5069,8595,4001,4594
9583,C4114,34,637,District - Karaikal (04),30-34,16532,7958,8574,8183,3993,4190,8349,3965,4384
9584,C4114,34,637,District - Karaikal (04),35-39,16312,7895,8417,8121,3972,4149,8191,3923,4268
9585,C4114,34,637,District - Karaikal (04),40-44,14432,7174,7258,6959,3433,3526,7473,3741,3732
9586,C4114,34,637,District - Karaikal (04),45-49,12813,6501,6312,6415,3226,3189,6398,3275,3123
9587,C4114,34,637,District - Karaikal (04),50-54,9869,4827,5042,4916,2407,2509,4953,2420,2533
9588,C4114,34,637,District - Karaikal (04),55-59,8118,3952,4166,4167,2035,2132,3951,1917,2034
9589,C4114,34,637,District - Karaikal (04),60-64,7096,3332,3764,3594,1749,1845,3502,1583,1919
9590,C4114,34,637,District - Karaikal (04),65-69,4572,1936,2636,2373,1060,1313,2199,876,1323
9591,C4114,34,637,District - Karaikal (04),70-74,3671,1586,2085,1894,862,1032,1777,724,1053
9592,C4114,34,637,District - Karaikal (04),75-79,2011,855,1156,1002,444,558,1009,411,598
9593,C4114,34,637,District - Karaikal (04),80+,2097,868,1229,1054,470,584,1043,398,645
9594,C4114,34,637,District - Karaikal (04),Age not stated,366,190,176,237,122,115,129,68,61
9595,C4114,11,0,State - SIKKIM (11),All ages,610577,323070,287507,456999,242797,214202,153578,80273,73305
9596,C4114,11,0,State - SIKKIM (11),0-4,42336,21685,20651,32382,16541,15841,9954,5144,4810
9597,C4114,11,0,State - SIKKIM (11),5-9,56678,28688,27990,44158,22334,21824,12520,6354,6166
9598,C4114,11,0,State - SIKKIM (11),10-14,66923,33965,32958,52191,26588,25603,14732,7377,7355
9599,C4114,11,0,State - SIKKIM (11),15-19,66937,33998,32939,50759,25943,24816,16178,8055,8123
9600,C4114,11,0,State - SIKKIM (11),20-24,67297,35146,32151,49839,26301,23538,17458,8845,8613
9601,C4114,11,0,State - SIKKIM (11),25-29,64639,34700,29939,46628,25475,21153,18011,9225,8786
9602,C4114,11,0,State - SIKKIM (11),30-34,52225,28562,23663,37412,20788,16624,14813,7774,7039
9603,C4114,11,0,State - SIKKIM (11),35-39,43627,23396,20231,30928,16613,14315,12699,6783,5916
9604,C4114,11,0,State - SIKKIM (11),40-44,36552,20170,16382,26111,14402,11709,10441,5768,4673
9605,C4114,11,0,State - SIKKIM (11),45-49,29462,16114,13348,21104,11394,9710,8358,4720,3638
9606,C4114,11,0,State - SIKKIM (11),50-54,24432,13624,10808,18081,10021,8060,6351,3603,2748
9607,C4114,11,0,State - SIKKIM (11),55-59,17541,9913,7628,13219,7390,5829,4322,2523,1799
9608,C4114,11,0,State - SIKKIM (11),60-64,13550,7441,6109,10875,5971,4904,2675,1470,1205
9609,C4114,11,0,State - SIKKIM (11),65-69,10483,5593,4890,8532,4584,3948,1951,1009,942
9610,C4114,11,0,State - SIKKIM (11),70-74,7561,4304,3257,6280,3624,2656,1281,680,601
9611,C4114,11,0,State - SIKKIM (11),75-79,4516,2556,1960,3736,2150,1586,780,406,374
9612,C4114,11,0,State - SIKKIM (11),80+,4642,2578,2064,3777,2147,1630,865,431,434
9613,C4114,11,0,State - SIKKIM (11),Age not stated,1176,637,539,987,531,456,189,106,83
9614,C4114,11,241,District - North  District (01),All ages,43709,24730,18979,39065,22274,16791,4644,2456,2188
9615,C4114,11,241,District - North  District (01),0-4,3083,1580,1503,2707,1388,1319,376,192,184
9616,C4114,11,241,District - North  District (01),5-9,4154,2080,2074,3608,1792,1816,546,288,258
9617,C4114,11,241,District - North  District (01),10-14,4952,2455,2497,4321,2134,2187,631,321,310
9618,C4114,11,241,District - North  District (01),15-19,4841,2581,2260,4234,2261,1973,607,320,287
9619,C4114,11,241,District - North  District (01),20-24,4983,2918,2065,4521,2676,1845,462,242,220
9620,C4114,11,241,District - North  District (01),25-29,5086,3089,1997,4649,2882,1767,437,207,230
9621,C4114,11,241,District - North  District (01),30-34,3794,2446,1348,3437,2251,1186,357,195,162
9622,C4114,11,241,District - North  District (01),35-39,3257,1964,1293,2894,1782,1112,363,182,181
9623,C4114,11,241,District - North  District (01),40-44,2674,1649,1025,2400,1489,911,274,160,114
9624,C4114,11,241,District - North  District (01),45-49,1949,1144,805,1756,1029,727,193,115,78
9625,C4114,11,241,District - North  District (01),50-54,1565,904,661,1412,810,602,153,94,59
9626,C4114,11,241,District - North  District (01),55-59,1056,618,438,964,555,409,92,63,29
9627,C4114,11,241,District - North  District (01),60-64,772,407,365,720,381,339,52,26,26
9628,C4114,11,241,District - North  District (01),65-69,549,307,242,510,285,225,39,22,17
9629,C4114,11,241,District - North  District (01),70-74,388,216,172,364,202,162,24,14,10
9630,C4114,11,241,District - North  District (01),75-79,258,145,113,240,136,104,18,9,9
9631,C4114,11,241,District - North  District (01),80+,299,200,99,285,195,90,14,5,9
9632,C4114,11,241,District - North  District (01),Age not stated,49,27,22,43,26,17,6,1,5
9633,C4114,11,242,District - West District (02),All ages,136435,70238,66197,131187,67528,63659,5248,2710,2538
9634,C4114,11,242,District - West District (02),0-4,10370,5287,5083,10014,5112,4902,356,175,181
9635,C4114,11,242,District - West District (02),5-9,14184,7222,6962,13703,6974,6729,481,248,233
9636,C4114,11,242,District - West District (02),10-14,16863,8570,8293,16305,8299,8006,558,271,287
9637,C4114,11,242,District - West District (02),15-19,15536,7916,7620,14918,7608,7310,618,308,310
9638,C4114,11,242,District - West District (02),20-24,14336,7169,7167,13746,6872,6874,590,297,293
9639,C4114,11,242,District - West District (02),25-29,12920,6525,6395,12342,6257,6085,578,268,310
9640,C4114,11,242,District - West District (02),30-34,10370,5215,5155,9916,4982,4934,454,233,221
9641,C4114,11,242,District - West District (02),35-39,8615,4393,4222,8256,4198,4058,359,195,164
9642,C4114,11,242,District - West District (02),40-44,7372,3877,3495,7050,3710,3340,322,167,155
9643,C4114,11,242,District - West District (02),45-49,6163,3277,2886,5881,3105,2776,282,172,110
9644,C4114,11,242,District - West District (02),50-54,5415,2956,2459,5202,2824,2378,213,132,81
9645,C4114,11,242,District - West District (02),55-59,4058,2211,1847,3905,2116,1789,153,95,58
9646,C4114,11,242,District - West District (02),60-64,3445,1861,1584,3364,1823,1541,81,38,43
9647,C4114,11,242,District - West District (02),65-69,2465,1331,1134,2394,1295,1099,71,36,35
9648,C4114,11,242,District - West District (02),70-74,1899,1089,810,1839,1053,786,60,36,24
9649,C4114,11,242,District - West District (02),75-79,1080,611,469,1059,600,459,21,11,10
9650,C4114,11,242,District - West District (02),80+,1038,574,464,996,550,446,42,24,18
9651,C4114,11,242,District - West District (02),Age not stated,306,154,152,297,150,147,9,4,5
9652,C4114,11,243,District - South District (03),All ages,146850,76670,70180,125651,65848,59803,21199,10822,10377
9653,C4114,11,243,District - South District (03),0-4,10236,5273,4963,8899,4573,4326,1337,700,637
9654,C4114,11,243,District - South District (03),5-9,14463,7311,7152,12667,6405,6262,1796,906,890
9655,C4114,11,243,District - South District (03),10-14,16837,8557,8280,14607,7409,7198,2230,1148,1082
9656,C4114,11,243,District - South District (03),15-19,16412,8310,8102,14087,7124,6963,2325,1186,1139
9657,C4114,11,243,District - South District (03),20-24,15829,8291,7538,13481,7135,6346,2348,1156,1192
9658,C4114,11,243,District - South District (03),25-29,14205,7236,6969,11931,6162,5769,2274,1074,1200
9659,C4114,11,243,District - South District (03),30-34,11780,6154,5626,9788,5182,4606,1992,972,1020
9660,C4114,11,243,District - South District (03),35-39,10039,5132,4907,8336,4293,4043,1703,839,864
9661,C4114,11,243,District - South District (03),40-44,8481,4595,3886,7041,3845,3196,1440,750,690
9662,C4114,11,243,District - South District (03),45-49,7018,3769,3249,5847,3111,2736,1171,658,513
9663,C4114,11,243,District - South District (03),50-54,5930,3316,2614,5036,2816,2220,894,500,394
9664,C4114,11,243,District - South District (03),55-59,4314,2436,1878,3715,2086,1629,599,350,249
9665,C4114,11,243,District - South District (03),60-64,3573,1983,1590,3173,1768,1405,400,215,185
9666,C4114,11,243,District - South District (03),65-69,2788,1517,1271,2519,1366,1153,269,151,118
9667,C4114,11,243,District - South District (03),70-74,1960,1135,825,1812,1055,757,148,80,68
9668,C4114,11,243,District - South District (03),75-79,1197,681,516,1094,627,467,103,54,49
9669,C4114,11,243,District - South District (03),80+,1220,664,556,1112,612,500,108,52,56
9670,C4114,11,243,District - South District (03),Age not stated,568,310,258,506,279,227,62,31,31
9671,C4114,11,244,District - East District (04),All ages,283583,151432,132151,161096,87147,73949,122487,64285,58202
9672,C4114,11,244,District - East District (04),0-4,18647,9545,9102,10762,5468,5294,7885,4077,3808
9673,C4114,11,244,District - East District (04),5-9,23877,12075,11802,14180,7163,7017,9697,4912,4785
9674,C4114,11,244,District - East District (04),10-14,28271,14383,13888,16958,8746,8212,11313,5637,5676
9675,C4114,11,244,District - East District (04),15-19,30148,15191,14957,17520,8950,8570,12628,6241,6387
9676,C4114,11,244,District - East District (04),20-24,32149,16768,15381,18091,9618,8473,14058,7150,6908
9677,C4114,11,244,District - East District (04),25-29,32428,17850,14578,17706,10174,7532,14722,7676,7046
9678,C4114,11,244,District - East District (04),30-34,26281,14747,11534,14271,8373,5898,12010,6374,5636
9679,C4114,11,244,District - East District (04),35-39,21716,11907,9809,11442,6340,5102,10274,5567,4707
9680,C4114,11,244,District - East District (04),40-44,18025,10049,7976,9620,5358,4262,8405,4691,3714
9681,C4114,11,244,District - East District (04),45-49,14332,7924,6408,7620,4149,3471,6712,3775,2937
9682,C4114,11,244,District - East District (04),50-54,11522,6448,5074,6431,3571,2860,5091,2877,2214
9683,C4114,11,244,District - East District (04),55-59,8113,4648,3465,4635,2633,2002,3478,2015,1463
9684,C4114,11,244,District - East District (04),60-64,5760,3190,2570,3618,1999,1619,2142,1191,951
9685,C4114,11,244,District - East District (04),65-69,4681,2438,2243,3109,1638,1471,1572,800,772
9686,C4114,11,244,District - East District (04),70-74,3314,1864,1450,2265,1314,951,1049,550,499
9687,C4114,11,244,District - East District (04),75-79,1981,1119,862,1343,787,556,638,332,306
9688,C4114,11,244,District - East District (04),80+,2085,1140,945,1384,790,594,701,350,351
9689,C4114,11,244,District - East District (04),Age not stated,253,146,107,141,76,65,112,70,42
9690,C4114,3,0,State - PUNJAB (03),All ages,27743338,14639465,13103873,17344192,9093476,8250716,10399146,5545989,4853157
9691,C4114,3,0,State - PUNJAB (03),0-4,2133529,1149956,983573,1351369,729984,621385,782160,419972,362188
9692,C4114,3,0,State - PUNJAB (03),5-9,2368019,1301682,1066337,1507022,827905,679117,860997,473777,387220
9693,C4114,3,0,State - PUNJAB (03),10-14,2583402,1445530,1137872,1668828,931366,737462,914574,514164,400410
9694,C4114,3,0,State - PUNJAB (03),15-19,2817683,1570180,1247503,1814427,1003831,810596,1003256,566349,436907
9695,C4114,3,0,State - PUNJAB (03),20-24,2776636,1465531,1311105,1706833,888739,818094,1069803,576792,493011
9696,C4114,3,0,State - PUNJAB (03),25-29,2463861,1270405,1193456,1455456,738196,717260,1008405,532209,476196
9697,C4114,3,0,State - PUNJAB (03),30-34,2116539,1082533,1034006,1263506,636268,627238,853033,446265,406768
9698,C4114,3,0,State - PUNJAB (03),35-39,1989071,1010862,978209,1202842,604249,598593,786229,406613,379616
9699,C4114,3,0,State - PUNJAB (03),40-44,1788469,909208,879261,1102644,555906,546738,685825,353302,332523
9700,C4114,3,0,State - PUNJAB (03),45-49,1587771,818135,769636,964942,495583,469359,622829,322552,300277
9701,C4114,3,0,State - PUNJAB (03),50-54,1254464,663664,590800,749857,397863,351994,504607,265801,238806
9702,C4114,3,0,State - PUNJAB (03),55-59,956555,485845,470710,569146,283796,285350,387409,202049,185360
9703,C4114,3,0,State - PUNJAB (03),60-64,996590,482483,514107,654729,309825,344904,341861,172658,169203
9704,C4114,3,0,State - PUNJAB (03),65-69,719588,372806,346782,496111,257824,238287,223477,114982,108495
9705,C4114,3,0,State - PUNJAB (03),70-74,513472,272120,241352,356117,191121,164996,157355,80999,76356
9706,C4114,3,0,State - PUNJAB (03),75-79,256666,130203,126463,175972,89364,86608,80694,40839,39855
9707,C4114,3,0,State - PUNJAB (03),80+,379501,186050,193451,274781,135823,138958,104720,50227,54493
9708,C4114,3,0,State - PUNJAB (03),Age not stated,41522,22272,19250,29610,15833,13777,11912,6439,5473
9709,C4114,3,35,District - Gurdaspur (01),All ages,2298323,1212617,1085706,1639004,855784,783220,659319,356833,302486
9710,C4114,3,35,District - Gurdaspur (01),0-4,175512,95832,79680,130195,71052,59143,45317,24780,20537
9711,C4114,3,35,District - Gurdaspur (01),5-9,198026,110328,87698,147618,82101,65517,50408,28227,22181
9712,C4114,3,35,District - Gurdaspur (01),10-14,216513,122057,94456,161673,90702,70971,54840,31355,23485
9713,C4114,3,35,District - Gurdaspur (01),15-19,238781,132502,106279,176551,97722,78829,62230,34780,27450
9714,C4114,3,35,District - Gurdaspur (01),20-24,228261,118828,109433,159557,81323,78234,68704,37505,31199
9715,C4114,3,35,District - Gurdaspur (01),25-29,204328,104866,99462,137390,67542,69848,66938,37324,29614
9716,C4114,3,35,District - Gurdaspur (01),30-34,172023,88138,83885,116724,57361,59363,55299,30777,24522
9717,C4114,3,35,District - Gurdaspur (01),35-39,164964,82963,82001,114920,56630,58290,50044,26333,23711
9718,C4114,3,35,District - Gurdaspur (01),40-44,146627,74602,72025,102452,51450,51002,44175,23152,21023
9719,C4114,3,35,District - Gurdaspur (01),45-49,127739,66238,61501,87894,45541,42353,39845,20697,19148
9720,C4114,3,35,District - Gurdaspur (01),50-54,97948,51828,46120,65812,35010,30802,32136,16818,15318
9721,C4114,3,35,District - Gurdaspur (01),55-59,77086,38905,38181,51505,25483,26022,25581,13422,12159
9722,C4114,3,35,District - Gurdaspur (01),60-64,83842,39568,44274,61023,28303,32720,22819,11265,11554
9723,C4114,3,35,District - Gurdaspur (01),65-69,62915,32538,30377,47290,24618,22672,15625,7920,7705
9724,C4114,3,35,District - Gurdaspur (01),70-74,45002,23915,21087,33769,18324,15445,11233,5591,5642
9725,C4114,3,35,District - Gurdaspur (01),75-79,21475,10860,10615,15943,8099,7844,5532,2761,2771
9726,C4114,3,35,District - Gurdaspur (01),80+,35033,17411,17622,26903,13529,13374,8130,3882,4248
9727,C4114,3,35,District - Gurdaspur (01),Age not stated,2248,1238,1010,1785,994,791,463,244,219
9728,C4114,3,36,District - Kapurthala  (02),All ages,815168,426311,388857,532706,275932,256774,282462,150379,132083
9729,C4114,3,36,District - Kapurthala  (02),0-4,59343,31568,27775,39600,21186,18414,19743,10382,9361
9730,C4114,3,36,District - Kapurthala  (02),5-9,68311,37194,31117,45803,25028,20775,22508,12166,10342
9731,C4114,3,36,District - Kapurthala  (02),10-14,76090,42973,33117,51232,28808,22424,24858,14165,10693
9732,C4114,3,36,District - Kapurthala  (02),15-19,82963,46375,36588,55578,30875,24703,27385,15500,11885
9733,C4114,3,36,District - Kapurthala  (02),20-24,78513,40779,37734,50596,25781,24815,27917,14998,12919
9734,C4114,3,36,District - Kapurthala  (02),25-29,68111,34771,33340,42117,20896,21221,25994,13875,12119
9735,C4114,3,36,District - Kapurthala  (02),30-34,59221,29836,29385,37136,18025,19111,22085,11811,10274
9736,C4114,3,36,District - Kapurthala  (02),35-39,57703,28557,29146,36880,18048,18832,20823,10509,10314
9737,C4114,3,36,District - Kapurthala  (02),40-44,55258,27307,27951,35380,17362,18018,19878,9945,9933
9738,C4114,3,36,District - Kapurthala  (02),45-49,50142,25508,24634,31499,15781,15718,18643,9727,8916
9739,C4114,3,36,District - Kapurthala  (02),50-54,40405,21078,19327,25373,13056,12317,15032,8022,7010
9740,C4114,3,36,District - Kapurthala  (02),55-59,30586,15790,14796,19242,9788,9454,11344,6002,5342
9741,C4114,3,36,District - Kapurthala  (02),60-64,28986,14311,14675,19577,9448,10129,9409,4863,4546
9742,C4114,3,36,District - Kapurthala  (02),65-69,21023,10514,10509,14872,7451,7421,6151,3063,3088
9743,C4114,3,36,District - Kapurthala  (02),70-74,15961,8324,7637,11411,6036,5375,4550,2288,2262
9744,C4114,3,36,District - Kapurthala  (02),75-79,8277,4251,4026,5874,3025,2849,2403,1226,1177
9745,C4114,3,36,District - Kapurthala  (02),80+,12595,6278,6317,9240,4660,4580,3355,1618,1737
9746,C4114,3,36,District - Kapurthala  (02),Age not stated,1680,897,783,1296,678,618,384,219,165
9747,C4114,3,37,District - Jalandhar (03),All ages,2193590,1145211,1048379,1032419,528790,503629,1161171,616421,544750
9748,C4114,3,37,District - Jalandhar (03),0-4,156315,83259,73056,72594,38480,34114,83721,44779,38942
9749,C4114,3,37,District - Jalandhar (03),5-9,177339,96227,81112,84572,45601,38971,92767,50626,42141
9750,C4114,3,37,District - Jalandhar (03),10-14,193885,108015,85870,95389,52849,42540,98496,55166,43330
9751,C4114,3,37,District - Jalandhar (03),15-19,214709,118410,96299,105319,57080,48239,109390,61330,48060
9752,C4114,3,37,District - Jalandhar (03),20-24,219034,115162,103872,99802,50875,48927,119232,64287,54945
9753,C4114,3,37,District - Jalandhar (03),25-29,197874,101215,96659,84705,41669,43036,113169,59546,53623
9754,C4114,3,37,District - Jalandhar (03),30-34,170689,86548,84141,74076,36372,37704,96613,50176,46437
9755,C4114,3,37,District - Jalandhar (03),35-39,164004,83009,80995,73771,36170,37601,90233,46839,43394
9756,C4114,3,37,District - Jalandhar (03),40-44,147919,74007,73912,69567,33792,35775,78352,40215,38137
9757,C4114,3,37,District - Jalandhar (03),45-49,133819,67687,66132,62697,31024,31673,71122,36663,34459
9758,C4114,3,37,District - Jalandhar (03),50-54,109668,56890,52778,50959,26180,24779,58709,30710,27999
9759,C4114,3,37,District - Jalandhar (03),55-59,83781,43375,40406,39343,19877,19466,44438,23498,20940
9760,C4114,3,37,District - Jalandhar (03),60-64,77479,37922,39557,39143,18580,20563,38336,19342,18994
9761,C4114,3,37,District - Jalandhar (03),65-69,54431,27384,27047,28955,14536,14419,25476,12848,12628
9762,C4114,3,37,District - Jalandhar (03),70-74,40280,20388,19892,22083,11207,10876,18197,9181,9016
9763,C4114,3,37,District - Jalandhar (03),75-79,21528,10848,10680,11852,5975,5877,9676,4873,4803
9764,C4114,3,37,District - Jalandhar (03),80+,29282,13997,15285,16942,8156,8786,12340,5841,6499
9765,C4114,3,37,District - Jalandhar (03),Age not stated,1554,868,686,650,367,283,904,501,403
9766,C4114,3,38,District - Hoshiarpur (04),All ages,1586625,809057,777568,1251656,634470,617186,334969,174587,160382
9767,C4114,3,38,District - Hoshiarpur (04),0-4,116881,62378,54503,93040,49684,43356,23841,12694,11147
9768,C4114,3,38,District - Hoshiarpur (04),5-9,132288,72081,60207,106023,57629,48394,26265,14452,11813
9769,C4114,3,38,District - Hoshiarpur (04),10-14,143934,79682,64252,115955,64194,51761,27979,15488,12491
9770,C4114,3,38,District - Hoshiarpur (04),15-19,159379,86586,72793,127690,68826,58864,31689,17760,13929
9771,C4114,3,38,District - Hoshiarpur (04),20-24,150142,75478,74664,116900,58054,58846,33242,17424,15818
9772,C4114,3,38,District - Hoshiarpur (04),25-29,129117,61377,67740,98714,45951,52763,30403,15426,14977
9773,C4114,3,38,District - Hoshiarpur (04),30-34,114288,54635,59653,88140,41432,46708,26148,13203,12945
9774,C4114,3,38,District - Hoshiarpur (04),35-39,110698,53045,57653,86288,40924,45364,24410,12121,12289
9775,C4114,3,38,District - Hoshiarpur (04),40-44,102996,49738,53258,80890,38766,42124,22106,10972,11134
9776,C4114,3,38,District - Hoshiarpur (04),45-49,94800,46677,48123,73623,36230,37393,21177,10447,10730
9777,C4114,3,38,District - Hoshiarpur (04),50-54,80535,40922,39613,61807,31363,30444,18728,9559,9169
9778,C4114,3,38,District - Hoshiarpur (04),55-59,64648,33693,30955,49538,25672,23866,15110,8021,7089
9779,C4114,3,38,District - Hoshiarpur (04),60-64,60599,29708,30891,48128,23329,24799,12471,6379,6092
9780,C4114,3,38,District - Hoshiarpur (04),65-69,43634,22181,21453,35686,18125,17561,7948,4056,3892
9781,C4114,3,38,District - Hoshiarpur (04),70-74,33969,17098,16871,28222,14222,14000,5747,2876,2871
9782,C4114,3,38,District - Hoshiarpur (04),75-79,18815,9536,9279,15568,7886,7682,3247,1650,1597
9783,C4114,3,38,District - Hoshiarpur (04),80+,28471,13481,14990,24214,11539,12675,4257,1942,2315
9784,C4114,3,38,District - Hoshiarpur (04),Age not stated,1431,761,670,1230,644,586,201,117,84
9785,C4114,3,39,District - Shahid Bhagat Singh Nagar  (05),All ages,612310,313291,299019,486894,248118,238776,125416,65173,60243
9786,C4114,3,39,District - Shahid Bhagat Singh Nagar  (05),0-4,43583,22890,20693,34405,18082,16323,9178,4808,4370
9787,C4114,3,39,District - Shahid Bhagat Singh Nagar  (05),5-9,48954,26749,22205,38584,21071,17513,10370,5678,4692
9788,C4114,3,39,District - Shahid Bhagat Singh Nagar  (05),10-14,54662,30288,24374,43367,24009,19358,11295,6279,5016
9789,C4114,3,39,District - Shahid Bhagat Singh Nagar  (05),15-19,61179,33081,28098,48816,26249,22567,12363,6832,5531
9790,C4114,3,39,District - Shahid Bhagat Singh Nagar  (05),20-24,59848,30444,29404,47144,23851,23293,12704,6593,6111
9791,C4114,3,39,District - Shahid Bhagat Singh Nagar  (05),25-29,50371,24646,25725,39255,19072,20183,11116,5574,5542
9792,C4114,3,39,District - Shahid Bhagat Singh Nagar  (05),30-34,43785,21455,22330,34342,16641,17701,9443,4814,4629
9793,C4114,3,39,District - Shahid Bhagat Singh Nagar  (05),35-39,42919,20944,21975,33949,16463,17486,8970,4481,4489
9794,C4114,3,39,District - Shahid Bhagat Singh Nagar  (05),40-44,40028,19551,20477,31740,15431,16309,8288,4120,4168
9795,C4114,3,39,District - Shahid Bhagat Singh Nagar  (05),45-49,36573,18025,18548,28844,14162,14682,7729,3863,3866
9796,C4114,3,39,District - Shahid Bhagat Singh Nagar  (05),50-54,30704,15680,15024,24093,12347,11746,6611,3333,3278
9797,C4114,3,39,District - Shahid Bhagat Singh Nagar  (05),55-59,23785,12440,11345,18697,9710,8987,5088,2730,2358
9798,C4114,3,39,District - Shahid Bhagat Singh Nagar  (05),60-64,23381,11008,12373,19177,8865,10312,4204,2143,2061
9799,C4114,3,39,District - Shahid Bhagat Singh Nagar  (05),65-69,17754,8917,8837,14913,7531,7382,2841,1386,1455
9800,C4114,3,39,District - Shahid Bhagat Singh Nagar  (05),70-74,13872,6941,6931,11705,5836,5869,2167,1105,1062
9801,C4114,3,39,District - Shahid Bhagat Singh Nagar  (05),75-79,7467,3714,3753,6368,3166,3202,1099,548,551
9802,C4114,3,39,District - Shahid Bhagat Singh Nagar  (05),80+,11347,5440,5907,9716,4709,5007,1631,731,900
9803,C4114,3,39,District - Shahid Bhagat Singh Nagar  (05),Age not stated,2098,1078,1020,1779,923,856,319,155,164
9804,C4114,3,40,District - Fatehgarh Sahib (06),All ages,600163,320795,279368,414681,220050,194631,185482,100745,84737
9805,C4114,3,40,District - Fatehgarh Sahib (06),0-4,44287,23891,20396,29908,16189,13719,14379,7702,6677
9806,C4114,3,40,District - Fatehgarh Sahib (06),5-9,48068,26544,21524,32832,18169,14663,15236,8375,6861
9807,C4114,3,40,District - Fatehgarh Sahib (06),10-14,52731,29984,22747,36436,20762,15674,16295,9222,7073
9808,C4114,3,40,District - Fatehgarh Sahib (06),15-19,59446,33707,25739,41627,23311,18316,17819,10396,7423
9809,C4114,3,40,District - Fatehgarh Sahib (06),20-24,61146,32752,28394,41524,21808,19716,19622,10944,8678
9810,C4114,3,40,District - Fatehgarh Sahib (06),25-29,55340,29049,26291,36708,19024,17684,18632,10025,8607
9811,C4114,3,40,District - Fatehgarh Sahib (06),30-34,46899,24476,22423,31304,16086,15218,15595,8390,7205
9812,C4114,3,40,District - Fatehgarh Sahib (06),35-39,44101,22789,21312,29969,15261,14708,14132,7528,6604
9813,C4114,3,40,District - Fatehgarh Sahib (06),40-44,39859,20459,19400,27560,13976,13584,12299,6483,5816
9814,C4114,3,40,District - Fatehgarh Sahib (06),45-49,35922,18888,17034,24970,13124,11846,10952,5764,5188
9815,C4114,3,40,District - Fatehgarh Sahib (06),50-54,27642,14767,12875,19021,10089,8932,8621,4678,3943
9816,C4114,3,40,District - Fatehgarh Sahib (06),55-59,20618,10661,9957,14034,7191,6843,6584,3470,3114
9817,C4114,3,40,District - Fatehgarh Sahib (06),60-64,21515,10345,11170,15837,7498,8339,5678,2847,2831
9818,C4114,3,40,District - Fatehgarh Sahib (06),65-69,15879,8305,7574,12345,6486,5859,3534,1819,1715
9819,C4114,3,40,District - Fatehgarh Sahib (06),70-74,11272,6053,5219,8728,4749,3979,2544,1304,1240
9820,C4114,3,40,District - Fatehgarh Sahib (06),75-79,5865,3102,2763,4505,2417,2088,1360,685,675
9821,C4114,3,40,District - Fatehgarh Sahib (06),80+,8237,4305,3932,6461,3427,3034,1776,878,898
9822,C4114,3,40,District - Fatehgarh Sahib (06),Age not stated,1336,718,618,912,483,429,424,235,189
9823,C4114,3,41,District - Ludhiana (07),All ages,3498739,1867816,1630923,1429031,753444,675587,2069708,1114372,955336
9824,C4114,3,41,District - Ludhiana (07),0-4,264641,141677,122964,103157,55350,47807,161484,86327,75157
9825,C4114,3,41,District - Ludhiana (07),5-9,297616,162100,135516,117133,63698,53435,180483,98402,82081
9826,C4114,3,41,District - Ludhiana (07),10-14,317941,177002,140939,130856,72492,58364,187085,104510,82575
9827,C4114,3,41,District - Ludhiana (07),15-19,342041,193736,148305,143483,79427,64056,198558,114309,84249
9828,C4114,3,41,District - Ludhiana (07),20-24,351563,190246,161317,140009,74181,65828,211554,116065,95489
9829,C4114,3,41,District - Ludhiana (07),25-29,327726,171965,155761,123993,64260,59733,203733,107705,96028
9830,C4114,3,41,District - Ludhiana (07),30-34,282330,146677,135653,107221,55074,52147,175109,91603,83506
9831,C4114,3,41,District - Ludhiana (07),35-39,263984,137441,126543,100282,51481,48801,163702,85960,77742
9832,C4114,3,41,District - Ludhiana (07),40-44,227941,118022,109919,91800,46224,45576,136141,71798,64343
9833,C4114,3,41,District - Ludhiana (07),45-49,205791,107637,98154,84328,43268,41060,121463,64369,57094
9834,C4114,3,41,District - Ludhiana (07),50-54,163750,86954,76796,68542,35974,32568,95208,50980,44228
9835,C4114,3,41,District - Ludhiana (07),55-59,125712,65573,60139,53488,27607,25881,72224,37966,34258
9836,C4114,3,41,District - Ludhiana (07),60-64,116959,58498,58461,55246,26740,28506,61713,31758,29955
9837,C4114,3,41,District - Ludhiana (07),65-69,80730,42515,38215,41053,21740,19313,39677,20775,18902
9838,C4114,3,41,District - Ludhiana (07),70-74,56555,30059,26496,29368,15789,13579,27187,14270,12917
9839,C4114,3,41,District - Ludhiana (07),75-79,30131,15801,14330,15369,8096,7273,14762,7705,7057
9840,C4114,3,41,District - Ludhiana (07),80+,40421,20143,20278,22493,11270,11223,17928,8873,9055
9841,C4114,3,41,District - Ludhiana (07),Age not stated,2907,1770,1137,1210,773,437,1697,997,700
9842,C4114,3,42,District - Moga (08),All ages,995746,525920,469826,768500,405704,362796,227246,120216,107030
9843,C4114,3,42,District - Moga (08),0-4,74072,39681,34391,57061,30495,26566,17011,9186,7825
9844,C4114,3,42,District - Moga (08),5-9,84562,46051,38511,65468,35613,29855,19094,10438,8656
9845,C4114,3,42,District - Moga (08),10-14,92877,51215,41662,72307,39688,32619,20570,11527,9043
9846,C4114,3,42,District - Moga (08),15-19,99887,55421,44466,77829,43069,34760,22058,12352,9706
9847,C4114,3,42,District - Moga (08),20-24,98637,52954,45683,75554,40517,35037,23083,12437,10646
9848,C4114,3,42,District - Moga (08),25-29,85373,44565,40808,64173,33522,30651,21200,11043,10157
9849,C4114,3,42,District - Moga (08),30-34,73146,37850,35296,55244,28508,26736,17902,9342,8560
9850,C4114,3,42,District - Moga (08),35-39,67296,34489,32807,51057,26109,24948,16239,8380,7859
9851,C4114,3,42,District - Moga (08),40-44,62309,31479,30830,47690,24091,23599,14619,7388,7231
9852,C4114,3,42,District - Moga (08),45-49,56075,28868,27207,42594,21950,20644,13481,6918,6563
9853,C4114,3,42,District - Moga (08),50-54,44806,23739,21067,33868,18046,15822,10938,5693,5245
9854,C4114,3,42,District - Moga (08),55-59,34218,17480,16738,25734,13197,12537,8484,4283,4201
9855,C4114,3,42,District - Moga (08),60-64,38564,17961,20603,30685,14108,16577,7879,3853,4026
9856,C4114,3,42,District - Moga (08),65-69,31303,16963,14340,26007,14259,11748,5296,2704,2592
9857,C4114,3,42,District - Moga (08),70-74,20451,11265,9186,16827,9396,7431,3624,1869,1755
9858,C4114,3,42,District - Moga (08),75-79,9972,5132,4840,8158,4246,3912,1814,886,928
9859,C4114,3,42,District - Moga (08),80+,15454,7360,8094,12918,6181,6737,2536,1179,1357
9860,C4114,3,42,District - Moga (08),Age not stated,6744,3447,3297,5326,2709,2617,1418,738,680
9861,C4114,3,43,District - Firozpur (09),All ages,2029074,1071637,957437,1476518,776208,700310,552556,295429,257127
9862,C4114,3,43,District - Firozpur (09),0-4,172234,92714,79520,129179,69541,59638,43055,23173,19882
9863,C4114,3,43,District - Firozpur (09),5-9,188700,103585,85115,140586,76923,63663,48114,26662,21452
9864,C4114,3,43,District - Firozpur (09),10-14,206136,113794,92342,155251,85426,69825,50885,28368,22517
9865,C4114,3,43,District - Firozpur (09),15-19,218494,119774,98720,162467,88572,73895,56027,31202,24825
9866,C4114,3,43,District - Firozpur (09),20-24,206863,108332,98531,148357,76854,71503,58506,31478,27028
9867,C4114,3,43,District - Firozpur (09),25-29,179343,94003,85340,125114,64693,60421,54229,29310,24919
9868,C4114,3,43,District - Firozpur (09),30-34,152925,79541,73384,107998,55469,52529,44927,24072,20855
9869,C4114,3,43,District - Firozpur (09),35-39,138808,71024,67784,98895,50308,48587,39913,20716,19197
9870,C4114,3,43,District - Firozpur (09),40-44,125273,64599,60674,90041,46311,43730,35232,18288,16944
9871,C4114,3,43,District - Firozpur (09),45-49,108453,56624,51829,76523,39982,36541,31930,16642,15288
9872,C4114,3,43,District - Firozpur (09),50-54,81324,43826,37498,55586,30248,25338,25738,13578,12160
9873,C4114,3,43,District - Firozpur (09),55-59,59324,29064,30260,40460,19275,21185,18864,9789,9075
9874,C4114,3,43,District - Firozpur (09),60-64,68735,32804,35931,51580,24326,27254,17155,8478,8677
9875,C4114,3,43,District - Firozpur (09),65-69,48499,24755,23744,37070,18982,18088,11429,5773,5656
9876,C4114,3,43,District - Firozpur (09),70-74,33876,17860,16016,25987,13993,11994,7889,3867,4022
9877,C4114,3,43,District - Firozpur (09),75-79,15877,7823,8054,12134,5996,6138,3743,1827,1916
9878,C4114,3,43,District - Firozpur (09),80+,23624,11190,12434,18822,9045,9777,4802,2145,2657
9879,C4114,3,43,District - Firozpur (09),Age not stated,586,325,261,468,264,204,118,61,57
9880,C4114,3,44,District - Muktsar (10),All ages,901896,475622,426274,649705,342202,307503,252191,133420,118771
9881,C4114,3,44,District - Muktsar (10),0-4,73000,39529,33471,52051,28180,23871,20949,11349,9600
9882,C4114,3,44,District - Muktsar (10),5-9,77966,43224,34742,56345,31182,25163,21621,12042,9579
9883,C4114,3,44,District - Muktsar (10),10-14,85966,47677,38289,62648,34721,27927,23318,12956,10362
9884,C4114,3,44,District - Muktsar (10),15-19,91197,51375,39822,65896,37115,28781,25301,14260,11041
9885,C4114,3,44,District - Muktsar (10),20-24,88213,46755,41458,62383,32735,29648,25830,14020,11810
9886,C4114,3,44,District - Muktsar (10),25-29,78825,40522,38303,55334,28421,26913,23491,12101,11390
9887,C4114,3,44,District - Muktsar (10),30-34,70105,35975,34130,50107,25635,24472,19998,10340,9658
9888,C4114,3,44,District - Muktsar (10),35-39,64487,32828,31659,46154,23538,22616,18333,9290,9043
9889,C4114,3,44,District - Muktsar (10),40-44,58295,29942,28353,41978,21653,20325,16317,8289,8028
9890,C4114,3,44,District - Muktsar (10),45-49,49741,25828,23913,35294,18379,16915,14447,7449,6998
9891,C4114,3,44,District - Muktsar (10),50-54,38877,20786,18091,27272,14655,12617,11605,6131,5474
9892,C4114,3,44,District - Muktsar (10),55-59,28523,13871,14652,20162,9678,10484,8361,4193,4168
9893,C4114,3,44,District - Muktsar (10),60-64,34300,16086,18214,25783,11990,13793,8517,4096,4421
9894,C4114,3,44,District - Muktsar (10),65-69,24509,12586,11923,18860,9685,9175,5649,2901,2748
9895,C4114,3,44,District - Muktsar (10),70-74,16857,8755,8102,13022,6831,6191,3835,1924,1911
9896,C4114,3,44,District - Muktsar (10),75-79,7931,3813,4118,6246,3020,3226,1685,793,892
9897,C4114,3,44,District - Muktsar (10),80+,11300,5117,6183,9037,4175,4862,2263,942,1321
9898,C4114,3,44,District - Muktsar (10),Age not stated,1804,953,851,1133,609,524,671,344,327
9899,C4114,3,45,District - Faridkot (11),All ages,617508,326671,290837,400457,210782,189675,217051,115889,101162
9900,C4114,3,45,District - Faridkot (11),0-4,48418,26089,22329,31304,16823,14481,17114,9266,7848
9901,C4114,3,45,District - Faridkot (11),5-9,52717,28861,23856,34391,18786,15605,18326,10075,8251
9902,C4114,3,45,District - Faridkot (11),10-14,57049,31721,25328,37707,20965,16742,19342,10756,8586
9903,C4114,3,45,District - Faridkot (11),15-19,62545,34889,27656,41264,23038,18226,21281,11851,9430
9904,C4114,3,45,District - Faridkot (11),20-24,61641,32820,28821,39002,20597,18405,22639,12223,10416
9905,C4114,3,45,District - Faridkot (11),25-29,54170,28260,25910,32724,16579,16145,21446,11681,9765
9906,C4114,3,45,District - Faridkot (11),30-34,47533,24664,22869,29899,15227,14672,17634,9437,8197
9907,C4114,3,45,District - Faridkot (11),35-39,43140,22081,21059,27767,14054,13713,15373,8027,7346
9908,C4114,3,45,District - Faridkot (11),40-44,39671,20345,19326,25891,13258,12633,13780,7087,6693
9909,C4114,3,45,District - Faridkot (11),45-49,34618,17875,16743,22041,11412,10629,12577,6463,6114
9910,C4114,3,45,District - Faridkot (11),50-54,27734,14810,12924,17517,9521,7996,10217,5289,4928
9911,C4114,3,45,District - Faridkot (11),55-59,21025,10508,10517,12985,6365,6620,8040,4143,3897
9912,C4114,3,45,District - Faridkot (11),60-64,22940,11095,11845,16013,7677,8336,6927,3418,3509
9913,C4114,3,45,District - Faridkot (11),65-69,16595,8643,7952,11973,6248,5725,4622,2395,2227
9914,C4114,3,45,District - Faridkot (11),70-74,11663,6236,5427,8475,4609,3866,3188,1627,1561
9915,C4114,3,45,District - Faridkot (11),75-79,5537,2752,2785,4062,2035,2027,1475,717,758
9916,C4114,3,45,District - Faridkot (11),80+,8227,3830,4397,6086,2881,3205,2141,949,1192
9917,C4114,3,45,District - Faridkot (11),Age not stated,2285,1192,1093,1356,707,649,929,485,444
9918,C4114,3,46,District - Bathinda (12),All ages,1388525,743197,645328,889308,474484,414824,499217,268713,230504
9919,C4114,3,46,District - Bathinda (12),0-4,105558,56554,49004,65972,35383,30589,39586,21171,18415
9920,C4114,3,46,District - Bathinda (12),5-9,113639,62481,51158,71901,39470,32431,41738,23011,18727
9921,C4114,3,46,District - Bathinda (12),10-14,124640,69858,54782,81739,45604,36135,42901,24254,18647
9922,C4114,3,46,District - Bathinda (12),15-19,137819,77637,60182,90954,51101,39853,46865,26536,20329
9923,C4114,3,46,District - Bathinda (12),20-24,145158,79265,65893,92559,50698,41861,52599,28567,24032
9924,C4114,3,46,District - Bathinda (12),25-29,128113,68204,59909,76853,40754,36099,51260,27450,23810
9925,C4114,3,46,District - Bathinda (12),30-34,109612,57647,51965,67941,35488,32453,41671,22159,19512
9926,C4114,3,46,District - Bathinda (12),35-39,99498,52276,47222,62859,32841,30018,36639,19435,17204
9927,C4114,3,46,District - Bathinda (12),40-44,89638,46821,42817,57372,30021,27351,32266,16800,15466
9928,C4114,3,46,District - Bathinda (12),45-49,78959,41201,37758,48854,25497,23357,30105,15704,14401
9929,C4114,3,46,District - Bathinda (12),50-54,63689,34327,29362,39007,21106,17901,24682,13221,11461
9930,C4114,3,46,District - Bathinda (12),55-59,46768,23619,23149,28644,13957,14687,18124,9662,8462
9931,C4114,3,46,District - Bathinda (12),60-64,52599,25587,27012,36831,17594,19237,15768,7993,7775
9932,C4114,3,46,District - Bathinda (12),65-69,35774,18764,17010,25816,13538,12278,9958,5226,4732
9933,C4114,3,46,District - Bathinda (12),70-74,25673,13660,12013,18816,10094,8722,6857,3566,3291
9934,C4114,3,46,District - Bathinda (12),75-79,12259,6074,6185,8836,4396,4440,3423,1678,1745
9935,C4114,3,46,District - Bathinda (12),80+,18521,8863,9658,13964,6714,7250,4557,2149,2408
9936,C4114,3,46,District - Bathinda (12),Age not stated,608,359,249,390,228,162,218,131,87
9937,C4114,3,47,District - Mansa (13),All ages,769751,408732,361019,606147,322184,283963,163604,86548,77056
9938,C4114,3,47,District - Mansa (13),0-4,59023,32052,26971,46593,25237,21356,12430,6815,5615
9939,C4114,3,47,District - Mansa (13),5-9,65645,36141,29504,51692,28438,23254,13953,7703,6250
9940,C4114,3,47,District - Mansa (13),10-14,75036,42052,32984,59828,33388,26440,15208,8664,6544
9941,C4114,3,47,District - Mansa (13),15-19,81166,45410,35756,64392,35959,28433,16774,9451,7323
9942,C4114,3,47,District - Mansa (13),20-24,76191,40670,35521,59341,31663,27678,16850,9007,7843
9943,C4114,3,47,District - Mansa (13),25-29,62989,32719,30270,48548,25311,23237,14441,7408,7033
9944,C4114,3,47,District - Mansa (13),30-34,56790,28949,27841,44180,22585,21595,12610,6364,6246
9945,C4114,3,47,District - Mansa (13),35-39,53886,27602,26284,42301,21795,20506,11585,5807,5778
9946,C4114,3,47,District - Mansa (13),40-44,49042,25652,23390,38309,20224,18085,10733,5428,5305
9947,C4114,3,47,District - Mansa (13),45-49,41164,21756,19408,31457,16725,14732,9707,5031,4676
9948,C4114,3,47,District - Mansa (13),50-54,31546,17200,14346,23966,13168,10798,7580,4032,3548
9949,C4114,3,47,District - Mansa (13),55-59,22920,11313,11607,17334,8461,8873,5586,2852,2734
9950,C4114,3,47,District - Mansa (13),60-64,31787,14636,17151,26069,11855,14214,5718,2781,2937
9951,C4114,3,47,District - Mansa (13),65-69,24557,13061,11496,20540,11010,9530,4017,2051,1966
9952,C4114,3,47,District - Mansa (13),70-74,16259,8909,7350,13646,7592,6054,2613,1317,1296
9953,C4114,3,47,District - Mansa (13),75-79,7191,3568,3623,5950,2949,3001,1241,619,622
9954,C4114,3,47,District - Mansa (13),80+,11843,5638,6205,10137,4847,5290,1706,791,915
9955,C4114,3,47,District - Mansa (13),Age not stated,2716,1404,1312,1864,977,887,852,427,425
9956,C4114,3,48,District - Patiala (14),All ages,1895686,1002522,893164,1132406,598800,533606,763280,403722,359558
9957,C4114,3,48,District - Patiala (14),0-4,148476,80527,67949,94263,51432,42831,54213,29095,25118
9958,C4114,3,48,District - Patiala (14),5-9,160061,88363,71698,100422,55651,44771,59639,32712,26927
9959,C4114,3,48,District - Patiala (14),10-14,171978,97428,74550,107861,61307,46554,64117,36121,27996
9960,C4114,3,48,District - Patiala (14),15-19,189841,105967,83874,116719,65181,51538,73122,40786,32336
9961,C4114,3,48,District - Patiala (14),20-24,196371,102221,94150,115572,59770,55802,80799,42451,38348
9962,C4114,3,48,District - Patiala (14),25-29,175792,91511,84281,101242,52160,49082,74550,39351,35199
9963,C4114,3,48,District - Patiala (14),30-34,148002,76094,71908,85899,43874,42025,62103,32220,29883
9964,C4114,3,48,District - Patiala (14),35-39,136451,69779,66672,78926,40216,38710,57525,29563,27962
9965,C4114,3,48,District - Patiala (14),40-44,123273,62407,60866,71949,36503,35446,51324,25904,25420
9966,C4114,3,48,District - Patiala (14),45-49,109353,57030,52323,61807,32352,29455,47546,24678,22868
9967,C4114,3,48,District - Patiala (14),50-54,83702,44283,39419,45134,24080,21054,38568,20203,18365
9968,C4114,3,48,District - Patiala (14),55-59,62772,31475,31297,32961,16063,16898,29811,15412,14399
9969,C4114,3,48,District - Patiala (14),60-64,67450,31985,35465,41058,18850,22208,26392,13135,13257
9970,C4114,3,48,District - Patiala (14),65-69,48674,25508,23166,31580,16620,14960,17094,8888,8206
9971,C4114,3,48,District - Patiala (14),70-74,33440,17865,15575,21259,11603,9656,12181,6262,5919
9972,C4114,3,48,District - Patiala (14),75-79,16120,8129,7991,9894,5050,4844,6226,3079,3147
9973,C4114,3,48,District - Patiala (14),80+,22942,11392,11550,15279,7737,7542,7663,3655,4008
9974,C4114,3,48,District - Patiala (14),Age not stated,988,558,430,581,351,230,407,207,200
9975,C4114,3,49,District - Amritsar  (15),All ages,2490656,1318408,1172248,1156045,607266,548779,1334611,711142,623469
9976,C4114,3,49,District - Amritsar  (15),0-4,194787,106319,88468,98341,53857,44484,96446,52462,43984
9977,C4114,3,49,District - Amritsar  (15),5-9,215463,119356,96107,109434,60292,49142,106029,59064,46965
9978,C4114,3,49,District - Amritsar  (15),10-14,236189,132916,103273,119740,66853,52887,116449,66063,50386
9979,C4114,3,49,District - Amritsar  (15),15-19,260943,146027,114916,128826,71421,57405,132117,74606,57511
9980,C4114,3,49,District - Amritsar  (15),20-24,252233,133665,118568,114351,59247,55104,137882,74418,63464
9981,C4114,3,49,District - Amritsar  (15),25-29,225372,116275,109097,96729,48849,47880,128643,67426,61217
9982,C4114,3,49,District - Amritsar  (15),30-34,188504,96536,91968,81898,41192,40706,106606,55344,51262
9983,C4114,3,49,District - Amritsar  (15),35-39,178950,89981,88969,78781,39201,39580,100169,50780,49389
9984,C4114,3,49,District - Amritsar  (15),40-44,158573,80597,77976,70652,35735,34917,87921,44862,43059
9985,C4114,3,49,District - Amritsar  (15),45-49,141166,71977,69189,59882,30617,29265,81284,41360,39924
9986,C4114,3,49,District - Amritsar  (15),50-54,110261,58277,51984,44649,23822,20827,65612,34455,31157
9987,C4114,3,49,District - Amritsar  (15),55-59,85782,43048,42734,34126,16295,17831,51656,26753,24903
9988,C4114,3,49,District - Amritsar  (15),60-64,85525,41801,43724,39183,18275,20908,46342,23526,22816
9989,C4114,3,49,District - Amritsar  (15),65-69,61990,31824,30166,31334,16037,15297,30656,15787,14869
9990,C4114,3,49,District - Amritsar  (15),70-74,42616,23121,19495,21211,11813,9398,21405,11308,10097
9991,C4114,3,49,District - Amritsar  (15),75-79,20746,10494,10252,9904,4903,5001,10842,5591,5251
9992,C4114,3,49,District - Amritsar  (15),80+,29576,15093,14483,15919,8228,7691,13657,6865,6792
9993,C4114,3,49,District - Amritsar  (15),Age not stated,1980,1101,879,1085,629,456,895,472,423
9994,C4114,3,50,District - Tarn Taran (16),All ages,1119627,589369,530258,977832,514322,463510,141795,75047,66748
9995,C4114,3,50,District - Tarn Taran (16),0-4,94721,51841,42880,83593,45790,37803,11128,6051,5077
9996,C4114,3,50,District - Tarn Taran (16),5-9,106707,59263,47444,93812,52119,41693,12895,7144,5751
9997,C4114,3,50,District - Tarn Taran (16),10-14,116563,65814,50749,102745,57992,44753,13818,7822,5996
9998,C4114,3,50,District - Tarn Taran (16),15-19,124038,69694,54344,109309,61465,47844,14729,8229,6500
9999,C4114,3,50,District - Tarn Taran (16),20-24,108149,56296,51853,93862,48856,45006,14287,7440,6847
10000,C4114,3,50,District - Tarn Taran (16),25-29,91697,46698,44999,78824,39978,38846,12873,6720,6153
10001,C4114,3,50,District - Tarn Taran (16),30-34,79246,39587,39659,68409,34059,34350,10837,5528,5309
10002,C4114,3,50,District - Tarn Taran (16),35-39,77366,38524,38842,67048,33259,33789,10318,5265,5053
10003,C4114,3,50,District - Tarn Taran (16),40-44,68102,34428,33674,58956,29692,29264,9146,4736,4410
10004,C4114,3,50,District - Tarn Taran (16),45-49,58931,29855,29076,51049,25783,25266,7882,4072,3810
10005,C4114,3,50,District - Tarn Taran (16),50-54,43664,23480,20184,37614,20328,17286,6050,3152,2898
10006,C4114,3,50,District - Tarn Taran (16),55-59,33868,15903,17965,28956,13519,15437,4912,2384,2528
10007,C4114,3,50,District - Tarn Taran (16),60-64,38367,18353,20014,33604,15976,17628,4763,2377,2386
10008,C4114,3,50,District - Tarn Taran (16),65-69,28724,14258,14466,25618,12695,12923,3106,1563,1543
10009,C4114,3,50,District - Tarn Taran (16),70-74,20498,10974,9524,18310,9825,8485,2188,1149,1039
10010,C4114,3,50,District - Tarn Taran (16),75-79,9773,4748,5025,8746,4262,4484,1027,486,541
10011,C4114,3,50,District - Tarn Taran (16),80+,16004,7945,8059,14503,7204,7299,1501,741,760
10012,C4114,3,50,District - Tarn Taran (16),Age not stated,3209,1708,1501,2874,1520,1354,335,188,147
10013,C4114,3,51,District - Rupnagar (17),All ages,684627,357485,327142,506820,264089,242731,177807,93396,84411
10014,C4114,3,51,District - Rupnagar (17),0-4,51218,27307,23911,38762,20716,18046,12456,6591,5865
10015,C4114,3,51,District - Rupnagar (17),5-9,55627,30267,25360,41895,22732,19163,13732,7535,6197
10016,C4114,3,51,District - Rupnagar (17),10-14,62896,35108,27788,47141,26255,20886,15755,8853,6902
10017,C4114,3,51,District - Rupnagar (17),15-19,69688,38097,31591,51885,28170,23715,17803,9927,7876
10018,C4114,3,51,District - Rupnagar (17),20-24,67606,34964,32642,49315,25341,23974,18291,9623,8668
10019,C4114,3,51,District - Rupnagar (17),25-29,58265,29526,28739,42739,21474,21265,15526,8052,7474
10020,C4114,3,51,District - Rupnagar (17),30-34,50432,25213,25219,37161,18567,18594,13271,6646,6625
10021,C4114,3,51,District - Rupnagar (17),35-39,48651,24291,24360,35602,17888,17714,13049,6403,6646
10022,C4114,3,51,District - Rupnagar (17),40-44,44859,22291,22568,32243,16126,16117,12616,6165,6451
10023,C4114,3,51,District - Rupnagar (17),45-49,41482,21577,19905,29370,15399,13971,12112,6178,5934
10024,C4114,3,51,District - Rupnagar (17),50-54,32935,17477,15458,22876,12054,10822,10059,5423,4636
10025,C4114,3,51,District - Rupnagar (17),55-59,24702,13231,11471,17215,8962,8253,7487,4269,3218
10026,C4114,3,51,District - Rupnagar (17),60-64,23690,11319,12371,18301,8567,9734,5389,2752,2637
10027,C4114,3,51,District - Rupnagar (17),65-69,18110,9202,8908,14511,7528,6983,3599,1674,1925
10028,C4114,3,51,District - Rupnagar (17),70-74,13743,7112,6631,10936,5703,5233,2807,1409,1398
10029,C4114,3,51,District - Rupnagar (17),75-79,7485,3850,3635,5950,3076,2874,1535,774,761
10030,C4114,3,51,District - Rupnagar (17),80+,11042,5499,5543,9084,4581,4503,1958,918,1040
10031,C4114,3,51,District - Rupnagar (17),Age not stated,2196,1154,1042,1834,950,884,362,204,158
10032,C4114,3,52,District - Sahibzada Ajit Singh Nagar (18),All ages,994628,529253,465375,450017,240984,209033,544611,288269,256342
10033,C4114,3,52,District - Sahibzada Ajit Singh Nagar (18),0-4,80748,43562,37186,37144,20386,16758,43604,23176,20428
10034,C4114,3,52,District - Sahibzada Ajit Singh Nagar (18),5-9,86290,47902,38388,39986,22209,17777,46304,25693,20611
10035,C4114,3,52,District - Sahibzada Ajit Singh Nagar (18),10-14,88031,49751,38280,42630,24208,18422,45401,25543,19858
10036,C4114,3,52,District - Sahibzada Ajit Singh Nagar (18),15-19,92545,52005,40540,46132,25809,20323,46413,26196,20217
10037,C4114,3,52,District - Sahibzada Ajit Singh Nagar (18),20-24,98083,51551,46532,46170,24227,21943,51913,27324,24589
10038,C4114,3,52,District - Sahibzada Ajit Singh Nagar (18),25-29,95175,48146,47029,40375,20813,19562,54800,27333,27467
10039,C4114,3,52,District - Sahibzada Ajit Singh Nagar (18),30-34,85030,43532,41498,34987,18022,16965,50043,25510,24533
10040,C4114,3,52,District - Sahibzada Ajit Singh Nagar (18),35-39,77026,40141,36885,32859,16977,15882,44167,23164,21003
10041,C4114,3,52,District - Sahibzada Ajit Singh Nagar (18),40-44,64144,33426,30718,28754,14837,13917,35390,18589,16801
10042,C4114,3,52,District - Sahibzada Ajit Singh Nagar (18),45-49,55262,28951,26311,24745,13155,11590,30517,15796,14721
10043,C4114,3,52,District - Sahibzada Ajit Singh Nagar (18),50-54,43594,22988,20606,18125,9906,8219,25469,13082,12387
10044,C4114,3,52,District - Sahibzada Ajit Singh Nagar (18),55-59,34807,17898,16909,13616,7237,6379,21191,10661,10530
10045,C4114,3,52,District - Sahibzada Ajit Singh Nagar (18),60-64,33915,16992,16923,14556,7030,7526,19359,9962,9397
10046,C4114,3,52,District - Sahibzada Ajit Singh Nagar (18),65-69,23497,12779,10718,11210,6001,5209,12287,6778,5509
10047,C4114,3,52,District - Sahibzada Ajit Singh Nagar (18),70-74,16372,8910,7462,8155,4482,3673,8217,4428,3789
10048,C4114,3,52,District - Sahibzada Ajit Singh Nagar (18),75-79,8536,4591,3945,4316,2294,2022,4220,2297,1923
10049,C4114,3,52,District - Sahibzada Ajit Singh Nagar (18),80+,10935,5737,5198,5992,3229,2763,4943,2508,2435
10050,C4114,3,52,District - Sahibzada Ajit Singh Nagar (18),Age not stated,638,391,247,265,162,103,373,229,144
10051,C4114,3,53,District - Sangrur (19),All ages,1655169,878029,777140,1139204,604653,534551,515965,273376,242589
10052,C4114,3,53,District - Sangrur (19),0-4,126097,68168,57929,85070,46403,38667,41027,21765,19262
10053,C4114,3,53,District - Sangrur (19),5-9,138829,76890,61939,94102,52331,41771,44727,24559,20168
10054,C4114,3,53,District - Sangrur (19),10-14,155043,87225,67818,106634,59988,46646,48409,27237,21172
10055,C4114,3,53,District - Sangrur (19),15-19,171193,95840,75353,118633,66416,52217,52560,29424,23136
10056,C4114,3,53,District - Sangrur (19),20-24,169309,89966,79343,114712,60740,53972,54597,29226,25371
10057,C4114,3,53,District - Sangrur (19),25-29,143845,74942,68903,95719,49625,46094,48126,25317,22809
10058,C4114,3,53,District - Sangrur (19),30-34,120595,61758,58837,80653,41166,39487,39942,20592,19350
10059,C4114,3,53,District - Sangrur (19),35-39,113668,57664,56004,76875,38924,37951,36793,18740,18053
10060,C4114,3,53,District - Sangrur (19),40-44,106550,54006,52544,73534,37180,36354,33016,16826,16190
10061,C4114,3,53,District - Sangrur (19),45-49,94335,48672,45663,64757,33534,31223,29578,15138,14440
10062,C4114,3,53,District - Sangrur (19),50-54,74103,39626,34477,50072,26963,23109,24031,12663,11368
10063,C4114,3,53,District - Sangrur (19),55-59,54836,27512,27324,37107,18477,18630,17729,9035,8694
10064,C4114,3,53,District - Sangrur (19),60-64,62999,30906,32093,46313,22465,23848,16686,8441,8245
10065,C4114,3,53,District - Sangrur (19),65-69,45450,23858,21592,34843,18460,16383,10607,5398,5209
10066,C4114,3,53,District - Sangrur (19),70-74,33035,18028,15007,25130,13978,11152,7905,4050,3855
10067,C4114,3,53,District - Sangrur (19),75-79,15697,8018,7679,11844,6122,5722,3853,1896,1957
10068,C4114,3,53,District - Sangrur (19),80+,25501,12815,12686,19985,10189,9796,5516,2626,2890
10069,C4114,3,53,District - Sangrur (19),Age not stated,4084,2135,1949,3221,1692,1529,863,443,420
10070,C4114,3,54,District - Barnala (20),All ages,595527,317522,278005,404842,215210,189632,190685,102312,88373
10071,C4114,3,54,District - Barnala (20),0-4,44615,24118,20497,29137,15718,13419,15478,8400,7078
10072,C4114,3,54,District - Barnala (20),5-9,51211,28075,23136,34423,18862,15561,16788,9213,7575
10073,C4114,3,54,District - Barnala (20),10-14,55242,30970,24272,37689,21155,16534,17553,9815,7738
10074,C4114,3,54,District - Barnala (20),15-19,59829,33647,26182,41057,23025,18032,18772,10622,8150
10075,C4114,3,54,District - Barnala (20),20-24,59675,32383,27292,40123,21621,18502,19552,10762,8790
10076,C4114,3,54,District - Barnala (20),25-29,52035,27145,24890,34200,17603,16597,17835,9542,8293
10077,C4114,3,54,District - Barnala (20),30-34,45384,23422,21962,30187,15485,14702,15197,7937,7260
10078,C4114,3,54,District - Barnala (20),35-39,41471,21434,20037,27659,14162,13497,13812,7272,6540
10079,C4114,3,54,District - Barnala (20),40-44,38112,19529,18583,25886,13274,12612,12226,6255,5971
10080,C4114,3,54,District - Barnala (20),45-49,33446,17261,16185,22714,11668,11046,10732,5593,5139
10081,C4114,3,54,District - Barnala (20),50-54,27577,14726,12851,18564,9947,8617,9013,4779,4234
10082,C4114,3,54,District - Barnala (20),55-59,20794,10486,10308,13999,6982,7017,6795,3504,3291
10083,C4114,3,54,District - Barnala (20),60-64,22958,11598,11360,16622,8349,8273,6336,3249,3087
10084,C4114,3,54,District - Barnala (20),65-69,15540,8251,7289,11635,6274,5361,3905,1977,1928
10085,C4114,3,54,District - Barnala (20),70-74,12078,6647,5431,9057,5039,4018,3021,1608,1413
10086,C4114,3,54,District - Barnala (20),75-79,5984,3099,2885,4453,2351,2102,1531,748,783
10087,C4114,3,54,District - Barnala (20),80+,9146,4516,4630,7086,3522,3564,2060,994,1066
10088,C4114,3,54,District - Barnala (20),Age not stated,430,215,215,351,173,178,79,42,37
10089,C4114,16,0,State - TRIPURA (16),All ages,3673917,1874376,1799541,2712464,1387173,1325291,961453,487203,474250
10090,C4114,16,0,State - TRIPURA (16),0-4,322566,164505,158061,258020,131384,126636,64546,33121,31425
10091,C4114,16,0,State - TRIPURA (16),5-9,337735,172541,165194,266430,136049,130381,71305,36492,34813
10092,C4114,16,0,State - TRIPURA (16),10-14,357690,183001,174689,282994,144904,138090,74696,38097,36599
10093,C4114,16,0,State - TRIPURA (16),15-19,357829,181136,176693,274888,139377,135511,82941,41759,41182
10094,C4114,16,0,State - TRIPURA (16),20-24,373177,183779,189398,280876,138466,142410,92301,45313,46988
10095,C4114,16,0,State - TRIPURA (16),25-29,344149,175059,169090,252860,129389,123471,91289,45670,45619
10096,C4114,16,0,State - TRIPURA (16),30-34,286989,149231,137758,204868,107731,97137,82121,41500,40621
10097,C4114,16,0,State - TRIPURA (16),35-39,279342,143051,136291,196129,101658,94471,83213,41393,41820
10098,C4114,16,0,State - TRIPURA (16),40-44,238751,124093,114658,164055,85593,78462,74696,38500,36196
10099,C4114,16,0,State - TRIPURA (16),45-49,205469,106717,98752,139297,72663,66634,66172,34054,32118
10100,C4114,16,0,State - TRIPURA (16),50-54,162186,86627,75559,108302,57982,50320,53884,28645,25239
10101,C4114,16,0,State - TRIPURA (16),55-59,116874,61849,55025,76947,40066,36881,39927,21783,18144
10102,C4114,16,0,State - TRIPURA (16),60-64,97129,49611,47518,67295,33940,33355,29834,15671,14163
10103,C4114,16,0,State - TRIPURA (16),65-69,70480,35044,35436,50426,25067,25359,20054,9977,10077
10104,C4114,16,0,State - TRIPURA (16),70-74,52324,25535,26789,37764,18698,19066,14560,6837,7723
10105,C4114,16,0,State - TRIPURA (16),75-79,30086,14259,15827,21165,10258,10907,8921,4001,4920
10106,C4114,16,0,State - TRIPURA (16),80+,39525,17471,22054,29113,13380,15733,10412,4091,6321
10107,C4114,16,0,State - TRIPURA (16),Age not stated,1616,867,749,1035,568,467,581,299,282
10108,C4114,16,289,District - West Tripura  (01),All ages,1725739,879428,846311,1048101,536720,511381,677638,342708,334930
10109,C4114,16,289,District - West Tripura  (01),0-4,133764,68518,65246,89469,45758,43711,44295,22760,21535
10110,C4114,16,289,District - West Tripura  (01),5-9,142691,72890,69801,93275,47581,45694,49416,25309,24107
10111,C4114,16,289,District - West Tripura  (01),10-14,155450,79444,76006,103829,53099,50730,51621,26345,25276
10112,C4114,16,289,District - West Tripura  (01),15-19,167086,84694,82392,108674,55406,53268,58412,29288,29124
10113,C4114,16,289,District - West Tripura  (01),20-24,176431,87398,89033,111283,55426,55857,65148,31972,33176
10114,C4114,16,289,District - West Tripura  (01),25-29,165002,83840,81162,100207,51537,48670,64795,32303,32492
10115,C4114,16,289,District - West Tripura  (01),30-34,140470,73022,67448,82217,43621,38596,58253,29401,28852
10116,C4114,16,289,District - West Tripura  (01),35-39,136860,69503,67357,78118,40396,37722,58742,29107,29635
10117,C4114,16,289,District - West Tripura  (01),40-44,119308,61525,57783,66467,34489,31978,52841,27036,25805
10118,C4114,16,289,District - West Tripura  (01),45-49,103081,53235,49846,56136,29082,27054,46945,24153,22792
10119,C4114,16,289,District - West Tripura  (01),50-54,82128,43784,38344,43532,23302,20230,38596,20482,18114
10120,C4114,16,289,District - West Tripura  (01),55-59,59265,31507,27758,30806,15907,14899,28459,15600,12859
10121,C4114,16,289,District - West Tripura  (01),60-64,48093,24633,23460,26724,13520,13204,21369,11113,10256
10122,C4114,16,289,District - West Tripura  (01),65-69,34226,16917,17309,20043,9880,10163,14183,7037,7146
10123,C4114,16,289,District - West Tripura  (01),70-74,25947,12403,13544,15525,7530,7995,10422,4873,5549
10124,C4114,16,289,District - West Tripura  (01),75-79,15196,7127,8069,8799,4273,4526,6397,2854,3543
10125,C4114,16,289,District - West Tripura  (01),80+,19782,8470,11312,12488,5626,6862,7294,2844,4450
10126,C4114,16,289,District - West Tripura  (01),Age not stated,959,518,441,509,287,222,450,231,219
10127,C4114,16,290,District - South Tripura  (02),All ages,876001,447544,428457,752970,384787,368183,123031,62757,60274
10128,C4114,16,290,District - South Tripura  (02),0-4,78447,40130,38317,70194,35836,34358,8253,4294,3959
10129,C4114,16,290,District - South Tripura  (02),5-9,83773,42918,40855,74862,38323,36539,8911,4595,4316
10130,C4114,16,290,District - South Tripura  (02),10-14,89353,45784,43569,79778,40925,38853,9575,4859,4716
10131,C4114,16,290,District - South Tripura  (02),15-19,84783,42870,41913,74269,37570,36699,10514,5300,5214
10132,C4114,16,290,District - South Tripura  (02),20-24,87795,43132,44663,75867,37287,38580,11928,5845,6083
10133,C4114,16,290,District - South Tripura  (02),25-29,81407,41694,39713,69805,35715,34090,11602,5979,5623
10134,C4114,16,290,District - South Tripura  (02),30-34,67247,35231,32016,56975,29989,26986,10272,5242,5030
10135,C4114,16,290,District - South Tripura  (02),35-39,66082,34051,32031,55232,28601,26631,10850,5450,5400
10136,C4114,16,290,District - South Tripura  (02),40-44,55378,28938,26440,45775,24001,21774,9603,4937,4666
10137,C4114,16,290,District - South Tripura  (02),45-49,47969,24921,23048,39318,20499,18819,8651,4422,4229
10138,C4114,16,290,District - South Tripura  (02),50-54,37193,19999,17194,30284,16260,14024,6909,3739,3170
10139,C4114,16,290,District - South Tripura  (02),55-59,27100,14174,12926,21898,11339,10559,5202,2835,2367
10140,C4114,16,290,District - South Tripura  (02),60-64,22350,11334,11016,18698,9339,9359,3652,1995,1657
10141,C4114,16,290,District - South Tripura  (02),65-69,17172,8443,8729,14566,7132,7434,2606,1311,1295
10142,C4114,16,290,District - South Tripura  (02),70-74,12379,5957,6422,10538,5093,5445,1841,864,977
10143,C4114,16,290,District - South Tripura  (02),75-79,7356,3365,3991,6225,2869,3356,1131,496,635
10144,C4114,16,290,District - South Tripura  (02),80+,9874,4434,5440,8417,3873,4544,1457,561,896
10145,C4114,16,290,District - South Tripura  (02),Age not stated,343,169,174,269,136,133,74,33,41
10146,C4114,16,291,District - Dhalai (03),All ages,378230,194544,183686,337731,173773,163958,40499,20771,19728
10147,C4114,16,291,District - Dhalai (03),0-4,39610,19984,19626,36482,18422,18060,3128,1562,1566
10148,C4114,16,291,District - Dhalai (03),5-9,41321,21149,20172,37892,19371,18521,3429,1778,1651
10149,C4114,16,291,District - Dhalai (03),10-14,40924,21153,19771,37550,19431,18119,3374,1722,1652
10150,C4114,16,291,District - Dhalai (03),15-19,37351,18864,18487,33780,17106,16674,3571,1758,1813
10151,C4114,16,291,District - Dhalai (03),20-24,37906,18533,19373,33957,16604,17353,3949,1929,2020
10152,C4114,16,291,District - Dhalai (03),25-29,35174,18107,17067,31182,16119,15063,3992,1988,2004
10153,C4114,16,291,District - Dhalai (03),30-34,28117,14815,13302,24585,13015,11570,3532,1800,1732
10154,C4114,16,291,District - Dhalai (03),35-39,27011,14301,12710,23447,12430,11017,3564,1871,1693
10155,C4114,16,291,District - Dhalai (03),40-44,21904,11835,10069,18887,10108,8779,3017,1727,1290
10156,C4114,16,291,District - Dhalai (03),45-49,18516,9718,8798,16013,8445,7568,2503,1273,1230
10157,C4114,16,291,District - Dhalai (03),50-54,13895,7410,6485,11947,6356,5591,1948,1054,894
10158,C4114,16,291,District - Dhalai (03),55-59,9972,5245,4727,8613,4480,4133,1359,765,594
10159,C4114,16,291,District - Dhalai (03),60-64,9033,4571,4462,7958,4005,3953,1075,566,509
10160,C4114,16,291,District - Dhalai (03),65-69,6600,3368,3232,5874,3012,2862,726,356,370
10161,C4114,16,291,District - Dhalai (03),70-74,4663,2415,2248,4128,2155,1973,535,260,275
10162,C4114,16,291,District - Dhalai (03),75-79,2568,1281,1287,2239,1126,1113,329,155,174
10163,C4114,16,291,District - Dhalai (03),80+,3538,1720,1818,3079,1516,1563,459,204,255
10164,C4114,16,291,District - Dhalai (03),Age not stated,127,75,52,118,72,46,9,3,6
10165,C4114,16,292,District - North Tripura (04),All ages,693947,352860,341087,573662,291893,281769,120285,60967,59318
10166,C4114,16,292,District - North Tripura (04),0-4,70745,35873,34872,61875,31368,30507,8870,4505,4365
10167,C4114,16,292,District - North Tripura (04),5-9,69950,35584,34366,60401,30774,29627,9549,4810,4739
10168,C4114,16,292,District - North Tripura (04),10-14,71963,36620,35343,61837,31449,30388,10126,5171,4955
10169,C4114,16,292,District - North Tripura (04),15-19,68609,34708,33901,58165,29295,28870,10444,5413,5031
10170,C4114,16,292,District - North Tripura (04),20-24,71045,34716,36329,59769,29149,30620,11276,5567,5709
10171,C4114,16,292,District - North Tripura (04),25-29,62566,31418,31148,51666,26018,25648,10900,5400,5500
10172,C4114,16,292,District - North Tripura (04),30-34,51155,26163,24992,41091,21106,19985,10064,5057,5007
10173,C4114,16,292,District - North Tripura (04),35-39,49389,25196,24193,39332,20231,19101,10057,4965,5092
10174,C4114,16,292,District - North Tripura (04),40-44,42161,21795,20366,32926,16995,15931,9235,4800,4435
10175,C4114,16,292,District - North Tripura (04),45-49,35903,18843,17060,27830,14637,13193,8073,4206,3867
10176,C4114,16,292,District - North Tripura (04),50-54,28970,15434,13536,22539,12064,10475,6431,3370,3061
10177,C4114,16,292,District - North Tripura (04),55-59,20537,10923,9614,15630,8340,7290,4907,2583,2324
10178,C4114,16,292,District - North Tripura (04),60-64,17653,9073,8580,13915,7076,6839,3738,1997,1741
10179,C4114,16,292,District - North Tripura (04),65-69,12482,6316,6166,9943,5043,4900,2539,1273,1266
10180,C4114,16,292,District - North Tripura (04),70-74,9335,4760,4575,7573,3920,3653,1762,840,922
10181,C4114,16,292,District - North Tripura (04),75-79,4966,2486,2480,3902,1990,1912,1064,496,568
10182,C4114,16,292,District - North Tripura (04),80+,6331,2847,3484,5129,2365,2764,1202,482,720
10183,C4114,16,292,District - North Tripura (04),Age not stated,187,105,82,139,73,66,48,32,16
10184,C4114,8,0,State - RAJASTHAN (08),All ages,68548437,35550997,32997440,51500352,26641747,24858605,17048085,8909250,8138835
10185,C4114,8,0,State - RAJASTHAN (08),0-4,7302170,3858574,3443596,5770924,3045730,2725194,1531246,812844,718402
10186,C4114,8,0,State - RAJASTHAN (08),5-9,8042738,4258873,3783865,6326379,3336981,2989398,1716359,921892,794467
10187,C4114,8,0,State - RAJASTHAN (08),10-14,8380518,4430696,3949822,6537189,3446732,3090457,1843329,983964,859365
10188,C4114,8,0,State - RAJASTHAN (08),15-19,7314017,3889874,3424143,5496935,2918083,2578852,1817082,971791,845291
10189,C4114,8,0,State - RAJASTHAN (08),20-24,6426494,3377483,3049011,4682761,2471674,2211087,1743733,905809,837924
10190,C4114,8,0,State - RAJASTHAN (08),25-29,5348497,2763059,2585438,3832693,1981853,1850840,1515804,781206,734598
10191,C4114,8,0,State - RAJASTHAN (08),30-34,4722683,2384569,2338114,3412817,1716111,1696706,1309866,668458,641408
10192,C4114,8,0,State - RAJASTHAN (08),35-39,4334564,2201790,2132774,3130395,1585834,1544561,1204169,615956,588213
10193,C4114,8,0,State - RAJASTHAN (08),40-44,3735355,1926916,1808439,2704801,1390594,1314207,1030554,536322,494232
10194,C4114,8,0,State - RAJASTHAN (08),45-49,3145404,1608512,1536892,2265671,1150068,1115603,879733,458444,421289
10195,C4114,8,0,State - RAJASTHAN (08),50-54,2516808,1345007,1171801,1817629,968094,849535,699179,376913,322266
10196,C4114,8,0,State - RAJASTHAN (08),55-59,1897449,935866,961583,1383879,668669,715210,513570,267197,246373
10197,C4114,8,0,State - RAJASTHAN (08),60-64,1770139,884024,886115,1343329,666272,677057,426810,217752,209058
10198,C4114,8,0,State - RAJASTHAN (08),65-69,1260376,589471,670905,971320,448876,522444,289056,140595,148461
10199,C4114,8,0,State - RAJASTHAN (08),70-74,1016915,490011,526904,795430,382456,412974,221485,107555,113930
10200,C4114,8,0,State - RAJASTHAN (08),75-79,477655,216016,261639,364642,162014,202628,113013,54002,59011
10201,C4114,8,0,State - RAJASTHAN (08),80+,587053,252741,334312,449071,193050,256021,137982,59691,78291
10202,C4114,8,0,State - RAJASTHAN (08),Age not stated,269602,137515,132087,214487,108656,105831,55115,28859,26256
10203,C4114,8,99,District - Ganganagar  (01),All ages,1969168,1043340,925828,1433736,758269,675467,535432,285071,250361
10204,C4114,8,99,District - Ganganagar  (01),0-4,175922,94561,81361,132740,71262,61478,43182,23299,19883
10205,C4114,8,99,District - Ganganagar  (01),5-9,198790,107513,91277,149475,80305,69170,49315,27208,22107
10206,C4114,8,99,District - Ganganagar  (01),10-14,216564,117199,99365,162097,87058,75039,54467,30141,24326
10207,C4114,8,99,District - Ganganagar  (01),15-19,208095,113978,94117,152307,83345,68962,55788,30633,25155
10208,C4114,8,99,District - Ganganagar  (01),20-24,197601,105612,91989,142548,76626,65922,55053,28986,26067
10209,C4114,8,99,District - Ganganagar  (01),25-29,170917,91594,79323,122100,65700,56400,48817,25894,22923
10210,C4114,8,99,District - Ganganagar  (01),30-34,148955,78059,70896,107441,56277,51164,41514,21782,19732
10211,C4114,8,99,District - Ganganagar  (01),35-39,133812,69347,64465,95853,49656,46197,37959,19691,18268
10212,C4114,8,99,District - Ganganagar  (01),40-44,118957,61766,57191,84822,43982,40840,34135,17784,16351
10213,C4114,8,99,District - Ganganagar  (01),45-49,100487,52324,48163,70148,36371,33777,30339,15953,14386
10214,C4114,8,99,District - Ganganagar  (01),50-54,76887,41701,35186,53110,28810,24300,23777,12891,10886
10215,C4114,8,99,District - Ganganagar  (01),55-59,54161,27238,26923,37594,18432,19162,16567,8806,7761
10216,C4114,8,99,District - Ganganagar  (01),60-64,52122,25792,26330,38149,18762,19387,13973,7030,6943
10217,C4114,8,99,District - Ganganagar  (01),65-69,37873,18277,19596,28030,13491,14539,9843,4786,5057
10218,C4114,8,99,District - Ganganagar  (01),70-74,28919,14390,14529,21610,10791,10819,7309,3599,3710
10219,C4114,8,99,District - Ganganagar  (01),75-79,14650,7197,7453,11082,5436,5646,3568,1761,1807
10220,C4114,8,99,District - Ganganagar  (01),80+,18872,8575,10297,14690,6787,7903,4182,1788,2394
10221,C4114,8,99,District - Ganganagar  (01),Age not stated,15584,8217,7367,9940,5178,4762,5644,3039,2605
10222,C4114,8,100,District - Hanumangarh (02),All ages,1774692,931184,843508,1424228,746887,677341,350464,184297,166167
10223,C4114,8,100,District - Hanumangarh (02),0-4,161289,85285,76004,131285,69263,62022,30004,16022,13982
10224,C4114,8,100,District - Hanumangarh (02),5-9,182055,97991,84064,148150,79419,68731,33905,18572,15333
10225,C4114,8,100,District - Hanumangarh (02),10-14,203998,108722,95276,166317,88230,78087,37681,20492,17189
10226,C4114,8,100,District - Hanumangarh (02),15-19,189917,103691,86226,152505,83485,69020,37412,20206,17206
10227,C4114,8,100,District - Hanumangarh (02),20-24,174008,94057,79951,138343,75265,63078,35665,18792,16873
10228,C4114,8,100,District - Hanumangarh (02),25-29,146777,77259,69518,116013,61271,54742,30764,15988,14776
10229,C4114,8,100,District - Hanumangarh (02),30-34,131818,66929,64889,105698,53653,52045,26120,13276,12844
10230,C4114,8,100,District - Hanumangarh (02),35-39,122570,62042,60528,98024,49774,48250,24546,12268,12278
10231,C4114,8,100,District - Hanumangarh (02),40-44,108870,56189,52681,87125,44857,42268,21745,11332,10413
10232,C4114,8,100,District - Hanumangarh (02),45-49,89856,46364,43492,70964,36561,34403,18892,9803,9089
10233,C4114,8,100,District - Hanumangarh (02),50-54,67073,36497,30576,52491,28565,23926,14582,7932,6650
10234,C4114,8,100,District - Hanumangarh (02),55-59,46790,23262,23528,36537,17810,18727,10253,5452,4801
10235,C4114,8,100,District - Hanumangarh (02),60-64,44634,22379,22255,36055,18053,18002,8579,4326,4253
10236,C4114,8,100,District - Hanumangarh (02),65-69,30488,14371,16117,24326,11425,12901,6162,2946,3216
10237,C4114,8,100,District - Hanumangarh (02),70-74,24452,11787,12665,19783,9477,10306,4669,2310,2359
10238,C4114,8,100,District - Hanumangarh (02),75-79,13035,6130,6905,10672,4993,5679,2363,1137,1226
10239,C4114,8,100,District - Hanumangarh (02),80+,15889,7386,8503,13196,6193,7003,2693,1193,1500
10240,C4114,8,100,District - Hanumangarh (02),Age not stated,21173,10843,10330,16744,8593,8151,4429,2250,2179
10241,C4114,8,101,District - Bikaner (03),All ages,2363937,1240801,1123136,1563553,821434,742119,800384,419367,381017
10242,C4114,8,101,District - Bikaner (03),0-4,273676,143483,130193,199765,104846,94919,73911,38637,35274
10243,C4114,8,101,District - Bikaner (03),5-9,303184,158477,144707,220205,114623,105582,82979,43854,39125
10244,C4114,8,101,District - Bikaner (03),10-14,305004,160609,144395,219244,115392,103852,85760,45217,40543
10245,C4114,8,101,District - Bikaner (03),15-19,243460,133073,110387,163375,90525,72850,80085,42548,37537
10246,C4114,8,101,District - Bikaner (03),20-24,225375,120384,104991,145568,78618,66950,79807,41766,38041
10247,C4114,8,101,District - Bikaner (03),25-29,193168,101466,91702,120741,63313,57428,72427,38153,34274
10248,C4114,8,101,District - Bikaner (03),30-34,161461,84014,77447,99788,51630,48158,61673,32384,29289
10249,C4114,8,101,District - Bikaner (03),35-39,140184,72660,67524,85203,43923,41280,54981,28737,26244
10250,C4114,8,101,District - Bikaner (03),40-44,116517,61396,55121,69720,36874,32846,46797,24522,22275
10251,C4114,8,101,District - Bikaner (03),45-49,99109,51038,48071,58361,29890,28471,40748,21148,19600
10252,C4114,8,101,District - Bikaner (03),50-54,80566,43921,36645,46985,25790,21195,33581,18131,15450
10253,C4114,8,101,District - Bikaner (03),55-59,58503,29722,28781,33659,16502,17157,24844,13220,11624
10254,C4114,8,101,District - Bikaner (03),60-64,52960,27198,25762,32324,16622,15702,20636,10576,10060
10255,C4114,8,101,District - Bikaner (03),65-69,34981,17084,17897,21473,10370,11103,13508,6714,6794
10256,C4114,8,101,District - Bikaner (03),70-74,28424,13875,14549,18299,8939,9360,10125,4936,5189
10257,C4114,8,101,District - Bikaner (03),75-79,14942,6978,7964,9224,4251,4973,5718,2727,2991
10258,C4114,8,101,District - Bikaner (03),80+,17789,7782,10007,11242,4967,6275,6547,2815,3732
10259,C4114,8,101,District - Bikaner (03),Age not stated,14634,7641,6993,8377,4359,4018,6257,3282,2975
10260,C4114,8,102,District - Churu (04),All ages,2039547,1051446,988101,1463312,755028,708284,576235,296418,279817
10261,C4114,8,102,District - Churu (04),0-4,218061,114314,103747,160768,84240,76528,57293,30074,27219
10262,C4114,8,102,District - Churu (04),5-9,241995,127481,114514,177246,93462,83784,64749,34019,30730
10263,C4114,8,102,District - Churu (04),10-14,260114,136614,123500,190435,100262,90173,69679,36352,33327
10264,C4114,8,102,District - Churu (04),15-19,219978,120142,99836,156247,86543,69704,63731,33599,30132
10265,C4114,8,102,District - Churu (04),20-24,195969,104564,91405,136524,73264,63260,59445,31300,28145
10266,C4114,8,102,District - Churu (04),25-29,157076,80067,77009,110739,56167,54572,46337,23900,22437
10267,C4114,8,102,District - Churu (04),30-34,139037,68443,70594,99727,49022,50705,39310,19421,19889
10268,C4114,8,102,District - Churu (04),35-39,124209,61489,62720,88127,43591,44536,36082,17898,18184
10269,C4114,8,102,District - Churu (04),40-44,106925,54355,52570,75632,38453,37179,31293,15902,15391
10270,C4114,8,102,District - Churu (04),45-49,88554,44225,44329,61661,30607,31054,26893,13618,13275
10271,C4114,8,102,District - Churu (04),50-54,72236,38423,33813,50479,26776,23703,21757,11647,10110
10272,C4114,8,102,District - Churu (04),55-59,52046,25483,26563,36543,17536,19007,15503,7947,7556
10273,C4114,8,102,District - Churu (04),60-64,49932,24397,25535,36364,17695,18669,13568,6702,6866
10274,C4114,8,102,District - Churu (04),65-69,36351,16882,19469,26615,12278,14337,9736,4604,5132
10275,C4114,8,102,District - Churu (04),70-74,29174,13230,15944,21500,9704,11796,7674,3526,4148
10276,C4114,8,102,District - Churu (04),75-79,15051,6651,8400,11145,4873,6272,3906,1778,2128
10277,C4114,8,102,District - Churu (04),80+,17386,6849,10537,12449,4897,7552,4937,1952,2985
10278,C4114,8,102,District - Churu (04),Age not stated,15453,7837,7616,11111,5658,5453,4342,2179,2163
10279,C4114,8,103,District - Jhunjhunun (05),All ages,2137045,1095896,1041149,1647966,842718,805248,489079,253178,235901
10280,C4114,8,103,District - Jhunjhunun (05),0-4,196376,106720,89656,151645,82700,68945,44731,24020,20711
10281,C4114,8,103,District - Jhunjhunun (05),5-9,223736,121526,102210,171935,93587,78348,51801,27939,23862
10282,C4114,8,103,District - Jhunjhunun (05),10-14,255050,136876,118174,196498,105370,91128,58552,31506,27046
10283,C4114,8,103,District - Jhunjhunun (05),15-19,246559,134248,112311,189036,102975,86061,57523,31273,26250
10284,C4114,8,103,District - Jhunjhunun (05),20-24,213012,112035,100977,161448,84870,76578,51564,27165,24399
10285,C4114,8,103,District - Jhunjhunun (05),25-29,164047,81439,82608,124696,61442,63254,39351,19997,19354
10286,C4114,8,103,District - Jhunjhunun (05),30-34,142492,68383,74109,108989,52027,56962,33503,16356,17147
10287,C4114,8,103,District - Jhunjhunun (05),35-39,132107,62659,69448,101106,47749,53357,31001,14910,16091
10288,C4114,8,103,District - Jhunjhunun (05),40-44,118456,57419,61037,91286,44027,47259,27170,13392,13778
10289,C4114,8,103,District - Jhunjhunun (05),45-49,101069,48604,52465,77898,37185,40713,23171,11419,11752
10290,C4114,8,103,District - Jhunjhunun (05),50-54,86268,44919,41349,67152,34777,32375,19116,10142,8974
10291,C4114,8,103,District - Jhunjhunun (05),55-59,64694,31256,33438,50205,23988,26217,14489,7268,7221
10292,C4114,8,103,District - Jhunjhunun (05),60-64,60679,29892,30787,48414,23595,24819,12265,6297,5968
10293,C4114,8,103,District - Jhunjhunun (05),65-69,42548,20003,22545,34327,16097,18230,8221,3906,4315
10294,C4114,8,103,District - Jhunjhunun (05),70-74,36086,16407,19679,29308,13259,16049,6778,3148,3630
10295,C4114,8,103,District - Jhunjhunun (05),75-79,17953,7918,10035,14717,6444,8273,3236,1474,1762
10296,C4114,8,103,District - Jhunjhunun (05),80+,21898,8597,13301,18147,7110,11037,3751,1487,2264
10297,C4114,8,103,District - Jhunjhunun (05),Age not stated,14015,6995,7020,11159,5516,5643,2856,1479,1377
10298,C4114,8,104,District - Alwar (06),All ages,3674179,1939026,1735153,3019728,1589508,1430220,654451,349518,304933
10299,C4114,8,104,District - Alwar (06),0-4,406822,218023,188799,347784,186310,161474,59038,31713,27325
10300,C4114,8,104,District - Alwar (06),5-9,434669,233456,201213,369979,197744,172235,64690,35712,28978
10301,C4114,8,104,District - Alwar (06),10-14,454991,244032,210959,385406,205869,179537,69585,38163,31422
10302,C4114,8,104,District - Alwar (06),15-19,402634,218083,184551,334527,180542,153985,68107,37541,30566
10303,C4114,8,104,District - Alwar (06),20-24,354971,189076,165895,286857,152937,133920,68114,36139,31975
10304,C4114,8,104,District - Alwar (06),25-29,292634,154320,138314,232887,122635,110252,59747,31685,28062
10305,C4114,8,104,District - Alwar (06),30-34,253623,129330,124293,202332,102737,99595,51291,26593,24698
10306,C4114,8,104,District - Alwar (06),35-39,229906,118978,110928,181869,93943,87926,48037,25035,23002
10307,C4114,8,104,District - Alwar (06),40-44,194280,101300,92980,152966,79306,73660,41314,21994,19320
10308,C4114,8,104,District - Alwar (06),45-49,158191,82222,75969,124301,64105,60196,33890,18117,15773
10309,C4114,8,104,District - Alwar (06),50-54,125347,67483,57864,98885,53144,45741,26462,14339,12123
10310,C4114,8,104,District - Alwar (06),55-59,94372,47213,47159,74921,37038,37883,19451,10175,9276
10311,C4114,8,104,District - Alwar (06),60-64,91285,46222,45063,75124,37889,37235,16161,8333,7828
10312,C4114,8,104,District - Alwar (06),65-69,64563,30966,33597,53797,25635,28162,10766,5331,5435
10313,C4114,8,104,District - Alwar (06),70-74,53551,27450,26101,45373,23363,22010,8178,4087,4091
10314,C4114,8,104,District - Alwar (06),75-79,26717,12982,13735,22432,10910,11522,4285,2072,2213
10315,C4114,8,104,District - Alwar (06),80+,34302,17079,17223,29309,14785,14524,4993,2294,2699
10316,C4114,8,104,District - Alwar (06),Age not stated,1321,811,510,979,616,363,342,195,147
10317,C4114,8,105,District - Bharatpur (07),All ages,2548462,1355726,1192736,2053363,1093357,960006,495099,262369,232730
10318,C4114,8,105,District - Bharatpur (07),0-4,300570,160597,139973,254170,135733,118437,46400,24864,21536
10319,C4114,8,105,District - Bharatpur (07),5-9,319094,170713,148381,267013,142074,124939,52081,28639,23442
10320,C4114,8,105,District - Bharatpur (07),10-14,329522,178213,151309,271247,146594,124653,58275,31619,26656
10321,C4114,8,105,District - Bharatpur (07),15-19,283999,156802,127197,226674,125683,100991,57325,31119,26206
10322,C4114,8,105,District - Bharatpur (07),20-24,239516,130353,109163,189364,103699,85665,50152,26654,23498
10323,C4114,8,105,District - Bharatpur (07),25-29,186814,99660,87154,146901,78531,68370,39913,21129,18784
10324,C4114,8,105,District - Bharatpur (07),30-34,162300,83223,79077,127758,65548,62210,34542,17675,16867
10325,C4114,8,105,District - Bharatpur (07),35-39,150786,78235,72551,118422,61555,56867,32364,16680,15684
10326,C4114,8,105,District - Bharatpur (07),40-44,128273,67685,60588,99800,52897,46903,28473,14788,13685
10327,C4114,8,105,District - Bharatpur (07),45-49,105003,54581,50422,80468,41887,38581,24535,12694,11841
10328,C4114,8,105,District - Bharatpur (07),50-54,84531,45531,39000,64781,34888,29893,19750,10643,9107
10329,C4114,8,105,District - Bharatpur (07),55-59,65482,33065,32417,50561,25297,25264,14921,7768,7153
10330,C4114,8,105,District - Bharatpur (07),60-64,62071,31373,30698,49661,25020,24641,12410,6353,6057
10331,C4114,8,105,District - Bharatpur (07),65-69,44262,21594,22668,35575,17367,18208,8687,4227,4460
10332,C4114,8,105,District - Bharatpur (07),70-74,35179,18053,17126,28426,14732,13694,6753,3321,3432
10333,C4114,8,105,District - Bharatpur (07),75-79,16864,8289,8575,13563,6640,6923,3301,1649,1652
10334,C4114,8,105,District - Bharatpur (07),80+,20738,10645,10093,16776,8778,7998,3962,1867,2095
10335,C4114,8,105,District - Bharatpur (07),Age not stated,13458,7114,6344,12203,6434,5769,1255,680,575
10336,C4114,8,106,District - Dhaulpur (08),All ages,1206516,653647,552869,959066,520930,438136,247450,132717,114733
10337,C4114,8,106,District - Dhaulpur (08),0-4,148288,79640,68648,122841,65906,56935,25447,13734,11713
10338,C4114,8,106,District - Dhaulpur (08),5-9,162710,88359,74351,132843,71986,60857,29867,16373,13494
10339,C4114,8,106,District - Dhaulpur (08),10-14,169080,93311,75769,136426,75292,61134,32654,18019,14635
10340,C4114,8,106,District - Dhaulpur (08),15-19,139125,79645,59480,109037,62816,46221,30088,16829,13259
10341,C4114,8,106,District - Dhaulpur (08),20-24,109563,61297,48266,85208,48190,37018,24355,13107,11248
10342,C4114,8,106,District - Dhaulpur (08),25-29,86885,46849,40036,67769,36739,31030,19116,10110,9006
10343,C4114,8,106,District - Dhaulpur (08),30-34,76360,39529,36831,59914,31179,28735,16446,8350,8096
10344,C4114,8,106,District - Dhaulpur (08),35-39,68878,36502,32376,53286,28449,24837,15592,8053,7539
10345,C4114,8,106,District - Dhaulpur (08),40-44,57250,30783,26467,44068,23803,20265,13182,6980,6202
10346,C4114,8,106,District - Dhaulpur (08),45-49,45928,24050,21878,34900,18311,16589,11028,5739,5289
10347,C4114,8,106,District - Dhaulpur (08),50-54,37156,20255,16901,28660,15568,13092,8496,4687,3809
10348,C4114,8,106,District - Dhaulpur (08),55-59,28198,14317,13881,22057,11098,10959,6141,3219,2922
10349,C4114,8,106,District - Dhaulpur (08),60-64,26532,13632,12900,21244,10929,10315,5288,2703,2585
10350,C4114,8,106,District - Dhaulpur (08),65-69,19041,9234,9807,15310,7431,7879,3731,1803,1928
10351,C4114,8,106,District - Dhaulpur (08),70-74,15398,8072,7326,12462,6553,5909,2936,1519,1417
10352,C4114,8,106,District - Dhaulpur (08),75-79,6589,3271,3318,5346,2635,2711,1243,636,607
10353,C4114,8,106,District - Dhaulpur (08),80+,8451,4272,4179,6785,3530,3255,1666,742,924
10354,C4114,8,106,District - Dhaulpur (08),Age not stated,1084,629,455,910,515,395,174,114,60
10355,C4114,8,107,District - Karauli (09),All ages,1458248,783639,674609,1240143,668185,571958,218105,115454,102651
10356,C4114,8,107,District - Karauli (09),0-4,165031,88961,76070,142436,76897,65539,22595,12064,10531
10357,C4114,8,107,District - Karauli (09),5-9,181836,98411,83425,155954,84374,71580,25882,14037,11845
10358,C4114,8,107,District - Karauli (09),10-14,192468,105034,87434,165016,90141,74875,27452,14893,12559
10359,C4114,8,107,District - Karauli (09),15-19,162331,92328,70003,137554,78852,58702,24777,13476,11301
10360,C4114,8,107,District - Karauli (09),20-24,136903,76349,60554,115339,64809,50530,21564,11540,10024
10361,C4114,8,107,District - Karauli (09),25-29,108604,58998,49606,91303,49810,41493,17301,9188,8113
10362,C4114,8,107,District - Karauli (09),30-34,92964,47846,45118,78265,40386,37879,14699,7460,7239
10363,C4114,8,107,District - Karauli (09),35-39,86546,44959,41587,72664,37746,34918,13882,7213,6669
10364,C4114,8,107,District - Karauli (09),40-44,72286,38131,34155,60657,32063,28594,11629,6068,5561
10365,C4114,8,107,District - Karauli (09),45-49,58892,30693,28199,49264,25613,23651,9628,5080,4548
10366,C4114,8,107,District - Karauli (09),50-54,46777,25344,21433,39235,21324,17911,7542,4020,3522
10367,C4114,8,107,District - Karauli (09),55-59,36115,18068,18047,30472,15152,15320,5643,2916,2727
10368,C4114,8,107,District - Karauli (09),60-64,36797,18493,18304,31753,16000,15753,5044,2493,2551
10369,C4114,8,107,District - Karauli (09),65-69,28565,13533,15032,24755,11743,13012,3810,1790,2020
10370,C4114,8,107,District - Karauli (09),70-74,22535,11583,10952,19657,10207,9450,2878,1376,1502
10371,C4114,8,107,District - Karauli (09),75-79,9698,4786,4912,8203,4052,4151,1495,734,761
10372,C4114,8,107,District - Karauli (09),80+,11555,5754,5801,9853,4959,4894,1702,795,907
10373,C4114,8,107,District - Karauli (09),Age not stated,8345,4368,3977,7763,4057,3706,582,311,271
10374,C4114,8,108,District - Sawai Madhopur (10),All ages,1335551,704031,631520,1069084,564592,504492,266467,139439,127028
10375,C4114,8,108,District - Sawai Madhopur (10),0-4,137034,73098,63936,112447,59982,52465,24587,13116,11471
10376,C4114,8,108,District - Sawai Madhopur (10),5-9,157055,83843,73212,129002,68864,60138,28053,14979,13074
10377,C4114,8,108,District - Sawai Madhopur (10),10-14,167357,89029,78328,136563,72730,63833,30794,16299,14495
10378,C4114,8,108,District - Sawai Madhopur (10),15-19,147142,79267,67875,117108,63279,53829,30034,15988,14046
10379,C4114,8,108,District - Sawai Madhopur (10),20-24,128967,69830,59137,101379,55390,45989,27588,14440,13148
10380,C4114,8,108,District - Sawai Madhopur (10),25-29,104142,55724,48418,81683,44031,37652,22459,11693,10766
10381,C4114,8,108,District - Sawai Madhopur (10),30-34,90989,46187,44802,72038,36571,35467,18951,9616,9335
10382,C4114,8,108,District - Sawai Madhopur (10),35-39,84185,43695,40490,66089,34496,31593,18096,9199,8897
10383,C4114,8,108,District - Sawai Madhopur (10),40-44,73339,38394,34945,57508,30136,27372,15831,8258,7573
10384,C4114,8,108,District - Sawai Madhopur (10),45-49,60724,31883,28841,47276,24720,22556,13448,7163,6285
10385,C4114,8,108,District - Sawai Madhopur (10),50-54,47449,25793,21656,37279,20213,17066,10170,5580,4590
10386,C4114,8,108,District - Sawai Madhopur (10),55-59,36658,18321,18337,29124,14387,14737,7534,3934,3600
10387,C4114,8,108,District - Sawai Madhopur (10),60-64,34828,17843,16985,28396,14625,13771,6432,3218,3214
10388,C4114,8,108,District - Sawai Madhopur (10),65-69,24296,10950,13346,19736,8832,10904,4560,2118,2442
10389,C4114,8,108,District - Sawai Madhopur (10),70-74,21494,10738,10756,17718,8878,8840,3776,1860,1916
10390,C4114,8,108,District - Sawai Madhopur (10),75-79,8660,4117,4543,6967,3271,3696,1693,846,847
10391,C4114,8,108,District - Sawai Madhopur (10),80+,9849,4576,5273,7796,3643,4153,2053,933,1120
10392,C4114,8,108,District - Sawai Madhopur (10),Age not stated,1383,743,640,975,544,431,408,199,209
10393,C4114,8,109,District - Dausa (11),All ages,1634409,857787,776622,1432616,751900,680716,201793,105887,95906
10394,C4114,8,109,District - Dausa (11),0-4,176077,94477,81600,157949,84719,73230,18128,9758,8370
10395,C4114,8,109,District - Dausa (11),5-9,198959,105921,93038,177728,94322,83406,21231,11599,9632
10396,C4114,8,109,District - Dausa (11),10-14,212022,112239,99783,188300,99515,88785,23722,12724,10998
10397,C4114,8,109,District - Dausa (11),15-19,185752,99065,86687,163044,87042,76002,22708,12023,10685
10398,C4114,8,109,District - Dausa (11),20-24,152129,81011,71118,131974,70478,61496,20155,10533,9622
10399,C4114,8,109,District - Dausa (11),25-29,122197,64470,57727,105613,55788,49825,16584,8682,7902
10400,C4114,8,109,District - Dausa (11),30-34,107345,54016,53329,92884,46802,46082,14461,7214,7247
10401,C4114,8,109,District - Dausa (11),35-39,100082,51394,48688,86413,44422,41991,13669,6972,6697
10402,C4114,8,109,District - Dausa (11),40-44,83767,43582,40185,71714,37357,34357,12053,6225,5828
10403,C4114,8,109,District - Dausa (11),45-49,67524,35301,32223,57600,30003,27597,9924,5298,4626
10404,C4114,8,109,District - Dausa (11),50-54,52885,28487,24398,45299,24352,20947,7586,4135,3451
10405,C4114,8,109,District - Dausa (11),55-59,41620,20490,21130,35928,17588,18340,5692,2902,2790
10406,C4114,8,109,District - Dausa (11),60-64,40874,21048,19826,36056,18612,17444,4818,2436,2382
10407,C4114,8,109,District - Dausa (11),65-69,29043,13657,15386,25586,11998,13588,3457,1659,1798
10408,C4114,8,109,District - Dausa (11),70-74,23383,12107,11276,20745,10842,9903,2638,1265,1373
10409,C4114,8,109,District - Dausa (11),75-79,9909,4776,5133,8591,4167,4424,1318,609,709
10410,C4114,8,109,District - Dausa (11),80+,12403,6176,6227,10896,5482,5414,1507,694,813
10411,C4114,8,109,District - Dausa (11),Age not stated,18438,9570,8868,16296,8411,7885,2142,1159,983
10412,C4114,8,110,District - Jaipur (12),All ages,6626178,3468507,3157671,3154331,1642924,1511407,3471847,1825583,1646264
10413,C4114,8,110,District - Jaipur (12),0-4,637171,341491,295680,329026,176016,153010,308145,165475,142670
10414,C4114,8,110,District - Jaipur (12),5-9,715397,383362,332035,373561,197923,175638,341836,185439,156397
10415,C4114,8,110,District - Jaipur (12),10-14,770941,409156,361785,408001,214766,193235,362940,194390,168550
10416,C4114,8,110,District - Jaipur (12),15-19,733235,391962,341273,369571,196280,173291,363664,195682,167982
10417,C4114,8,110,District - Jaipur (12),20-24,662055,347476,314579,307741,163574,144167,354314,183902,170412
10418,C4114,8,110,District - Jaipur (12),25-29,572349,294603,277746,248039,129844,118195,324310,164759,159551
10419,C4114,8,110,District - Jaipur (12),30-34,499282,253751,245531,216679,109391,107288,282603,144360,138243
10420,C4114,8,110,District - Jaipur (12),35-39,455078,234208,220870,198183,101648,96535,256895,132560,124335
10421,C4114,8,110,District - Jaipur (12),40-44,380633,199660,180973,165135,86136,78999,215498,113524,101974
10422,C4114,8,110,District - Jaipur (12),45-49,311487,163105,148382,131688,68447,63241,179799,94658,85141
10423,C4114,8,110,District - Jaipur (12),50-54,244796,131215,113581,102695,54338,48357,142101,76877,65224
10424,C4114,8,110,District - Jaipur (12),55-59,184131,93529,90602,79464,38647,40817,104667,54882,49785
10425,C4114,8,110,District - Jaipur (12),60-64,161088,82061,79027,75200,37179,38021,85888,44882,41006
10426,C4114,8,110,District - Jaipur (12),65-69,111247,53943,57304,55132,25521,29611,56115,28422,27693
10427,C4114,8,110,District - Jaipur (12),70-74,87381,42565,44816,45083,21342,23741,42298,21223,21075
10428,C4114,8,110,District - Jaipur (12),75-79,43006,20459,22547,20999,9415,11584,22007,11044,10963
10429,C4114,8,110,District - Jaipur (12),80+,52408,23518,28890,26072,11348,14724,26336,12170,14166
10430,C4114,8,110,District - Jaipur (12),Age not stated,4493,2443,2050,2062,1109,953,2431,1334,1097
10431,C4114,8,111,District - Sikar (13),All ages,2677333,1374990,1302343,2043427,1047469,995958,633906,327521,306385
10432,C4114,8,111,District - Sikar (13),0-4,260210,140808,119402,199860,108442,91418,60350,32366,27984
10433,C4114,8,111,District - Sikar (13),5-9,292583,157608,134975,224561,121314,103247,68022,36294,31728
10434,C4114,8,111,District - Sikar (13),10-14,327776,174000,153776,254523,135677,118846,73253,38323,34930
10435,C4114,8,111,District - Sikar (13),15-19,315383,169199,146184,241792,130701,111091,73591,38498,35093
10436,C4114,8,111,District - Sikar (13),20-24,270760,141689,129071,201442,105452,95990,69318,36237,33081
10437,C4114,8,111,District - Sikar (13),25-29,206101,104531,101570,153584,77325,76259,52517,27206,25311
10438,C4114,8,111,District - Sikar (13),30-34,177605,86246,91359,134054,64461,69593,43551,21785,21766
10439,C4114,8,111,District - Sikar (13),35-39,163875,79469,84406,123572,59554,64018,40303,19915,20388
10440,C4114,8,111,District - Sikar (13),40-44,144192,71312,72880,108568,53219,55349,35624,18093,17531
10441,C4114,8,111,District - Sikar (13),45-49,119330,58845,60485,89629,43806,45823,29701,15039,14662
10442,C4114,8,111,District - Sikar (13),50-54,99471,51841,47630,75979,39161,36818,23492,12680,10812
10443,C4114,8,111,District - Sikar (13),55-59,74562,36141,38421,57832,27623,30209,16730,8518,8212
10444,C4114,8,111,District - Sikar (13),60-64,70005,34400,35605,55083,26872,28211,14922,7528,7394
10445,C4114,8,111,District - Sikar (13),65-69,49584,22666,26918,39381,17820,21561,10203,4846,5357
10446,C4114,8,111,District - Sikar (13),70-74,42156,19027,23129,34028,15245,18783,8128,3782,4346
10447,C4114,8,111,District - Sikar (13),75-79,20435,8673,11762,16330,6838,9492,4105,1835,2270
10448,C4114,8,111,District - Sikar (13),80+,25013,9401,15612,19921,7338,12583,5092,2063,3029
10449,C4114,8,111,District - Sikar (13),Age not stated,18292,9134,9158,13288,6621,6667,5004,2513,2491
10450,C4114,8,112,District - Nagaur (14),All ages,3307743,1696325,1611418,2670539,1368771,1301768,637204,327554,309650
10451,C4114,8,112,District - Nagaur (14),0-4,345156,181425,163731,280765,147732,133033,64391,33693,30698
10452,C4114,8,112,District - Nagaur (14),5-9,393119,207333,185786,319605,168844,150761,73514,38489,35025
10453,C4114,8,112,District - Nagaur (14),10-14,419958,219160,200798,340644,177883,162761,79314,41277,38037
10454,C4114,8,112,District - Nagaur (14),15-19,364564,192374,172190,291000,154031,136969,73564,38343,35221
10455,C4114,8,112,District - Nagaur (14),20-24,311311,163089,148222,245841,129027,116814,65470,34062,31408
10456,C4114,8,112,District - Nagaur (14),25-29,254215,129837,124378,201980,103199,98781,52235,26638,25597
10457,C4114,8,112,District - Nagaur (14),30-34,222768,110590,112178,178199,88298,89901,44569,22292,22277
10458,C4114,8,112,District - Nagaur (14),35-39,204651,102763,101888,163309,82070,81239,41342,20693,20649
10459,C4114,8,112,District - Nagaur (14),40-44,179227,91569,87658,143715,73127,70588,35512,18442,17070
10460,C4114,8,112,District - Nagaur (14),45-49,147497,74302,73195,118851,59556,59295,28646,14746,13900
10461,C4114,8,112,District - Nagaur (14),50-54,120696,64097,56599,98519,52097,46422,22177,12000,10177
10462,C4114,8,112,District - Nagaur (14),55-59,89170,43305,45865,73218,35371,37847,15952,7934,8018
10463,C4114,8,112,District - Nagaur (14),60-64,85028,42186,42842,70764,35039,35725,14264,7147,7117
10464,C4114,8,112,District - Nagaur (14),65-69,59410,26948,32462,49890,22531,27359,9520,4417,5103
10465,C4114,8,112,District - Nagaur (14),70-74,52238,23677,28561,44536,20143,24393,7702,3534,4168
10466,C4114,8,112,District - Nagaur (14),75-79,25287,10808,14479,21530,9094,12436,3757,1714,2043
10467,C4114,8,112,District - Nagaur (14),80+,31640,11793,19847,26682,9850,16832,4958,1943,3015
10468,C4114,8,112,District - Nagaur (14),Age not stated,1808,1069,739,1491,879,612,317,190,127
10469,C4114,8,113,District - Jodhpur (15),All ages,3687165,1923928,1763237,2422551,1260328,1162223,1264614,663600,601014
10470,C4114,8,113,District - Jodhpur (15),0-4,415415,219450,195965,302920,159937,142983,112495,59513,52982
10471,C4114,8,113,District - Jodhpur (15),5-9,460286,242593,217693,332901,174977,157924,127385,67616,59769
10472,C4114,8,113,District - Jodhpur (15),10-14,466464,244710,221754,334443,174537,159906,132021,70173,61848
10473,C4114,8,113,District - Jodhpur (15),15-19,379604,206422,173182,252104,137971,114133,127500,68451,59049
10474,C4114,8,113,District - Jodhpur (15),20-24,339183,180125,159058,211749,113222,98527,127434,66903,60531
10475,C4114,8,113,District - Jodhpur (15),25-29,298834,154349,144485,181869,93731,88138,116965,60618,56347
10476,C4114,8,113,District - Jodhpur (15),30-34,259119,133456,125663,157198,80646,76552,101921,52810,49111
10477,C4114,8,113,District - Jodhpur (15),35-39,226128,116926,109202,134169,69028,65141,91959,47898,44061
10478,C4114,8,113,District - Jodhpur (15),40-44,188524,98456,90068,112090,58285,53805,76434,40171,36263
10479,C4114,8,113,District - Jodhpur (15),45-49,162551,83552,78999,95663,48227,47436,66888,35325,31563
10480,C4114,8,113,District - Jodhpur (15),50-54,132342,70781,61561,79503,42226,37277,52839,28555,24284
10481,C4114,8,113,District - Jodhpur (15),55-59,98873,49392,49481,58958,28403,30555,39915,20989,18926
10482,C4114,8,113,District - Jodhpur (15),60-64,89632,45819,43813,57105,28912,28193,32527,16907,15620
10483,C4114,8,113,District - Jodhpur (15),65-69,59653,28243,31410,38571,17866,20705,21082,10377,10705
10484,C4114,8,113,District - Jodhpur (15),70-74,51163,24369,26794,35151,16527,18624,16012,7842,8170
10485,C4114,8,113,District - Jodhpur (15),75-79,24684,10940,13744,16024,6833,9191,8660,4107,4553
10486,C4114,8,113,District - Jodhpur (15),80+,32933,13306,19627,21280,8480,12800,11653,4826,6827
10487,C4114,8,113,District - Jodhpur (15),Age not stated,1777,1039,738,853,520,333,924,519,405
10488,C4114,8,114,District - Jaisalmer (16),All ages,669919,361708,308211,580894,312447,268447,89025,49261,39764
10489,C4114,8,114,District - Jaisalmer (16),0-4,89126,47540,41586,80346,42894,37452,8780,4646,4134
10490,C4114,8,114,District - Jaisalmer (16),5-9,96022,51403,44619,85942,46015,39927,10080,5388,4692
10491,C4114,8,114,District - Jaisalmer (16),10-14,89157,48574,40583,79111,43082,36029,10046,5492,4554
10492,C4114,8,114,District - Jaisalmer (16),15-19,62874,36731,26143,54930,32318,22612,7944,4413,3531
10493,C4114,8,114,District - Jaisalmer (16),20-24,58687,32020,26667,50211,27385,22826,8476,4635,3841
10494,C4114,8,114,District - Jaisalmer (16),25-29,53103,28691,24412,44315,23674,20641,8788,5017,3771
10495,C4114,8,114,District - Jaisalmer (16),30-34,45094,24211,20883,37389,19835,17554,7705,4376,3329
10496,C4114,8,114,District - Jaisalmer (16),35-39,36641,19646,16995,29932,15835,14097,6709,3811,2898
10497,C4114,8,114,District - Jaisalmer (16),40-44,31356,17033,14323,25742,13683,12059,5614,3350,2264
10498,C4114,8,114,District - Jaisalmer (16),45-49,27203,14515,12688,22505,11806,10699,4698,2709,1989
10499,C4114,8,114,District - Jaisalmer (16),50-54,22318,12314,10004,18904,10306,8598,3414,2008,1406
10500,C4114,8,114,District - Jaisalmer (16),55-59,15880,8134,7746,13733,6980,6753,2147,1154,993
10501,C4114,8,114,District - Jaisalmer (16),60-64,14518,7603,6915,12838,6729,6109,1680,874,806
10502,C4114,8,114,District - Jaisalmer (16),65-69,9790,4780,5010,8729,4272,4457,1061,508,553
10503,C4114,8,114,District - Jaisalmer (16),70-74,8436,4148,4288,7545,3715,3830,891,433,458
10504,C4114,8,114,District - Jaisalmer (16),75-79,3970,1778,2192,3527,1576,1951,443,202,241
10505,C4114,8,114,District - Jaisalmer (16),80+,5065,2204,2861,4558,1988,2570,507,216,291
10506,C4114,8,114,District - Jaisalmer (16),Age not stated,679,383,296,637,354,283,42,29,13
10507,C4114,8,115,District - Barmer (17),All ages,2603751,1369022,1234729,2421914,1273249,1148665,181837,95773,86064
10508,C4114,8,115,District - Barmer (17),0-4,344756,180383,164373,326865,171071,155794,17891,9312,8579
10509,C4114,8,115,District - Barmer (17),5-9,367045,193608,173437,347009,182883,164126,20036,10725,9311
10510,C4114,8,115,District - Barmer (17),10-14,356104,187659,168445,335577,176702,158875,20527,10957,9570
10511,C4114,8,115,District - Barmer (17),15-19,253285,141256,112029,235405,131592,103813,17880,9664,8216
10512,C4114,8,115,District - Barmer (17),20-24,220757,121144,99613,202500,111550,90950,18257,9594,8663
10513,C4114,8,115,District - Barmer (17),25-29,189175,99248,89927,173048,90841,82207,16127,8407,7720
10514,C4114,8,115,District - Barmer (17),30-34,164808,85773,79035,151039,78545,72494,13769,7228,6541
10515,C4114,8,115,District - Barmer (17),35-39,140790,73764,67026,128277,67168,61109,12513,6596,5917
10516,C4114,8,115,District - Barmer (17),40-44,117011,61001,56010,106492,55244,51248,10519,5757,4762
10517,C4114,8,115,District - Barmer (17),45-49,105020,53352,51668,96015,48600,47415,9005,4752,4253
10518,C4114,8,115,District - Barmer (17),50-54,87400,47517,39883,80311,43630,36681,7089,3887,3202
10519,C4114,8,115,District - Barmer (17),55-59,64276,31950,32326,59200,29335,29865,5076,2615,2461
10520,C4114,8,115,District - Barmer (17),60-64,60024,30798,29226,55873,28706,27167,4151,2092,2059
10521,C4114,8,115,District - Barmer (17),65-69,41485,19696,21789,38818,18402,20416,2667,1294,1373
10522,C4114,8,115,District - Barmer (17),70-74,36270,17277,18993,34221,16358,17863,2049,919,1130
10523,C4114,8,115,District - Barmer (17),75-79,16007,6927,9080,14915,6442,8473,1092,485,607
10524,C4114,8,115,District - Barmer (17),80+,21014,8152,12862,19787,7685,12102,1227,467,760
10525,C4114,8,115,District - Barmer (17),Age not stated,18524,9517,9007,16562,8495,8067,1962,1022,940
10526,C4114,8,116,District - Jalor (18),All ages,1828730,936634,892096,1676975,857619,819356,151755,79015,72740
10527,C4114,8,116,District - Jalor (18),0-4,216333,114054,102279,200971,106012,94959,15362,8042,7320
10528,C4114,8,116,District - Jalor (18),5-9,238566,125657,112909,221212,116352,104860,17354,9305,8049
10529,C4114,8,116,District - Jalor (18),10-14,251587,131592,119995,232581,121445,111136,19006,10147,8859
10530,C4114,8,116,District - Jalor (18),15-19,189024,98054,90970,172821,89390,83431,16203,8664,7539
10531,C4114,8,116,District - Jalor (18),20-24,153320,79244,74076,138981,71672,67309,14339,7572,6767
10532,C4114,8,116,District - Jalor (18),25-29,127666,64469,63197,115773,58378,57395,11893,6091,5802
10533,C4114,8,116,District - Jalor (18),30-34,115532,57065,58467,104927,51776,53151,10605,5289,5316
10534,C4114,8,116,District - Jalor (18),35-39,105226,53086,52140,95431,47994,47437,9795,5092,4703
10535,C4114,8,116,District - Jalor (18),40-44,90468,46318,44150,82308,42085,40223,8160,4233,3927
10536,C4114,8,116,District - Jalor (18),45-49,79372,39785,39587,72371,36210,36161,7001,3575,3426
10537,C4114,8,116,District - Jalor (18),50-54,64747,34645,30102,59197,31681,27516,5550,2964,2586
10538,C4114,8,116,District - Jalor (18),55-59,49405,23453,25952,45173,21343,23830,4232,2110,2122
10539,C4114,8,116,District - Jalor (18),60-64,47715,24215,23500,44205,22436,21769,3510,1779,1731
10540,C4114,8,116,District - Jalor (18),65-69,32552,14803,17749,30259,13753,16506,2293,1050,1243
10541,C4114,8,116,District - Jalor (18),70-74,27383,13011,14372,25522,12161,13361,1861,850,1011
10542,C4114,8,116,District - Jalor (18),75-79,11895,4960,6935,11083,4605,6478,812,355,457
10543,C4114,8,116,District - Jalor (18),80+,15682,6155,9527,14624,5713,8911,1058,442,616
10544,C4114,8,116,District - Jalor (18),Age not stated,12257,6068,6189,9536,4613,4923,2721,1455,1266
10545,C4114,8,117,District - Sirohi (19),All ages,1036346,534231,502115,827692,424252,403440,208654,109979,98675
10546,C4114,8,117,District - Sirohi (19),0-4,118660,62133,56527,101081,52830,48251,17579,9303,8276
10547,C4114,8,117,District - Sirohi (19),5-9,128570,68697,59873,107826,57310,50516,20744,11387,9357
10548,C4114,8,117,District - Sirohi (19),10-14,129642,69430,60212,106598,56883,49715,23044,12547,10497
10549,C4114,8,117,District - Sirohi (19),15-19,108422,56545,51877,86408,44572,41836,22014,11973,10041
10550,C4114,8,117,District - Sirohi (19),20-24,88960,46041,42919,69451,35723,33728,19509,10318,9191
10551,C4114,8,117,District - Sirohi (19),25-29,75036,38350,36686,57738,29416,28322,17298,8934,8364
10552,C4114,8,117,District - Sirohi (19),30-34,68765,34460,34305,52663,26142,26521,16102,8318,7784
10553,C4114,8,117,District - Sirohi (19),35-39,66805,33597,33208,51038,25461,25577,15767,8136,7631
10554,C4114,8,117,District - Sirohi (19),40-44,58140,29779,28361,44563,22623,21940,13577,7156,6421
10555,C4114,8,117,District - Sirohi (19),45-49,50691,25840,24851,38951,19611,19340,11740,6229,5511
10556,C4114,8,117,District - Sirohi (19),50-54,39581,21044,18537,30662,16178,14484,8919,4866,4053
10557,C4114,8,117,District - Sirohi (19),55-59,29943,14507,15436,23178,10975,12203,6765,3532,3233
10558,C4114,8,117,District - Sirohi (19),60-64,26895,13263,13632,21403,10546,10857,5492,2717,2775
10559,C4114,8,117,District - Sirohi (19),65-69,18281,8291,9990,14396,6511,7885,3885,1780,2105
10560,C4114,8,117,District - Sirohi (19),70-74,13823,6489,7334,10864,5025,5839,2959,1464,1495
10561,C4114,8,117,District - Sirohi (19),75-79,6201,2577,3624,4694,1942,2752,1507,635,872
10562,C4114,8,117,District - Sirohi (19),80+,7527,2991,4536,5857,2341,3516,1670,650,1020
10563,C4114,8,117,District - Sirohi (19),Age not stated,404,197,207,321,163,158,83,34,49
10564,C4114,8,118,District - Pali (20),All ages,2037573,1025422,1012151,1577567,787559,790008,460006,237863,222143
10565,C4114,8,118,District - Pali (20),0-4,202137,105939,96198,159879,83680,76199,42258,22259,19999
10566,C4114,8,118,District - Pali (20),5-9,230563,121686,108877,182903,96278,86625,47660,25408,22252
10567,C4114,8,118,District - Pali (20),10-14,256878,134282,122596,203796,106340,97456,53082,27942,25140
10568,C4114,8,118,District - Pali (20),15-19,215460,106929,108531,164443,80038,84405,51017,26891,24126
10569,C4114,8,118,District - Pali (20),20-24,168425,84822,83603,123131,61352,61779,45294,23470,21824
10570,C4114,8,118,District - Pali (20),25-29,134520,66996,67524,97274,47874,49400,37246,19122,18124
10571,C4114,8,118,District - Pali (20),30-34,125591,61300,64291,92860,44762,48098,32731,16538,16193
10572,C4114,8,118,District - Pali (20),35-39,123337,60383,62954,92090,44779,47311,31247,15604,15643
10573,C4114,8,118,District - Pali (20),40-44,114175,56761,57414,86673,42612,44061,27502,14149,13353
10574,C4114,8,118,District - Pali (20),45-49,104333,52221,52112,80019,39670,40349,24314,12551,11763
10575,C4114,8,118,District - Pali (20),50-54,86934,45443,41491,67663,35074,32589,19271,10369,8902
10576,C4114,8,118,District - Pali (20),55-59,69375,33707,35668,55469,26421,29048,13906,7286,6620
10577,C4114,8,118,District - Pali (20),60-64,63721,31517,32204,52271,25778,26493,11450,5739,5711
10578,C4114,8,118,District - Pali (20),65-69,45305,20726,24579,37573,17043,20530,7732,3683,4049
10579,C4114,8,118,District - Pali (20),70-74,37722,17770,19952,31665,14924,16741,6057,2846,3211
10580,C4114,8,118,District - Pali (20),75-79,17082,7049,10033,14273,5849,8424,2809,1200,1609
10581,C4114,8,118,District - Pali (20),80+,23245,8966,14279,19217,7355,11862,4028,1611,2417
10582,C4114,8,118,District - Pali (20),Age not stated,18770,8925,9845,16368,7730,8638,2402,1195,1207
10583,C4114,8,119,District - Ajmer (21),All ages,2583052,1324085,1258967,1547642,789397,758245,1035410,534688,500722
10584,C4114,8,119,District - Ajmer (21),0-4,261925,137845,124080,174764,91903,82861,87161,45942,41219
10585,C4114,8,119,District - Ajmer (21),5-9,284300,148959,135341,187475,97557,89918,96825,51402,45423
10586,C4114,8,119,District - Ajmer (21),10-14,293108,153529,139579,191462,99880,91582,101646,53649,47997
10587,C4114,8,119,District - Ajmer (21),15-19,266355,139030,127325,165002,85824,79178,101353,53206,48147
10588,C4114,8,119,District - Ajmer (21),20-24,245003,126630,118373,141982,74060,67922,103021,52570,50451
10589,C4114,8,119,District - Ajmer (21),25-29,210386,109194,101192,115409,59824,55585,94977,49370,45607
10590,C4114,8,119,District - Ajmer (21),30-34,181844,92262,89582,100899,50627,50272,80945,41635,39310
10591,C4114,8,119,District - Ajmer (21),35-39,168431,85652,82779,93505,47206,46299,74926,38446,36480
10592,C4114,8,119,District - Ajmer (21),40-44,148283,75385,72898,83112,42038,41074,65171,33347,31824
10593,C4114,8,119,District - Ajmer (21),45-49,131393,66201,65192,72682,36274,36408,58711,29927,28784
10594,C4114,8,119,District - Ajmer (21),50-54,109723,57252,52471,60597,31342,29255,49126,25910,23216
10595,C4114,8,119,District - Ajmer (21),55-59,83672,41360,42312,46566,22163,24403,37106,19197,17909
10596,C4114,8,119,District - Ajmer (21),60-64,71072,34731,36341,41292,19771,21521,29780,14960,14820
10597,C4114,8,119,District - Ajmer (21),65-69,47062,21538,25524,27171,11990,15181,19891,9548,10343
10598,C4114,8,119,District - Ajmer (21),70-74,36698,16170,20528,21463,9117,12346,15235,7053,8182
10599,C4114,8,119,District - Ajmer (21),75-79,17765,7649,10116,9493,3795,5698,8272,3854,4418
10600,C4114,8,119,District - Ajmer (21),80+,22048,8520,13528,12152,4594,7558,9896,3926,5970
10601,C4114,8,119,District - Ajmer (21),Age not stated,3984,2178,1806,2616,1432,1184,1368,746,622
10602,C4114,8,120,District - Tonk (22),All ages,1421326,728136,693190,1103603,568045,535558,317723,160091,157632
10603,C4114,8,120,District - Tonk (22),0-4,138389,73036,65353,108964,57360,51604,29425,15676,13749
10604,C4114,8,120,District - Tonk (22),5-9,158170,83246,74924,125155,65642,59513,33015,17604,15411
10605,C4114,8,120,District - Tonk (22),10-14,174162,90839,83323,136922,71674,65248,37240,19165,18075
10606,C4114,8,120,District - Tonk (22),15-19,160156,81588,78568,120748,62935,57813,39408,18653,20755
10607,C4114,8,120,District - Tonk (22),20-24,139158,71106,68052,103039,54194,48845,36119,16912,19207
10608,C4114,8,120,District - Tonk (22),25-29,110159,57215,52944,84038,43928,40110,26121,13287,12834
10609,C4114,8,120,District - Tonk (22),30-34,97246,49202,48044,75172,38082,37090,22074,11120,10954
10610,C4114,8,120,District - Tonk (22),35-39,90243,45851,44392,69846,35591,34255,20397,10260,10137
10611,C4114,8,120,District - Tonk (22),40-44,80067,41142,38925,62448,32053,30395,17619,9089,8530
10612,C4114,8,120,District - Tonk (22),45-49,66450,34195,32255,51878,26590,25288,14572,7605,6967
10613,C4114,8,120,District - Tonk (22),50-54,54299,28752,25547,42637,22529,20108,11662,6223,5439
10614,C4114,8,120,District - Tonk (22),55-59,42680,20996,21684,34029,16539,17490,8651,4457,4194
10615,C4114,8,120,District - Tonk (22),60-64,37987,18765,19222,30762,15235,15527,7225,3530,3695
10616,C4114,8,120,District - Tonk (22),65-69,27543,12320,15223,22190,9856,12334,5353,2464,2889
10617,C4114,8,120,District - Tonk (22),70-74,22261,10434,11827,18108,8477,9631,4153,1957,2196
10618,C4114,8,120,District - Tonk (22),75-79,9432,4016,5416,7503,3124,4379,1929,892,1037
10619,C4114,8,120,District - Tonk (22),80+,11391,4675,6716,8975,3656,5319,2416,1019,1397
10620,C4114,8,120,District - Tonk (22),Age not stated,1533,758,775,1189,580,609,344,178,166
10621,C4114,8,121,District - Bundi (23),All ages,1110906,577160,533746,888205,461734,426471,222701,115426,107275
10622,C4114,8,121,District - Bundi (23),0-4,110041,57802,52239,90492,47590,42902,19549,10212,9337
10623,C4114,8,121,District - Bundi (23),5-9,121549,64397,57152,99961,52751,47210,21588,11646,9942
10624,C4114,8,121,District - Bundi (23),10-14,132786,70489,62297,108808,57707,51101,23978,12782,11196
10625,C4114,8,121,District - Bundi (23),15-19,123916,65337,58579,99101,52334,46767,24815,13003,11812
10626,C4114,8,121,District - Bundi (23),20-24,109567,57570,51997,86303,45528,40775,23264,12042,11222
10627,C4114,8,121,District - Bundi (23),25-29,88912,46627,42285,69467,36748,32719,19445,9879,9566
10628,C4114,8,121,District - Bundi (23),30-34,77340,39197,38143,60372,30570,29802,16968,8627,8341
10629,C4114,8,121,District - Bundi (23),35-39,72273,36794,35479,56581,28841,27740,15692,7953,7739
10630,C4114,8,121,District - Bundi (23),40-44,63941,33136,30805,50404,26145,24259,13537,6991,6546
10631,C4114,8,121,District - Bundi (23),45-49,54094,27962,26132,42127,21729,20398,11967,6233,5734
10632,C4114,8,121,District - Bundi (23),50-54,42920,23088,19832,33376,17978,15398,9544,5110,4434
10633,C4114,8,121,District - Bundi (23),55-59,32741,16376,16365,25805,12612,13193,6936,3764,3172
10634,C4114,8,121,District - Bundi (23),60-64,28918,14345,14573,23644,11750,11894,5274,2595,2679
10635,C4114,8,121,District - Bundi (23),65-69,20991,9542,11449,17196,7831,9365,3795,1711,2084
10636,C4114,8,121,District - Bundi (23),70-74,16151,7896,8255,13044,6469,6575,3107,1427,1680
10637,C4114,8,121,District - Bundi (23),75-79,6773,2990,3783,5287,2284,3003,1486,706,780
10638,C4114,8,121,District - Bundi (23),80+,7464,3308,4156,5752,2584,3168,1712,724,988
10639,C4114,8,121,District - Bundi (23),Age not stated,529,304,225,485,283,202,44,21,23
10640,C4114,8,122,District - Bhilwara (24),All ages,2408523,1220736,1187787,1895869,955378,940491,512654,265358,247296
10641,C4114,8,122,District - Bhilwara (24),0-4,248063,128449,119614,201805,104299,97506,46258,24150,22108
10642,C4114,8,122,District - Bhilwara (24),5-9,272274,141520,130754,220298,113947,106351,51976,27573,24403
10643,C4114,8,122,District - Bhilwara (24),10-14,273835,141294,132541,220554,113146,107408,53281,28148,25133
10644,C4114,8,122,District - Bhilwara (24),15-19,242122,122241,119881,190775,95344,95431,51347,26897,24450
10645,C4114,8,122,District - Bhilwara (24),20-24,219337,112481,106856,167084,85569,81515,52253,26912,25341
10646,C4114,8,122,District - Bhilwara (24),25-29,183823,93530,90293,136798,69615,67183,47025,23915,23110
10647,C4114,8,122,District - Bhilwara (24),30-34,169240,85030,84210,127159,63602,63557,42081,21428,20653
10648,C4114,8,122,District - Bhilwara (24),35-39,158695,79839,78856,120559,60393,60166,38136,19446,18690
10649,C4114,8,122,District - Bhilwara (24),40-44,140740,72117,68623,108615,55342,53273,32125,16775,15350
10650,C4114,8,122,District - Bhilwara (24),45-49,120801,61303,59498,94301,47396,46905,26500,13907,12593
10651,C4114,8,122,District - Bhilwara (24),50-54,98088,51841,46247,77683,40876,36807,20405,10965,9440
10652,C4114,8,122,District - Bhilwara (24),55-59,75159,36172,38987,60472,28642,31830,14687,7530,7157
10653,C4114,8,122,District - Bhilwara (24),60-64,69780,34111,35669,57695,28065,29630,12085,6046,6039
10654,C4114,8,122,District - Bhilwara (24),65-69,48835,21977,26858,40753,18115,22638,8082,3862,4220
10655,C4114,8,122,District - Bhilwara (24),70-74,37730,17305,20425,31744,14457,17287,5986,2848,3138
10656,C4114,8,122,District - Bhilwara (24),75-79,15996,6575,9421,12914,5179,7735,3082,1396,1686
10657,C4114,8,122,District - Bhilwara (24),80+,19435,7831,11604,15385,6037,9348,4050,1794,2256
10658,C4114,8,122,District - Bhilwara (24),Age not stated,14570,7120,7450,11275,5354,5921,3295,1766,1529
10659,C4114,8,123,District - Rajsamand (25),All ages,1156597,581339,575258,972777,486960,485817,183820,94379,89441
10660,C4114,8,123,District - Rajsamand (25),0-4,119920,62815,57105,104449,54683,49766,15471,8132,7339
10661,C4114,8,123,District - Rajsamand (25),5-9,134224,70324,63900,115783,60523,55260,18441,9801,8640
10662,C4114,8,123,District - Rajsamand (25),10-14,135172,70494,64678,115045,59755,55290,20127,10739,9388
10663,C4114,8,123,District - Rajsamand (25),15-19,115759,57384,58375,96576,47433,49143,19183,9951,9232
10664,C4114,8,123,District - Rajsamand (25),20-24,99476,49965,49511,81781,40960,40821,17695,9005,8690
10665,C4114,8,123,District - Rajsamand (25),25-29,82614,41112,41502,67234,33387,33847,15380,7725,7655
10666,C4114,8,123,District - Rajsamand (25),30-34,78121,38113,40008,63611,30936,32675,14510,7177,7333
10667,C4114,8,123,District - Rajsamand (25),35-39,74632,36839,37793,61196,30122,31074,13436,6717,6719
10668,C4114,8,123,District - Rajsamand (25),40-44,65438,32937,32501,53749,26860,26889,11689,6077,5612
10669,C4114,8,123,District - Rajsamand (25),45-49,56908,28290,28618,47068,23220,23848,9840,5070,4770
10670,C4114,8,123,District - Rajsamand (25),50-54,47386,24570,22816,39506,20357,19149,7880,4213,3667
10671,C4114,8,123,District - Rajsamand (25),55-59,37305,17617,19688,31683,14724,16959,5622,2893,2729
10672,C4114,8,123,District - Rajsamand (25),60-64,36819,17864,18955,31941,15483,16458,4878,2381,2497
10673,C4114,8,123,District - Rajsamand (25),65-69,26999,12273,14726,23481,10546,12935,3518,1727,1791
10674,C4114,8,123,District - Rajsamand (25),70-74,22597,10799,11798,19780,9476,10304,2817,1323,1494
10675,C4114,8,123,District - Rajsamand (25),75-79,10056,4367,5689,8672,3771,4901,1384,596,788
10676,C4114,8,123,District - Rajsamand (25),80+,12506,5238,7268,10667,4446,6221,1839,792,1047
10677,C4114,8,123,District - Rajsamand (25),Age not stated,665,338,327,555,278,277,110,60,50
10678,C4114,8,124,District - Dungarpur (26),All ages,1388552,696532,692020,1299809,651046,648763,88743,45486,43257
10679,C4114,8,124,District - Dungarpur (26),0-4,166786,86629,80157,159504,82735,76769,7282,3894,3388
10680,C4114,8,124,District - Dungarpur (26),5-9,178040,92343,85697,169143,87516,81627,8897,4827,4070
10681,C4114,8,124,District - Dungarpur (26),10-14,174254,90265,83989,164892,85173,79719,9362,5092,4270
10682,C4114,8,124,District - Dungarpur (26),15-19,142340,71133,71207,133061,66176,66885,9279,4957,4322
10683,C4114,8,124,District - Dungarpur (26),20-24,111791,55505,56286,103249,51194,52055,8542,4311,4231
10684,C4114,8,124,District - Dungarpur (26),25-29,95247,46526,48721,87949,42896,45053,7298,3630,3668
10685,C4114,8,124,District - Dungarpur (26),30-34,91169,44129,47040,84162,40794,43368,7007,3335,3672
10686,C4114,8,124,District - Dungarpur (26),35-39,86226,42026,44200,79798,38877,40921,6428,3149,3279
10687,C4114,8,124,District - Dungarpur (26),40-44,75486,37545,37941,69786,34748,35038,5700,2797,2903
10688,C4114,8,124,District - Dungarpur (26),45-49,64819,32636,32183,59855,30127,29728,4964,2509,2455
10689,C4114,8,124,District - Dungarpur (26),50-54,48327,25563,22764,44164,23357,20807,4163,2206,1957
10690,C4114,8,124,District - Dungarpur (26),55-59,35276,17107,18169,32356,15616,16740,2920,1491,1429
10691,C4114,8,124,District - Dungarpur (26),60-64,35265,16568,18697,33009,15459,17550,2256,1109,1147
10692,C4114,8,124,District - Dungarpur (26),65-69,30296,13762,16534,28723,13030,15693,1573,732,841
10693,C4114,8,124,District - Dungarpur (26),70-74,21055,10044,11011,19846,9481,10365,1209,563,646
10694,C4114,8,124,District - Dungarpur (26),75-79,10384,4567,5817,9821,4301,5520,563,266,297
10695,C4114,8,124,District - Dungarpur (26),80+,11314,4974,6340,10619,4675,5944,695,299,396
10696,C4114,8,124,District - Dungarpur (26),Age not stated,10477,5210,5267,9872,4891,4981,605,319,286
10697,C4114,8,125,District - Banswara (27),All ages,1797485,907754,889731,1669864,842767,827097,127621,64987,62634
10698,C4114,8,125,District - Banswara (27),0-4,226353,116886,109467,215502,111130,104372,10851,5756,5095
10699,C4114,8,125,District - Banswara (27),5-9,235449,121411,114038,223378,114932,108446,12071,6479,5592
10700,C4114,8,125,District - Banswara (27),10-14,224817,115940,108877,212014,109090,102924,12803,6850,5953
10701,C4114,8,125,District - Banswara (27),15-19,182340,89545,92795,170116,83147,86969,12224,6398,5826
10702,C4114,8,125,District - Banswara (27),20-24,154555,78511,76044,142206,72311,69895,12349,6200,6149
10703,C4114,8,125,District - Banswara (27),25-29,129515,65123,64392,118118,59578,58540,11397,5545,5852
10704,C4114,8,125,District - Banswara (27),30-34,117899,59083,58816,107551,54021,53530,10348,5062,5286
10705,C4114,8,125,District - Banswara (27),35-39,112402,56176,56226,102962,51535,51427,9440,4641,4799
10706,C4114,8,125,District - Banswara (27),40-44,96437,49587,46850,88277,45488,42789,8160,4099,4061
10707,C4114,8,125,District - Banswara (27),45-49,79476,40253,39223,72356,36724,35632,7120,3529,3591
10708,C4114,8,125,District - Banswara (27),50-54,57636,30783,26853,51543,27631,23912,6093,3152,2941
10709,C4114,8,125,District - Banswara (27),55-59,43032,20834,22198,38633,18562,20071,4399,2272,2127
10710,C4114,8,125,District - Banswara (27),60-64,41170,19548,21622,37787,17833,19954,3383,1715,1668
10711,C4114,8,125,District - Banswara (27),65-69,30666,13933,16733,28532,12906,15626,2134,1027,1107
10712,C4114,8,125,District - Banswara (27),70-74,22118,10307,11811,20459,9530,10929,1659,777,882
10713,C4114,8,125,District - Banswara (27),75-79,9603,4087,5516,8784,3682,5102,819,405,414
10714,C4114,8,125,District - Banswara (27),80+,12329,5190,7139,11257,4729,6528,1072,461,611
10715,C4114,8,125,District - Banswara (27),Age not stated,21688,10557,11131,20389,9938,10451,1299,619,680
10716,C4114,8,126,District - Chittaurgarh (28),All ages,1544338,783171,761167,1259074,636415,622659,285264,146756,138508
10717,C4114,8,126,District - Chittaurgarh (28),0-4,145557,75817,69740,121270,63041,58229,24287,12776,11511
10718,C4114,8,126,District - Chittaurgarh (28),5-9,161621,84716,76905,134344,70196,64148,27277,14520,12757
10719,C4114,8,126,District - Chittaurgarh (28),10-14,160966,84308,76658,131964,68911,63053,29002,15397,13605
10720,C4114,8,126,District - Chittaurgarh (28),15-19,149066,75380,73686,120812,60509,60303,28254,14871,13383
10721,C4114,8,126,District - Chittaurgarh (28),20-24,141273,71547,69726,113134,57505,55629,28139,14042,14097
10722,C4114,8,126,District - Chittaurgarh (28),25-29,121560,61334,60226,96175,48661,47514,25385,12673,12712
10723,C4114,8,126,District - Chittaurgarh (28),30-34,114735,57151,57584,91620,45631,45989,23115,11520,11595
10724,C4114,8,126,District - Chittaurgarh (28),35-39,108815,54943,53872,86993,43920,43073,21822,11023,10799
10725,C4114,8,126,District - Chittaurgarh (28),40-44,94795,48665,46130,76223,39124,37099,18572,9541,9031
10726,C4114,8,126,District - Chittaurgarh (28),45-49,79958,40420,39538,64204,32254,31950,15754,8166,7588
10727,C4114,8,126,District - Chittaurgarh (28),50-54,65663,34765,30898,52916,27793,25123,12747,6972,5775
10728,C4114,8,126,District - Chittaurgarh (28),55-59,51084,24318,26766,42078,19576,22502,9006,4742,4264
10729,C4114,8,126,District - Chittaurgarh (28),60-64,48311,23652,24659,40981,20011,20970,7330,3641,3689
10730,C4114,8,126,District - Chittaurgarh (28),65-69,35292,16025,19267,30203,13622,16581,5089,2403,2686
10731,C4114,8,126,District - Chittaurgarh (28),70-74,29328,14022,15306,25599,12212,13387,3729,1810,1919
10732,C4114,8,126,District - Chittaurgarh (28),75-79,13387,5842,7545,11445,4954,6491,1942,888,1054
10733,C4114,8,126,District - Chittaurgarh (28),80+,15932,6714,9218,13494,5665,7829,2438,1049,1389
10734,C4114,8,126,District - Chittaurgarh (28),Age not stated,6995,3552,3443,5619,2830,2789,1376,722,654
10735,C4114,8,127,District - Kota (29),All ages,1951014,1021161,929853,774410,401331,373079,1176604,619830,556774
10736,C4114,8,127,District - Kota (29),0-4,177151,92775,84376,75030,39125,35905,102121,53650,48471
10737,C4114,8,127,District - Kota (29),5-9,188669,99811,88858,81713,42731,38982,106956,57080,49876
10738,C4114,8,127,District - Kota (29),10-14,208391,110727,97664,91722,48074,43648,116669,62653,54016
10739,C4114,8,127,District - Kota (29),15-19,219713,119125,100588,87187,45593,41594,132526,73532,58994
10740,C4114,8,127,District - Kota (29),20-24,208494,109278,99216,78075,41432,36643,130419,67846,62573
10741,C4114,8,127,District - Kota (29),25-29,175056,91454,83602,62082,32736,29346,112974,58718,54256
10742,C4114,8,127,District - Kota (29),30-34,147298,75756,71542,54397,27505,26892,92901,48251,44650
10743,C4114,8,127,District - Kota (29),35-39,134783,69211,65572,50727,26001,24726,84056,43210,40846
10744,C4114,8,127,District - Kota (29),40-44,115306,60051,55255,43813,22935,20878,71493,37116,34377
10745,C4114,8,127,District - Kota (29),45-49,98509,51634,46875,36032,18882,17150,62477,32752,29725
10746,C4114,8,127,District - Kota (29),50-54,77103,41659,35444,28186,15112,13074,48917,26547,22370
10747,C4114,8,127,District - Kota (29),55-59,58202,29711,28491,22588,11072,11516,35614,18639,16975
10748,C4114,8,127,District - Kota (29),60-64,50390,25571,24819,21204,10504,10700,29186,15067,14119
10749,C4114,8,127,District - Kota (29),65-69,35554,17109,18445,16173,7487,8686,19381,9622,9759
10750,C4114,8,127,District - Kota (29),70-74,27098,13528,13570,13016,6376,6640,14082,7152,6930
10751,C4114,8,127,District - Kota (29),75-79,12679,6175,6504,5705,2677,3028,6974,3498,3476
10752,C4114,8,127,District - Kota (29),80+,14370,6373,7997,6125,2736,3389,8245,3637,4608
10753,C4114,8,127,District - Kota (29),Age not stated,2248,1213,1035,635,353,282,1613,860,753
10754,C4114,8,128,District - Baran (30),All ages,1222755,633945,588810,968541,502228,466313,254214,131717,122497
10755,C4114,8,128,District - Baran (30),0-4,125243,65373,59870,102197,53307,48890,23046,12066,10980
10756,C4114,8,128,District - Baran (30),5-9,137272,71679,65593,111020,57805,53215,26252,13874,12378
10757,C4114,8,128,District - Baran (30),10-14,149744,78911,70833,119864,63088,56776,29880,15823,14057
10758,C4114,8,128,District - Baran (30),15-19,133997,70148,63849,104997,54927,50070,29000,15221,13779
10759,C4114,8,128,District - Baran (30),20-24,120005,62696,57309,93748,49280,44468,26257,13416,12841
10760,C4114,8,128,District - Baran (30),25-29,95943,50495,45448,74140,39313,34827,21803,11182,10621
10761,C4114,8,128,District - Baran (30),30-34,83931,42301,41630,64967,32868,32099,18964,9433,9531
10762,C4114,8,128,District - Baran (30),35-39,78823,40324,38499,61064,31373,29691,17759,8951,8808
10763,C4114,8,128,District - Baran (30),40-44,67880,35818,32062,52584,27741,24843,15296,8077,7219
10764,C4114,8,128,District - Baran (30),45-49,55710,29223,26487,43215,22526,20689,12495,6697,5798
10765,C4114,8,128,District - Baran (30),50-54,41955,22935,19020,32802,17866,14936,9153,5069,4084
10766,C4114,8,128,District - Baran (30),55-59,32650,16132,16518,26144,12813,13331,6506,3319,3187
10767,C4114,8,128,District - Baran (30),60-64,32109,15662,16447,26359,12807,13552,5750,2855,2895
10768,C4114,8,128,District - Baran (30),65-69,26540,12469,14071,21994,10360,11634,4546,2109,2437
10769,C4114,8,128,District - Baran (30),70-74,20612,10352,10260,16993,8538,8455,3619,1814,1805
10770,C4114,8,128,District - Baran (30),75-79,9133,4258,4875,7398,3417,3981,1735,841,894
10771,C4114,8,128,District - Baran (30),80+,10101,4571,5530,8102,3677,4425,1999,894,1105
10772,C4114,8,128,District - Baran (30),Age not stated,1107,598,509,953,522,431,154,76,78
10773,C4114,8,129,District - Jhalawar (31),All ages,1411129,725143,685986,1181838,606533,575305,229291,118610,110681
10774,C4114,8,129,District - Jhalawar (31),0-4,141696,74017,67679,120593,62904,57689,21103,11113,9990
10775,C4114,8,129,District - Jhalawar (31),5-9,159777,83257,76520,136312,70793,65519,23465,12464,11001
10776,C4114,8,129,District - Jhalawar (31),10-14,163875,85806,78069,139287,72744,66543,24588,13062,11526
10777,C4114,8,129,District - Jhalawar (31),15-19,142442,73615,68827,118995,61176,57819,23447,12439,11008
10778,C4114,8,129,District - Jhalawar (31),20-24,132597,68618,63979,109657,57069,52588,22940,11549,11391
10779,C4114,8,129,District - Jhalawar (31),25-29,110159,56248,53911,89837,46010,43827,20322,10238,10084
10780,C4114,8,129,District - Jhalawar (31),30-34,101758,50873,50885,83585,41769,41816,18173,9104,9069
10781,C4114,8,129,District - Jhalawar (31),35-39,94277,47980,46297,77566,39410,38156,16711,8570,8141
10782,C4114,8,129,District - Jhalawar (31),40-44,82982,43419,39563,68734,35941,32793,14248,7478,6770
10783,C4114,8,129,District - Jhalawar (31),45-49,67093,34930,32163,55370,28699,26671,11723,6231,5492
10784,C4114,8,129,District - Jhalawar (31),50-54,51784,27997,23787,42643,23116,19527,9141,4881,4260
10785,C4114,8,129,District - Jhalawar (31),55-59,39658,19090,20568,32936,15608,17328,6722,3482,3240
10786,C4114,8,129,District - Jhalawar (31),60-64,40151,19810,20341,34442,16960,17482,5709,2850,2859
10787,C4114,8,129,District - Jhalawar (31),65-69,32008,14834,17174,27817,12862,14955,4191,1972,2219
10788,C4114,8,129,District - Jhalawar (31),70-74,25437,12908,12529,22202,11345,10857,3235,1563,1672
10789,C4114,8,129,District - Jhalawar (31),75-79,11396,5219,6177,9880,4535,5345,1516,684,832
10790,C4114,8,129,District - Jhalawar (31),80+,13240,6093,7147,11306,5227,6079,1934,866,1068
10791,C4114,8,129,District - Jhalawar (31),Age not stated,799,429,370,676,365,311,123,64,59
10792,C4114,8,130,District - Udaipur (32),All ages,3068420,1566801,1501619,2459994,1251316,1208678,608426,315485,292941
10793,C4114,8,130,District - Udaipur (32),0-4,350080,181543,168537,303959,157098,146861,46121,24445,21676
10794,C4114,8,130,District - Udaipur (32),5-9,373692,194412,179280,322021,166328,155693,51671,28084,23587
10795,C4114,8,130,District - Udaipur (32),10-14,350612,183909,166703,294772,153725,141047,55840,30184,25656
10796,C4114,8,130,District - Udaipur (32),15-19,300339,153796,146543,241880,122498,119382,58459,31298,27161
10797,C4114,8,130,District - Udaipur (32),20-24,266253,134535,131718,206183,103979,102204,60070,30556,29514
10798,C4114,8,130,District - Udaipur (32),25-29,235460,118474,116986,178443,89892,88551,57017,28582,28435
10799,C4114,8,130,District - Udaipur (32),30-34,215390,108147,107243,164654,82460,82194,50736,25687,25049
10800,C4114,8,130,District - Udaipur (32),35-39,203121,102124,100997,156023,78329,77694,47098,23795,23303
10801,C4114,8,130,District - Udaipur (32),40-44,173353,89385,83968,133039,68854,64185,40314,20531,19783
10802,C4114,8,130,District - Udaipur (32),45-49,147423,74872,72551,111974,56625,55349,35449,18247,17202
10803,C4114,8,130,District - Udaipur (32),50-54,115752,62025,53727,86433,46465,39968,29319,15560,13759
10804,C4114,8,130,District - Udaipur (32),55-59,88846,43039,45807,66399,31506,34893,22447,11533,10914
10805,C4114,8,130,District - Udaipur (32),60-64,84963,42412,42551,66158,32639,33519,18805,9773,9032
10806,C4114,8,130,District - Udaipur (32),65-69,63496,29974,33522,50465,23507,26958,13031,6467,6564
10807,C4114,8,130,District - Udaipur (32),70-74,48473,24366,24107,38607,19469,19138,9866,4897,4969
10808,C4114,8,130,District - Udaipur (32),75-79,22917,10582,12335,17479,7886,9593,5438,2696,2742
10809,C4114,8,130,District - Udaipur (32),80+,26587,12219,14368,20138,9243,10895,6449,2976,3473
10810,C4114,8,130,District - Udaipur (32),Age not stated,1663,987,676,1367,813,554,296,174,122
10811,C4114,8,131,District - Pratapgarh (33),All ages,867848,437744,430104,796041,401171,394870,71807,36573,35234
10812,C4114,8,131,District - Pratapgarh (33),0-4,102856,53205,49651,96852,50083,46769,6004,3122,2882
10813,C4114,8,131,District - Pratapgarh (33),5-9,111467,57160,54307,104726,53604,51122,6741,3556,3185
10814,C4114,8,131,District - Pratapgarh (33),10-14,104119,53744,50375,97060,49997,47063,7059,3747,3312
10815,C4114,8,131,District - Pratapgarh (33),15-19,84629,41758,42871,77797,38207,39590,6832,3551,3281
10816,C4114,8,131,District - Pratapgarh (33),20-24,77513,38823,38690,70721,35490,35231,6792,3333,3459
10817,C4114,8,131,District - Pratapgarh (33),25-29,65403,32807,32596,58938,29556,29382,6465,3251,3214
10818,C4114,8,131,District - Pratapgarh (33),30-34,60804,30514,30290,54826,27558,27268,5978,2956,3022
10819,C4114,8,131,District - Pratapgarh (33),35-39,56047,28229,27818,50518,25395,25123,5529,2834,2695
10820,C4114,8,131,District - Pratapgarh (33),40-44,48001,24840,23161,43433,22556,20877,4568,2284,2284
10821,C4114,8,131,District - Pratapgarh (33),45-49,39949,19791,20158,36076,17836,18240,3873,1955,1918
10822,C4114,8,131,District - Pratapgarh (33),50-54,30712,16526,14186,27354,14774,12580,3358,1752,1606
10823,C4114,8,131,District - Pratapgarh (33),55-59,22890,10561,12329,20364,9310,11054,2526,1251,1275
10824,C4114,8,131,District - Pratapgarh (33),60-64,21864,10854,11010,19773,9756,10017,2091,1098,993
10825,C4114,8,131,District - Pratapgarh (33),65-69,15776,7068,8708,14343,6378,7965,1433,690,743
10826,C4114,8,131,District - Pratapgarh (33),70-74,12190,5855,6335,11073,5324,5749,1117,531,586
10827,C4114,8,131,District - Pratapgarh (33),75-79,5499,2423,3076,4944,2143,2801,555,280,275
10828,C4114,8,131,District - Pratapgarh (33),80+,6677,2858,3819,5962,2552,3410,715,306,409
10829,C4114,8,131,District - Pratapgarh (33),Age not stated,1452,728,724,1281,652,629,171,76,95
10830,C4114,33,0,State - TAMIL NADU (33),All ages,72147030,36137975,36009055,37229590,18679065,18550525,34917440,17458910,17458530
10831,C4114,33,0,State - TAMIL NADU (33),0-4,5278701,2714578,2564123,2781879,1436619,1345260,2496822,1277959,1218863
10832,C4114,33,0,State - TAMIL NADU (33),5-9,5551255,2851293,2699962,2968536,1528954,1439582,2582719,1322339,1260380
10833,C4114,33,0,State - TAMIL NADU (33),10-14,6177547,3188990,2988557,3325160,1726166,1598994,2852387,1462824,1389563
10834,C4114,33,0,State - TAMIL NADU (33),15-19,6253792,3229838,3023954,3373098,1765233,1607865,2880694,1464605,1416089
10835,C4114,33,0,State - TAMIL NADU (33),20-24,6411543,3154804,3256739,3315234,1658770,1656464,3096309,1496034,1600275
10836,C4114,33,0,State - TAMIL NADU (33),25-29,6663746,3237374,3426372,3360498,1652498,1708000,3303248,1584876,1718372
10837,C4114,33,0,State - TAMIL NADU (33),30-34,5815560,2908749,2906811,2825218,1419512,1405706,2990342,1489237,1501105
10838,C4114,33,0,State - TAMIL NADU (33),35-39,5836456,2815205,3021251,2894635,1375375,1519260,2941821,1439830,1501991
10839,C4114,33,0,State - TAMIL NADU (33),40-44,5064209,2549846,2514363,2495827,1244055,1251772,2568382,1305791,1262591
10840,C4114,33,0,State - TAMIL NADU (33),45-49,4713056,2374915,2338141,2383374,1187892,1195482,2329682,1187023,1142659
10841,C4114,33,0,State - TAMIL NADU (33),50-54,3703460,1875563,1827897,1862643,926233,936410,1840817,949330,891487
10842,C4114,33,0,State - TAMIL NADU (33),55-59,3101142,1540924,1560218,1578510,765352,813158,1522632,775572,747060
10843,C4114,33,0,State - TAMIL NADU (33),60-64,2782608,1378039,1404569,1484099,726363,757736,1298509,651676,646833
10844,C4114,33,0,State - TAMIL NADU (33),65-69,1868370,896412,971958,1022924,490698,532226,845446,405714,439732
10845,C4114,33,0,State - TAMIL NADU (33),70-74,1406529,693167,713362,770619,384159,386460,635910,309008,326902
10846,C4114,33,0,State - TAMIL NADU (33),75-79,710241,353746,356495,365791,187116,178675,344450,166630,177820
10847,C4114,33,0,State - TAMIL NADU (33),80+,742010,339862,402148,385664,185450,200214,356346,154412,201934
10848,C4114,33,0,State - TAMIL NADU (33),Age not stated,66805,34670,32135,35881,18620,17261,30924,16050,14874
10849,C4114,33,602,District - Thiruvallur (01),All ages,3728104,1876062,1852042,1299709,650462,649247,2428395,1225600,1202795
10850,C4114,33,602,District - Thiruvallur (01),0-4,291407,149695,141712,101693,52190,49503,189714,97505,92209
10851,C4114,33,602,District - Thiruvallur (01),5-9,285289,146011,139278,102728,52656,50072,182561,93355,89206
10852,C4114,33,602,District - Thiruvallur (01),10-14,306328,157389,148939,116404,59735,56669,189924,97654,92270
10853,C4114,33,602,District - Thiruvallur (01),15-19,312064,160935,151129,121988,63573,58415,190076,97362,92714
10854,C4114,33,602,District - Thiruvallur (01),20-24,352453,171058,181395,126236,62487,63749,226217,108571,117646
10855,C4114,33,602,District - Thiruvallur (01),25-29,377755,181729,196026,125569,62191,63378,252186,119538,132648
10856,C4114,33,602,District - Thiruvallur (01),30-34,329590,166244,163346,103198,51717,51481,226392,114527,111865
10857,C4114,33,602,District - Thiruvallur (01),35-39,323037,160207,162830,108724,52309,56415,214313,107898,106415
10858,C4114,33,602,District - Thiruvallur (01),40-44,265775,137910,127865,88540,45168,43372,177235,92742,84493
10859,C4114,33,602,District - Thiruvallur (01),45-49,236373,121219,115154,80910,41015,39895,155463,80204,75259
10860,C4114,33,602,District - Thiruvallur (01),50-54,181870,93737,88133,60802,30595,30207,121068,63142,57926
10861,C4114,33,602,District - Thiruvallur (01),55-59,146979,74924,72055,49026,23961,25065,97953,50963,46990
10862,C4114,33,602,District - Thiruvallur (01),60-64,124619,62816,61803,44815,21378,23437,79804,41438,38366
10863,C4114,33,602,District - Thiruvallur (01),65-69,76318,36811,39507,27751,12614,15137,48567,24197,24370
10864,C4114,33,602,District - Thiruvallur (01),70-74,56084,27202,28882,20773,9642,11131,35311,17560,17751
10865,C4114,33,602,District - Thiruvallur (01),75-79,27792,13290,14502,9093,4199,4894,18699,9091,9608
10866,C4114,33,602,District - Thiruvallur (01),80+,29952,12509,17443,10031,4238,5793,19921,8271,11650
10867,C4114,33,602,District - Thiruvallur (01),Age not stated,4419,2376,2043,1428,794,634,2991,1582,1409
10868,C4114,33,603,District - Chennai (02),All ages,4646732,2335844,2310888,0,0,0,4646732,2335844,2310888
10869,C4114,33,603,District - Chennai (02),0-4,328874,168629,160245,0,0,0,328874,168629,160245
10870,C4114,33,603,District - Chennai (02),5-9,322270,164822,157448,0,0,0,322270,164822,157448
10871,C4114,33,603,District - Chennai (02),10-14,347550,177999,169551,0,0,0,347550,177999,169551
10872,C4114,33,603,District - Chennai (02),15-19,365046,186453,178593,0,0,0,365046,186453,178593
10873,C4114,33,603,District - Chennai (02),20-24,432978,210171,222807,0,0,0,432978,210171,222807
10874,C4114,33,603,District - Chennai (02),25-29,474939,229283,245656,0,0,0,474939,229283,245656
10875,C4114,33,603,District - Chennai (02),30-34,421267,212410,208857,0,0,0,421267,212410,208857
10876,C4114,33,603,District - Chennai (02),35-39,400825,199789,201036,0,0,0,400825,199789,201036
10877,C4114,33,603,District - Chennai (02),40-44,342791,176730,166061,0,0,0,342791,176730,166061
10878,C4114,33,603,District - Chennai (02),45-49,304019,155128,148891,0,0,0,304019,155128,148891
10879,C4114,33,603,District - Chennai (02),50-54,242702,125698,117004,0,0,0,242702,125698,117004
10880,C4114,33,603,District - Chennai (02),55-59,199349,103036,96313,0,0,0,199349,103036,96313
10881,C4114,33,603,District - Chennai (02),60-64,166522,83769,82753,0,0,0,166522,83769,82753
10882,C4114,33,603,District - Chennai (02),65-69,107096,51419,55677,0,0,0,107096,51419,55677
10883,C4114,33,603,District - Chennai (02),70-74,83270,40292,42978,0,0,0,83270,40292,42978
10884,C4114,33,603,District - Chennai (02),75-79,49412,24083,25329,0,0,0,49412,24083,25329
10885,C4114,33,603,District - Chennai (02),80+,50928,22468,28460,0,0,0,50928,22468,28460
10886,C4114,33,603,District - Chennai (02),Age not stated,6894,3665,3229,0,0,0,6894,3665,3229
10887,C4114,33,604,District - Kancheepuram (03),All ages,3998252,2012958,1985294,1459916,734979,724937,2538336,1277979,1260357
10888,C4114,33,604,District - Kancheepuram (03),0-4,314300,160276,154024,115340,58754,56586,198960,101522,97438
10889,C4114,33,604,District - Kancheepuram (03),5-9,294198,150419,143779,111872,56921,54951,182326,93498,88828
10890,C4114,33,604,District - Kancheepuram (03),10-14,317654,162541,155113,125500,64214,61286,192154,98327,93827
10891,C4114,33,604,District - Kancheepuram (03),15-19,345993,178669,167324,147512,76733,70779,198481,101936,96545
10892,C4114,33,604,District - Kancheepuram (03),20-24,391229,190782,200447,151317,75720,75597,239912,115062,124850
10893,C4114,33,604,District - Kancheepuram (03),25-29,413118,199667,213451,144258,72091,72167,268860,127576,141284
10894,C4114,33,604,District - Kancheepuram (03),30-34,351246,180567,170679,114307,58719,55588,236939,121848,115091
10895,C4114,33,604,District - Kancheepuram (03),35-39,333128,166368,166760,114891,55737,59154,218237,110631,107606
10896,C4114,33,604,District - Kancheepuram (03),40-44,271707,140850,130857,93210,47637,45573,178497,93213,85284
10897,C4114,33,604,District - Kancheepuram (03),45-49,244203,123841,120362,86740,43702,43038,157463,80139,77324
10898,C4114,33,604,District - Kancheepuram (03),50-54,191816,97028,94788,65150,32490,32660,126666,64538,62128
10899,C4114,33,604,District - Kancheepuram (03),55-59,158966,79765,79201,54095,26404,27691,104871,53361,51510
10900,C4114,33,604,District - Kancheepuram (03),60-64,135968,68484,67484,48191,23232,24959,87777,45252,42525
10901,C4114,33,604,District - Kancheepuram (03),65-69,87256,42059,45197,32560,15174,17386,54696,26885,27811
10902,C4114,33,604,District - Kancheepuram (03),70-74,67427,33272,34155,26032,12761,13271,41395,20511,20884
10903,C4114,33,604,District - Kancheepuram (03),75-79,35938,18028,17910,12612,6529,6083,23326,11499,11827
10904,C4114,33,604,District - Kancheepuram (03),80+,38524,17452,21072,13662,6791,6871,24862,10661,14201
10905,C4114,33,604,District - Kancheepuram (03),Age not stated,5581,2890,2691,2667,1370,1297,2914,1520,1394
10906,C4114,33,605,District - Vellore (04),All ages,3936331,1961688,1974643,2234344,1117101,1117243,1701987,844587,857400
10907,C4114,33,605,District - Vellore (04),0-4,307872,158138,149734,178106,91880,86226,129766,66258,63508
10908,C4114,33,605,District - Vellore (04),5-9,320613,165000,155613,184929,95561,89368,135684,69439,66245
10909,C4114,33,605,District - Vellore (04),10-14,350916,179361,171555,202368,104369,97999,148548,74992,73556
10910,C4114,33,605,District - Vellore (04),15-19,370795,190054,180741,208992,108399,100593,161803,81655,80148
10911,C4114,33,605,District - Vellore (04),20-24,382266,188311,193955,211517,105204,106313,170749,83107,87642
10912,C4114,33,605,District - Vellore (04),25-29,363651,175663,187988,204109,99725,104384,159542,75938,83604
10913,C4114,33,605,District - Vellore (04),30-34,305164,152233,152931,168470,84444,84026,136694,67789,68905
10914,C4114,33,605,District - Vellore (04),35-39,307350,146720,160630,171655,81400,90255,135695,65320,70375
10915,C4114,33,605,District - Vellore (04),40-44,257819,129192,128627,143136,71712,71424,114683,57480,57203
10916,C4114,33,605,District - Vellore (04),45-49,246104,124130,121974,139201,70282,68919,106903,53848,53055
10917,C4114,33,605,District - Vellore (04),50-54,188184,96023,92161,105501,53213,52288,82683,42810,39873
10918,C4114,33,605,District - Vellore (04),55-59,154966,77332,77634,87889,43098,44791,67077,34234,32843
10919,C4114,33,605,District - Vellore (04),60-64,139917,68852,71065,82572,40339,42233,57345,28513,28832
10920,C4114,33,605,District - Vellore (04),65-69,91716,42477,49239,55717,25789,29928,35999,16688,19311
10921,C4114,33,605,District - Vellore (04),70-74,71189,33527,37662,43381,20390,22991,27808,13137,14671
10922,C4114,33,605,District - Vellore (04),75-79,35570,16666,18904,21208,10117,11091,14362,6549,7813
10923,C4114,33,605,District - Vellore (04),80+,39171,16379,22792,23830,10279,13551,15341,6100,9241
10924,C4114,33,605,District - Vellore (04),Age not stated,3068,1630,1438,1763,900,863,1305,730,575
10925,C4114,33,606,District - Tiruvannamalai (05),All ages,2464875,1235889,1228986,1969930,989726,980204,494945,246163,248782
10926,C4114,33,606,District - Tiruvannamalai (05),0-4,194950,101018,93932,157936,81976,75960,37014,19042,17972
10927,C4114,33,606,District - Tiruvannamalai (05),5-9,201454,103399,98055,162703,83528,79175,38751,19871,18880
10928,C4114,33,606,District - Tiruvannamalai (05),10-14,214083,110061,104022,172053,88561,83492,42030,21500,20530
10929,C4114,33,606,District - Tiruvannamalai (05),15-19,226033,116447,109586,183153,94877,88276,42880,21570,21310
10930,C4114,33,606,District - Tiruvannamalai (05),20-24,232301,116351,115950,186664,94434,92230,45637,21917,23720
10931,C4114,33,606,District - Tiruvannamalai (05),25-29,232526,114736,117790,184581,91765,92816,47945,22971,24974
10932,C4114,33,606,District - Tiruvannamalai (05),30-34,187753,95414,92339,146077,74735,71342,41676,20679,20997
10933,C4114,33,606,District - Tiruvannamalai (05),35-39,190215,91621,98594,149277,71400,77877,40938,20221,20717
10934,C4114,33,606,District - Tiruvannamalai (05),40-44,155573,78049,77524,122043,61139,60904,33530,16910,16620
10935,C4114,33,606,District - Tiruvannamalai (05),45-49,150363,74404,75959,119345,58774,60571,31018,15630,15388
10936,C4114,33,606,District - Tiruvannamalai (05),50-54,116559,57729,58830,92650,45582,47068,23909,12147,11762
10937,C4114,33,606,District - Tiruvannamalai (05),55-59,101991,49122,52869,81214,38821,42393,20777,10301,10476
10938,C4114,33,606,District - Tiruvannamalai (05),60-64,93070,45574,47496,75182,36634,38548,17888,8940,8948
10939,C4114,33,606,District - Tiruvannamalai (05),65-69,64865,30697,34168,53411,25351,28060,11454,5346,6108
10940,C4114,33,606,District - Tiruvannamalai (05),70-74,50102,24667,25435,40982,20295,20687,9120,4372,4748
10941,C4114,33,606,District - Tiruvannamalai (05),75-79,24993,12855,12138,20201,10521,9680,4792,2334,2458
10942,C4114,33,606,District - Tiruvannamalai (05),80+,26088,12766,13322,20841,10513,10328,5247,2253,2994
10943,C4114,33,606,District - Tiruvannamalai (05),Age not stated,1956,979,977,1617,820,797,339,159,180
10944,C4114,33,607,District - Viluppuram (06),All ages,3458873,1740819,1718054,2939785,1481475,1458310,519088,259344,259744
10945,C4114,33,607,District - Viluppuram (06),0-4,288355,148554,139801,248123,128072,120051,40232,20482,19750
10946,C4114,33,607,District - Viluppuram (06),5-9,301524,154474,147050,259385,132676,126709,42139,21798,20341
10947,C4114,33,607,District - Viluppuram (06),10-14,317333,162594,154739,271000,138709,132291,46333,23885,22448
10948,C4114,33,607,District - Viluppuram (06),15-19,320972,165120,155852,275979,142162,133817,44993,22958,22035
10949,C4114,33,607,District - Viluppuram (06),20-24,324432,162030,162402,277531,139678,137853,46901,22352,24549
10950,C4114,33,607,District - Viluppuram (06),25-29,328847,161730,167117,279549,138208,141341,49298,23522,25776
10951,C4114,33,607,District - Viluppuram (06),30-34,263725,134290,129435,219545,112511,107034,44180,21779,22401
10952,C4114,33,607,District - Viluppuram (06),35-39,265040,127893,137147,221145,106568,114577,43895,21325,22570
10953,C4114,33,607,District - Viluppuram (06),40-44,216803,110345,106458,180882,91673,89209,35921,18672,17249
10954,C4114,33,607,District - Viluppuram (06),45-49,204324,102083,102241,172021,85484,86537,32303,16599,15704
10955,C4114,33,607,District - Viluppuram (06),50-54,155981,77509,78472,131342,64945,66397,24639,12564,12075
10956,C4114,33,607,District - Viluppuram (06),55-59,135385,65643,69742,114346,55040,59306,21039,10603,10436
10957,C4114,33,607,District - Viluppuram (06),60-64,124455,61393,63062,106683,52547,54136,17772,8846,8926
10958,C4114,33,607,District - Viluppuram (06),65-69,83597,40489,43108,72564,35272,37292,11033,5217,5816
10959,C4114,33,607,District - Viluppuram (06),70-74,63208,32611,30597,54546,28410,26136,8662,4201,4461
10960,C4114,33,607,District - Viluppuram (06),75-79,30731,16436,14295,26241,14287,11954,4490,2149,2341
10961,C4114,33,607,District - Viluppuram (06),80+,30685,15800,14885,25877,13663,12214,4808,2137,2671
10962,C4114,33,607,District - Viluppuram (06),Age not stated,3476,1825,1651,3026,1570,1456,450,255,195
10963,C4114,33,608,District - Salem (07),All ages,3482056,1781571,1700485,1707934,883274,824660,1774122,898297,875825
10964,C4114,33,608,District - Salem (07),0-4,240677,125612,115065,120762,63758,57004,119915,61854,58061
10965,C4114,33,608,District - Salem (07),5-9,271837,141505,130332,137891,72481,65410,133946,69024,64922
10966,C4114,33,608,District - Salem (07),10-14,308080,166549,141531,154772,85698,69074,153308,80851,72457
10967,C4114,33,608,District - Salem (07),15-19,301579,164090,137489,150185,84248,65937,151394,79842,71552
10968,C4114,33,608,District - Salem (07),20-24,304269,157656,146613,148901,78919,69982,155368,78737,76631
10969,C4114,33,608,District - Salem (07),25-29,310903,156418,154485,150884,77109,73775,160019,79309,80710
10970,C4114,33,608,District - Salem (07),30-34,270347,137316,133031,127683,65743,61940,142664,71573,71091
10971,C4114,33,608,District - Salem (07),35-39,278643,132965,145678,133288,62891,70397,145355,70074,75281
10972,C4114,33,608,District - Salem (07),40-44,245936,125241,120695,116757,59521,57236,129179,65720,63459
10973,C4114,33,608,District - Salem (07),45-49,234553,119005,115548,112899,57208,55691,121654,61797,59857
10974,C4114,33,608,District - Salem (07),50-54,182937,94021,88916,87748,44927,42821,95189,49094,46095
10975,C4114,33,608,District - Salem (07),55-59,151917,75258,76659,73122,35573,37549,78795,39685,39110
10976,C4114,33,608,District - Salem (07),60-64,139185,69062,70123,69421,34290,35131,69764,34772,34992
10977,C4114,33,608,District - Salem (07),65-69,92450,44255,48195,47206,22582,24624,45244,21673,23571
10978,C4114,33,608,District - Salem (07),70-74,73413,36255,37158,38154,19192,18962,35259,17063,18196
10979,C4114,33,608,District - Salem (07),75-79,34854,17566,17288,17291,8917,8374,17563,8649,8914
10980,C4114,33,608,District - Salem (07),80+,38538,17792,20746,20059,9749,10310,18479,8043,10436
10981,C4114,33,608,District - Salem (07),Age not stated,1938,1005,933,911,468,443,1027,537,490
10982,C4114,33,609,District - Namakkal    (08),All ages,1726601,869280,857321,1030476,520684,509792,696125,348596,347529
10983,C4114,33,609,District - Namakkal    (08),0-4,105018,54805,50213,61910,32604,29306,43108,22201,20907
10984,C4114,33,609,District - Namakkal    (08),5-9,118746,62066,56680,70486,37034,33452,48260,25032,23228
10985,C4114,33,609,District - Namakkal    (08),10-14,140651,75427,65224,84335,45930,38405,56316,29497,26819
10986,C4114,33,609,District - Namakkal    (08),15-19,166288,89242,77046,105818,58237,47581,60470,31005,29465
10987,C4114,33,609,District - Namakkal    (08),20-24,142437,70328,72109,85412,41953,43459,57025,28375,28650
10988,C4114,33,609,District - Namakkal    (08),25-29,144765,71049,73716,84232,41562,42670,60533,29487,31046
10989,C4114,33,609,District - Namakkal    (08),30-34,130990,65742,65248,74742,37741,37001,56248,28001,28247
10990,C4114,33,609,District - Namakkal    (08),35-39,135686,64033,71653,77885,36675,41210,57801,27358,30443
10991,C4114,33,609,District - Namakkal    (08),40-44,123506,62123,61383,70645,35541,35104,52861,26582,26279
10992,C4114,33,609,District - Namakkal    (08),45-49,120231,60100,60131,69497,34480,35017,50734,25620,25114
10993,C4114,33,609,District - Namakkal    (08),50-54,96818,48903,47915,56719,28280,28439,40099,20623,19476
10994,C4114,33,609,District - Namakkal    (08),55-59,83561,40852,42709,50174,24064,26110,33387,16788,16599
10995,C4114,33,609,District - Namakkal    (08),60-64,78439,38099,40340,48514,23350,25164,29925,14749,15176
10996,C4114,33,609,District - Namakkal    (08),65-69,54061,25385,28676,34648,16275,18373,19413,9110,10303
10997,C4114,33,609,District - Namakkal    (08),70-74,41849,20477,21372,27115,13344,13771,14734,7133,7601
10998,C4114,33,609,District - Namakkal    (08),75-79,20559,10082,10477,13265,6544,6721,7294,3538,3756
10999,C4114,33,609,District - Namakkal    (08),80+,21777,9923,11854,14253,6664,7589,7524,3259,4265
11000,C4114,33,609,District - Namakkal    (08),Age not stated,1219,644,575,826,406,420,393,238,155
11001,C4114,33,610,District - Erode (09),All ages,2251744,1129868,1121876,1093768,552393,541375,1157976,577475,580501
11002,C4114,33,610,District - Erode (09),0-4,137552,70247,67305,65050,33327,31723,72502,36920,35582
11003,C4114,33,610,District - Erode (09),5-9,149035,76709,72326,71431,36855,34576,77604,39854,37750
11004,C4114,33,610,District - Erode (09),10-14,173177,89812,83365,84407,44002,40405,88770,45810,42960
11005,C4114,33,610,District - Erode (09),15-19,174035,92235,81800,84963,46463,38500,89072,45772,43300
11006,C4114,33,610,District - Erode (09),20-24,178901,88437,90464,86612,43831,42781,92289,44606,47683
11007,C4114,33,610,District - Erode (09),25-29,193843,94572,99271,92835,46045,46790,101008,48527,52481
11008,C4114,33,610,District - Erode (09),30-34,180752,90174,90578,83922,42176,41746,96830,47998,48832
11009,C4114,33,610,District - Erode (09),35-39,185586,88189,97397,87492,41275,46217,98094,46914,51180
11010,C4114,33,610,District - Erode (09),40-44,168825,83648,85177,80058,39643,40415,88767,44005,44762
11011,C4114,33,610,District - Erode (09),45-49,166163,82859,83304,79804,39437,40367,86359,43422,42937
11012,C4114,33,610,District - Erode (09),50-54,136008,69677,66331,66111,33437,32674,69897,36240,33657
11013,C4114,33,610,District - Erode (09),55-59,115616,58008,57608,57358,28315,29043,58258,29693,28565
11014,C4114,33,610,District - Erode (09),60-64,104069,52392,51677,53416,26780,26636,50653,25612,25041
11015,C4114,33,610,District - Erode (09),65-69,73095,35740,37355,38667,19223,19444,34428,16517,17911
11016,C4114,33,610,District - Erode (09),70-74,54398,27376,27022,29054,14955,14099,25344,12421,12923
11017,C4114,33,610,District - Erode (09),75-79,29010,14706,14304,15473,7982,7491,13537,6724,6813
11018,C4114,33,610,District - Erode (09),80+,30099,14295,15804,16222,8193,8029,13877,6102,7775
11019,C4114,33,610,District - Erode (09),Age not stated,1580,792,788,893,454,439,687,338,349
11020,C4114,33,611,District - The Nilgiris (10),All ages,735394,360143,375251,299739,145909,153830,435655,214234,221421
11021,C4114,33,611,District - The Nilgiris (10),0-4,46588,23525,23063,18451,9315,9136,28137,14210,13927
11022,C4114,33,611,District - The Nilgiris (10),5-9,53677,27020,26657,20985,10565,10420,32692,16455,16237
11023,C4114,33,611,District - The Nilgiris (10),10-14,65413,32873,32540,25959,13025,12934,39454,19848,19606
11024,C4114,33,611,District - The Nilgiris (10),15-19,61415,31311,30104,23961,12232,11729,37454,19079,18375
11025,C4114,33,611,District - The Nilgiris (10),20-24,62158,31109,31049,24495,12118,12377,37663,18991,18672
11026,C4114,33,611,District - The Nilgiris (10),25-29,63265,30323,32942,25811,12514,13297,37454,17809,19645
11027,C4114,33,611,District - The Nilgiris (10),30-34,59826,28581,31245,23717,11437,12280,36109,17144,18965
11028,C4114,33,611,District - The Nilgiris (10),35-39,61164,28438,32726,24894,11354,13540,36270,17084,19186
11029,C4114,33,611,District - The Nilgiris (10),40-44,56477,27672,28805,23193,11267,11926,33284,16405,16879
11030,C4114,33,611,District - The Nilgiris (10),45-49,53984,26593,27391,22937,11125,11812,31047,15468,15579
11031,C4114,33,611,District - The Nilgiris (10),50-54,44296,22147,22149,19203,9472,9731,25093,12675,12418
11032,C4114,33,611,District - The Nilgiris (10),55-59,35203,17461,17742,14766,7226,7540,20437,10235,10202
11033,C4114,33,611,District - The Nilgiris (10),60-64,28921,13985,14936,12439,5943,6496,16482,8042,8440
11034,C4114,33,611,District - The Nilgiris (10),65-69,18255,8412,9843,8023,3636,4387,10232,4776,5456
11035,C4114,33,611,District - The Nilgiris (10),70-74,12113,5523,6590,5316,2408,2908,6797,3115,3682
11036,C4114,33,611,District - The Nilgiris (10),75-79,5950,2533,3417,2550,1098,1452,3400,1435,1965
11037,C4114,33,611,District - The Nilgiris (10),80+,6066,2335,3731,2710,1013,1697,3356,1322,2034
11038,C4114,33,611,District - The Nilgiris (10),Age not stated,623,302,321,329,161,168,294,141,153
11039,C4114,33,612,District - Dindigul (11),All ages,2159775,1080938,1078837,1351735,678605,673130,808040,402333,405707
11040,C4114,33,612,District - Dindigul (11),0-4,154309,79679,74630,98543,51104,47439,55766,28575,27191
11041,C4114,33,612,District - Dindigul (11),5-9,162426,84201,78225,102015,53103,48912,60411,31098,29313
11042,C4114,33,612,District - Dindigul (11),10-14,188024,97325,90699,117697,61059,56638,70327,36266,34061
11043,C4114,33,612,District - Dindigul (11),15-19,182413,93640,88773,114318,59059,55259,68095,34581,33514
11044,C4114,33,612,District - Dindigul (11),20-24,183483,90175,93308,115778,57519,58259,67705,32656,35049
11045,C4114,33,612,District - Dindigul (11),25-29,195079,95094,99985,122263,60400,61863,72816,34694,38122
11046,C4114,33,612,District - Dindigul (11),30-34,169992,83993,85999,103331,51397,51934,66661,32596,34065
11047,C4114,33,612,District - Dindigul (11),35-39,177486,84369,93117,108963,51460,57503,68523,32909,35614
11048,C4114,33,612,District - Dindigul (11),40-44,154892,77319,77573,94356,47055,47301,60536,30264,30272
11049,C4114,33,612,District - Dindigul (11),45-49,145436,73644,71792,90363,45319,45044,55073,28325,26748
11050,C4114,33,612,District - Dindigul (11),50-54,112027,56328,55699,70129,34946,35183,41898,21382,20516
11051,C4114,33,612,District - Dindigul (11),55-59,95170,46370,48800,59466,28559,30907,35704,17811,17893
11052,C4114,33,612,District - Dindigul (11),60-64,90439,44714,45725,58194,28987,29207,32245,15727,16518
11053,C4114,33,612,District - Dindigul (11),65-69,60234,29471,30763,39557,19496,20061,20677,9975,10702
11054,C4114,33,612,District - Dindigul (11),70-74,44298,22516,21782,28869,14817,14052,15429,7699,7730
11055,C4114,33,612,District - Dindigul (11),75-79,20327,10581,9746,12628,6695,5933,7699,3886,3813
11056,C4114,33,612,District - Dindigul (11),80+,21033,9948,11085,13175,6366,6809,7858,3582,4276
11057,C4114,33,612,District - Dindigul (11),Age not stated,2707,1571,1136,2090,1264,826,617,307,310
11058,C4114,33,613,District - Karur  (12),All ages,1064493,528184,536309,629976,312628,317348,434517,215556,218961
11059,C4114,33,613,District - Karur  (12),0-4,73188,37686,35502,44031,22553,21478,29157,15133,14024
11060,C4114,33,613,District - Karur  (12),5-9,77515,40005,37510,45783,23539,22244,31732,16466,15266
11061,C4114,33,613,District - Karur  (12),10-14,88664,46318,42346,53414,28078,25336,35250,18240,17010
11062,C4114,33,613,District - Karur  (12),15-19,83873,43552,40321,50006,26288,23718,33867,17264,16603
11063,C4114,33,613,District - Karur  (12),20-24,85577,41990,43587,50293,25137,25156,35284,16853,18431
11064,C4114,33,613,District - Karur  (12),25-29,92768,44514,48254,53834,26379,27455,38934,18135,20799
11065,C4114,33,613,District - Karur  (12),30-34,84281,41804,42477,47036,23600,23436,37245,18204,19041
11066,C4114,33,613,District - Karur  (12),35-39,85749,40303,45446,48227,22413,25814,37522,17890,19632
11067,C4114,33,613,District - Karur  (12),40-44,77074,38255,38819,43528,21275,22253,33546,16980,16566
11068,C4114,33,613,District - Karur  (12),45-49,73541,36105,37436,42493,20452,22041,31048,15653,15395
11069,C4114,33,613,District - Karur  (12),50-54,59230,29260,29970,35159,16952,18207,24071,12308,11763
11070,C4114,33,613,District - Karur  (12),55-59,50587,24431,26156,30634,14435,16199,19953,9996,9957
11071,C4114,33,613,District - Karur  (12),60-64,48509,23383,25126,30710,14591,16119,17799,8792,9007
11072,C4114,33,613,District - Karur  (12),65-69,33624,16005,17619,21825,10447,11378,11799,5558,6241
11073,C4114,33,613,District - Karur  (12),70-74,25453,12473,12980,16885,8372,8513,8568,4101,4467
11074,C4114,33,613,District - Karur  (12),75-79,12320,6155,6165,7965,4066,3899,4355,2089,2266
11075,C4114,33,613,District - Karur  (12),80+,12120,5725,6395,7882,3902,3980,4238,1823,2415
11076,C4114,33,613,District - Karur  (12),Age not stated,420,220,200,271,149,122,149,71,78
11077,C4114,33,614,District - Tiruchirappalli (13),All ages,2722290,1352284,1370006,1384257,688552,695705,1338033,663732,674301
11078,C4114,33,614,District - Tiruchirappalli (13),0-4,193005,99249,93756,103249,53385,49864,89756,45864,43892
11079,C4114,33,614,District - Tiruchirappalli (13),5-9,207640,106562,101078,111141,57176,53965,96499,49386,47113
11080,C4114,33,614,District - Tiruchirappalli (13),10-14,232986,119847,113139,124625,64605,60020,108361,55242,53119
11081,C4114,33,614,District - Tiruchirappalli (13),15-19,235528,120019,115509,120746,62828,57918,114782,57191,57591
11082,C4114,33,614,District - Tiruchirappalli (13),20-24,236377,117106,119271,116571,58248,58323,119806,58858,60948
11083,C4114,33,614,District - Tiruchirappalli (13),25-29,241125,117455,123670,121482,59371,62111,119643,58084,61559
11084,C4114,33,614,District - Tiruchirappalli (13),30-34,211824,104723,107101,103865,51819,52046,107959,52904,55055
11085,C4114,33,614,District - Tiruchirappalli (13),35-39,210395,99585,110810,104175,48901,55274,106220,50684,55536
11086,C4114,33,614,District - Tiruchirappalli (13),40-44,192817,94921,97896,93798,46012,47786,99019,48909,50110
11087,C4114,33,614,District - Tiruchirappalli (13),45-49,182222,89373,92849,89797,43750,46047,92425,45623,46802
11088,C4114,33,614,District - Tiruchirappalli (13),50-54,148956,74039,74917,72271,34926,37345,76685,39113,37572
11089,C4114,33,614,District - Tiruchirappalli (13),55-59,125027,61905,63122,62264,29704,32560,62763,32201,30562
11090,C4114,33,614,District - Tiruchirappalli (13),60-64,113406,56100,57306,59732,29020,30712,53674,27080,26594
11091,C4114,33,614,District - Tiruchirappalli (13),65-69,75038,36099,38939,41074,19584,21490,33964,16515,17449
11092,C4114,33,614,District - Tiruchirappalli (13),70-74,56115,27428,28687,30216,15102,15114,25899,12326,13573
11093,C4114,33,614,District - Tiruchirappalli (13),75-79,28486,13736,14750,13956,6922,7034,14530,6814,7716
11094,C4114,33,614,District - Tiruchirappalli (13),80+,28932,12961,15971,13997,6553,7444,14935,6408,8527
11095,C4114,33,614,District - Tiruchirappalli (13),Age not stated,2411,1176,1235,1298,646,652,1113,530,583
11096,C4114,33,615,District - Perambalur   (14),All ages,565223,282157,283066,468060,233926,234134,97163,48231,48932
11097,C4114,33,615,District - Perambalur   (14),0-4,42035,22117,19918,34824,18406,16418,7211,3711,3500
11098,C4114,33,615,District - Perambalur   (14),5-9,47111,24369,22742,39102,20197,18905,8009,4172,3837
11099,C4114,33,615,District - Perambalur   (14),10-14,52829,27807,25022,44067,23349,20718,8762,4458,4304
11100,C4114,33,615,District - Perambalur   (14),15-19,53147,28198,24949,44836,24007,20829,8311,4191,4120
11101,C4114,33,615,District - Perambalur   (14),20-24,48089,23080,25009,39794,19162,20632,8295,3918,4377
11102,C4114,33,615,District - Perambalur   (14),25-29,48160,22457,25703,39472,18399,21073,8688,4058,4630
11103,C4114,33,615,District - Perambalur   (14),30-34,41804,20424,21380,33890,16579,17311,7914,3845,4069
11104,C4114,33,615,District - Perambalur   (14),35-39,43231,20127,23104,35318,16352,18966,7913,3775,4138
11105,C4114,33,615,District - Perambalur   (14),40-44,37006,18022,18984,30109,14630,15479,6897,3392,3505
11106,C4114,33,615,District - Perambalur   (14),45-49,36177,17743,18434,29706,14487,15219,6471,3256,3215
11107,C4114,33,615,District - Perambalur   (14),50-54,28041,13585,14456,23047,11051,11996,4994,2534,2460
11108,C4114,33,615,District - Perambalur   (14),55-59,24970,12219,12751,20737,10049,10688,4233,2170,2063
11109,C4114,33,615,District - Perambalur   (14),60-64,23722,11855,11867,19993,9933,10060,3729,1922,1807
11110,C4114,33,615,District - Perambalur   (14),65-69,16072,8152,7920,13836,7072,6764,2236,1080,1156
11111,C4114,33,615,District - Perambalur   (14),70-74,11616,6059,5557,9881,5178,4703,1735,881,854
11112,C4114,33,615,District - Perambalur   (14),75-79,5306,2930,2376,4518,2497,2021,788,433,355
11113,C4114,33,615,District - Perambalur   (14),80+,5424,2724,2700,4546,2337,2209,878,387,491
11114,C4114,33,615,District - Perambalur   (14),Age not stated,483,289,194,384,241,143,99,48,51
11115,C4114,33,616,District - Ariyalur   (15),All ages,754894,374703,380191,671100,333253,337847,83794,41450,42344
11116,C4114,33,616,District - Ariyalur   (15),0-4,57059,30343,26716,51072,27176,23896,5987,3167,2820
11117,C4114,33,616,District - Ariyalur   (15),5-9,64622,33344,31278,57723,29835,27888,6899,3509,3390
11118,C4114,33,616,District - Ariyalur   (15),10-14,68924,35488,33436,61231,31578,29653,7693,3910,3783
11119,C4114,33,616,District - Ariyalur   (15),15-19,65215,33465,31750,58079,29936,28143,7136,3529,3607
11120,C4114,33,616,District - Ariyalur   (15),20-24,61482,30236,31246,54492,26823,27669,6990,3413,3577
11121,C4114,33,616,District - Ariyalur   (15),25-29,63182,29390,33792,55965,26123,29842,7217,3267,3950
11122,C4114,33,616,District - Ariyalur   (15),30-34,55651,26736,28915,49090,23551,25539,6561,3185,3376
11123,C4114,33,616,District - Ariyalur   (15),35-39,58922,26964,31958,52052,23762,28290,6870,3202,3668
11124,C4114,33,616,District - Ariyalur   (15),40-44,51806,25264,26542,45712,22234,23478,6094,3030,3064
11125,C4114,33,616,District - Ariyalur   (15),45-49,49724,24898,24826,44016,21956,22060,5708,2942,2766
11126,C4114,33,616,District - Ariyalur   (15),50-54,37327,18366,18961,33121,16257,16864,4206,2109,2097
11127,C4114,33,616,District - Ariyalur   (15),55-59,32533,15642,16891,28997,13839,15158,3536,1803,1733
11128,C4114,33,616,District - Ariyalur   (15),60-64,32279,15808,16471,29108,14249,14859,3171,1559,1612
11129,C4114,33,616,District - Ariyalur   (15),65-69,22718,11145,11573,20538,10110,10428,2180,1035,1145
11130,C4114,33,616,District - Ariyalur   (15),70-74,16513,8605,7908,14871,7765,7106,1642,840,802
11131,C4114,33,616,District - Ariyalur   (15),75-79,8067,4402,3665,7168,3925,3243,899,477,422
11132,C4114,33,616,District - Ariyalur   (15),80+,8334,4315,4019,7397,3879,3518,937,436,501
11133,C4114,33,616,District - Ariyalur   (15),Age not stated,536,292,244,468,255,213,68,37,31
11134,C4114,33,617,District - Cuddalore (16),All ages,2605914,1311697,1294217,1720725,868861,851864,885189,442836,442353
11135,C4114,33,617,District - Cuddalore (16),0-4,198422,105095,93327,137178,73360,63818,61244,31735,29509
11136,C4114,33,617,District - Cuddalore (16),5-9,213616,110718,102898,146010,76002,70008,67606,34716,32890
11137,C4114,33,617,District - Cuddalore (16),10-14,235807,120776,115031,158234,81141,77093,77573,39635,37938
11138,C4114,33,617,District - Cuddalore (16),15-19,239392,122347,117045,158528,81270,77258,80864,41077,39787
11139,C4114,33,617,District - Cuddalore (16),20-24,236176,116581,119595,154796,76772,78024,81380,39809,41571
11140,C4114,33,617,District - Cuddalore (16),25-29,240998,116237,124761,161705,78518,83187,79293,37719,41574
11141,C4114,33,617,District - Cuddalore (16),30-34,203651,101636,102015,132567,67402,65165,71084,34234,36850
11142,C4114,33,617,District - Cuddalore (16),35-39,211176,99847,111329,136115,64912,71203,75061,34935,40126
11143,C4114,33,617,District - Cuddalore (16),40-44,181120,91164,89956,113437,56971,56466,67683,34193,33490
11144,C4114,33,617,District - Cuddalore (16),45-49,168722,85988,82734,107758,54109,53649,60964,31879,29085
11145,C4114,33,617,District - Cuddalore (16),50-54,129041,66816,62225,83028,41659,41369,46013,25157,20856
11146,C4114,33,617,District - Cuddalore (16),55-59,103446,52721,50725,67932,33866,34066,35514,18855,16659
11147,C4114,33,617,District - Cuddalore (16),60-64,90878,45076,45802,61305,30527,30778,29573,14549,15024
11148,C4114,33,617,District - Cuddalore (16),65-69,59705,28921,30784,41097,20247,20850,18608,8674,9934
11149,C4114,33,617,District - Cuddalore (16),70-74,45873,23314,22559,30487,15770,14717,15386,7544,7842
11150,C4114,33,617,District - Cuddalore (16),75-79,21817,11508,10309,13920,7620,6300,7897,3888,4009
11151,C4114,33,617,District - Cuddalore (16),80+,22857,11426,11431,14543,7676,6867,8314,3750,4564
11152,C4114,33,617,District - Cuddalore (16),Age not stated,3217,1526,1691,2085,1039,1046,1132,487,645
11153,C4114,33,618,District - Nagapattinam   (17),All ages,1616450,798127,818323,1251826,619369,632457,364624,178758,185866
11154,C4114,33,618,District - Nagapattinam   (17),0-4,117948,60241,57707,91467,46729,44738,26481,13512,12969
11155,C4114,33,618,District - Nagapattinam   (17),5-9,126449,64211,62238,98158,49986,48172,28291,14225,14066
11156,C4114,33,618,District - Nagapattinam   (17),10-14,146847,73895,72952,114064,57764,56300,32783,16131,16652
11157,C4114,33,618,District - Nagapattinam   (17),15-19,150388,75955,74433,117638,59650,57988,32750,16305,16445
11158,C4114,33,618,District - Nagapattinam   (17),20-24,144723,70426,74297,113381,55330,58051,31342,15096,16246
11159,C4114,33,618,District - Nagapattinam   (17),25-29,142089,67936,74153,110784,53120,57664,31305,14816,16489
11160,C4114,33,618,District - Nagapattinam   (17),30-34,121017,59434,61583,92320,45718,46602,28697,13716,14981
11161,C4114,33,618,District - Nagapattinam   (17),35-39,123042,57366,65676,93426,43382,50044,29616,13984,15632
11162,C4114,33,618,District - Nagapattinam   (17),40-44,112404,54451,57953,85839,41101,44738,26565,13350,13215
11163,C4114,33,618,District - Nagapattinam   (17),45-49,106863,52732,54131,82893,40648,42245,23970,12084,11886
11164,C4114,33,618,District - Nagapattinam   (17),50-54,84542,42097,42445,65676,32564,33112,18866,9533,9333
11165,C4114,33,618,District - Nagapattinam   (17),55-59,69468,34869,34599,53876,27009,26867,15592,7860,7732
11166,C4114,33,618,District - Nagapattinam   (17),60-64,62446,31240,31206,48683,24608,24075,13763,6632,7131
11167,C4114,33,618,District - Nagapattinam   (17),65-69,41539,20203,21336,32618,16015,16603,8921,4188,4733
11168,C4114,33,618,District - Nagapattinam   (17),70-74,31951,15838,16113,24861,12465,12396,7090,3373,3717
11169,C4114,33,618,District - Nagapattinam   (17),75-79,16075,8187,7888,12165,6295,5870,3910,1892,2018
11170,C4114,33,618,District - Nagapattinam   (17),80+,17685,8512,9173,13205,6564,6641,4480,1948,2532
11171,C4114,33,618,District - Nagapattinam   (17),Age not stated,974,534,440,772,421,351,202,113,89
11172,C4114,33,619,District - Thiruvarur (18),All ages,1264277,626693,637584,1006482,499954,506528,257795,126739,131056
11173,C4114,33,619,District - Thiruvarur (18),0-4,86797,44286,42511,68979,35238,33741,17818,9048,8770
11174,C4114,33,619,District - Thiruvarur (18),5-9,93363,47454,45909,74080,37597,36483,19283,9857,9426
11175,C4114,33,619,District - Thiruvarur (18),10-14,110601,56079,54522,88681,45030,43651,21920,11049,10871
11176,C4114,33,619,District - Thiruvarur (18),15-19,114032,57306,56726,92307,46491,45816,21725,10815,10910
11177,C4114,33,619,District - Thiruvarur (18),20-24,111843,54600,57243,89869,44054,45815,21974,10546,11428
11178,C4114,33,619,District - Thiruvarur (18),25-29,111244,53269,57975,88663,42758,45905,22581,10511,12070
11179,C4114,33,619,District - Thiruvarur (18),30-34,97235,47591,49644,76120,37636,38484,21115,9955,11160
11180,C4114,33,619,District - Thiruvarur (18),35-39,101152,47325,53827,79416,37135,42281,21736,10190,11546
11181,C4114,33,619,District - Thiruvarur (18),40-44,91506,44606,46900,71851,34826,37025,19655,9780,9875
11182,C4114,33,619,District - Thiruvarur (18),45-49,87225,43449,43776,69396,34476,34920,17829,8973,8856
11183,C4114,33,619,District - Thiruvarur (18),50-54,68618,34722,33896,54712,27629,27083,13906,7093,6813
11184,C4114,33,619,District - Thiruvarur (18),55-59,55419,28230,27189,44014,22473,21541,11405,5757,5648
11185,C4114,33,619,District - Thiruvarur (18),60-64,50600,25508,25092,40546,20446,20100,10054,5062,4992
11186,C4114,33,619,District - Thiruvarur (18),65-69,33440,16757,16683,27112,13619,13493,6328,3138,3190
11187,C4114,33,619,District - Thiruvarur (18),70-74,24859,12544,12315,19957,10182,9775,4902,2362,2540
11188,C4114,33,619,District - Thiruvarur (18),75-79,11629,5993,5636,9059,4698,4361,2570,1295,1275
11189,C4114,33,619,District - Thiruvarur (18),80+,12551,5915,6636,9817,4746,5071,2734,1169,1565
11190,C4114,33,619,District - Thiruvarur (18),Age not stated,2163,1059,1104,1903,920,983,260,139,121
11191,C4114,33,620,District - Thanjavur (19),All ages,2405890,1182416,1223474,1554531,765177,789354,851359,417239,434120
11192,C4114,33,620,District - Thanjavur (19),0-4,168532,86043,82489,110776,56620,54156,57756,29423,28333
11193,C4114,33,620,District - Thanjavur (19),5-9,185614,94659,90955,122835,62607,60228,62779,32052,30727
11194,C4114,33,620,District - Thanjavur (19),10-14,211614,107954,103660,139746,71375,68371,71868,36579,35289
11195,C4114,33,620,District - Thanjavur (19),15-19,215061,109179,105882,140531,72291,68240,74530,36888,37642
11196,C4114,33,620,District - Thanjavur (19),20-24,207211,100942,106269,135029,66549,68480,72182,34393,37789
11197,C4114,33,620,District - Thanjavur (19),25-29,205063,96142,108921,132923,62561,70362,72140,33581,38559
11198,C4114,33,620,District - Thanjavur (19),30-34,184497,88544,95953,116746,56527,60219,67751,32017,35734
11199,C4114,33,620,District - Thanjavur (19),35-39,189496,87923,101573,119564,55334,64230,69932,32589,37343
11200,C4114,33,620,District - Thanjavur (19),40-44,172844,83512,89332,108135,51798,56337,64709,31714,32995
11201,C4114,33,620,District - Thanjavur (19),45-49,165180,81344,83836,105245,51401,53844,59935,29943,29992
11202,C4114,33,620,District - Thanjavur (19),50-54,131292,65209,66083,83570,40783,42787,47722,24426,23296
11203,C4114,33,620,District - Thanjavur (19),55-59,108648,53781,54867,69790,34080,35710,38858,19701,19157
11204,C4114,33,620,District - Thanjavur (19),60-64,98357,48885,49472,64746,32081,32665,33611,16804,16807
11205,C4114,33,620,District - Thanjavur (19),65-69,63596,30638,32958,42253,20498,21755,21343,10140,11203
11206,C4114,33,620,District - Thanjavur (19),70-74,48500,23712,24788,31712,15680,16032,16788,8032,8756
11207,C4114,33,620,District - Thanjavur (19),75-79,23750,11834,11916,14442,7276,7166,9308,4558,4750
11208,C4114,33,620,District - Thanjavur (19),80+,25092,11307,13785,15465,7177,8288,9627,4130,5497
11209,C4114,33,620,District - Thanjavur (19),Age not stated,1543,808,735,1023,539,484,520,269,251
11210,C4114,33,621,District - Pudukkottai (20),All ages,1618345,803188,815157,1301991,645505,656486,316354,157683,158671
11211,C4114,33,621,District - Pudukkottai (20),0-4,127979,65399,62580,104144,53033,51111,23835,12366,11469
11212,C4114,33,621,District - Pudukkottai (20),5-9,137660,69907,67753,111829,56766,55063,25831,13141,12690
11213,C4114,33,621,District - Pudukkottai (20),10-14,148042,76358,71684,120303,61968,58335,27739,14390,13349
11214,C4114,33,621,District - Pudukkottai (20),15-19,143662,73331,70331,116068,59200,56868,27594,14131,13463
11215,C4114,33,621,District - Pudukkottai (20),20-24,135603,65659,69944,108661,52871,55790,26942,12788,14154
11216,C4114,33,621,District - Pudukkottai (20),25-29,142907,67148,75759,114783,54087,60696,28124,13061,15063
11217,C4114,33,621,District - Pudukkottai (20),30-34,128810,63432,65378,102159,50563,51596,26651,12869,13782
11218,C4114,33,621,District - Pudukkottai (20),35-39,128637,61815,66822,101948,48938,53010,26689,12877,13812
11219,C4114,33,621,District - Pudukkottai (20),40-44,112170,56307,55863,88249,44174,44075,23921,12133,11788
11220,C4114,33,621,District - Pudukkottai (20),45-49,100811,50365,50446,80161,39804,40357,20650,10561,10089
11221,C4114,33,621,District - Pudukkottai (20),50-54,79660,39005,40655,63835,30815,33020,15825,8190,7635
11222,C4114,33,621,District - Pudukkottai (20),55-59,67145,32572,34573,54341,25973,28368,12804,6599,6205
11223,C4114,33,621,District - Pudukkottai (20),60-64,62747,31233,31514,51501,25472,26029,11246,5761,5485
11224,C4114,33,621,District - Pudukkottai (20),65-69,42223,20566,21657,35107,17169,17938,7116,3397,3719
11225,C4114,33,621,District - Pudukkottai (20),70-74,31037,15660,15377,25535,12956,12579,5502,2704,2798
11226,C4114,33,621,District - Pudukkottai (20),75-79,13958,7167,6791,11116,5787,5329,2842,1380,1462
11227,C4114,33,621,District - Pudukkottai (20),80+,14405,6815,7590,11494,5553,5941,2911,1262,1649
11228,C4114,33,621,District - Pudukkottai (20),Age not stated,889,449,440,757,376,381,132,73,59
11229,C4114,33,622,District - Sivaganga (21),All ages,1339101,668672,670429,926256,462210,464046,412845,206462,206383
11230,C4114,33,622,District - Sivaganga (21),0-4,97190,49457,47733,68132,34614,33518,29058,14843,14215
11231,C4114,33,622,District - Sivaganga (21),5-9,105942,54222,51720,73119,37417,35702,32823,16805,16018
11232,C4114,33,622,District - Sivaganga (21),10-14,116999,60084,56915,80708,41402,39306,36291,18682,17609
11233,C4114,33,622,District - Sivaganga (21),15-19,115327,59511,55816,80740,41823,38917,34587,17688,16899
11234,C4114,33,622,District - Sivaganga (21),20-24,112910,55914,56996,79084,39511,39573,33826,16403,17423
11235,C4114,33,622,District - Sivaganga (21),25-29,117850,56591,61259,81751,39772,41979,36099,16819,19280
11236,C4114,33,622,District - Sivaganga (21),30-34,106559,53055,53504,71901,36281,35620,34658,16774,17884
11237,C4114,33,622,District - Sivaganga (21),35-39,107551,51680,55871,71842,34453,37389,35709,17227,18482
11238,C4114,33,622,District - Sivaganga (21),40-44,92083,46611,45472,60443,30331,30112,31640,16280,15360
11239,C4114,33,622,District - Sivaganga (21),45-49,85163,42481,42682,57513,28087,29426,27650,14394,13256
11240,C4114,33,622,District - Sivaganga (21),50-54,68331,33346,34985,47152,22326,24826,21179,11020,10159
11241,C4114,33,622,District - Sivaganga (21),55-59,60156,28802,31354,42475,19831,22644,17681,8971,8710
11242,C4114,33,622,District - Sivaganga (21),60-64,58513,29415,29098,42993,21601,21392,15520,7814,7706
11243,C4114,33,622,District - Sivaganga (21),65-69,38352,18971,19381,28164,14085,14079,10188,4886,5302
11244,C4114,33,622,District - Sivaganga (21),70-74,28358,14612,13746,20702,10717,9985,7656,3895,3761
11245,C4114,33,622,District - Sivaganga (21),75-79,13045,6880,6165,9100,4868,4232,3945,2012,1933
11246,C4114,33,622,District - Sivaganga (21),80+,13707,6521,7186,9616,4691,4925,4091,1830,2261
11247,C4114,33,622,District - Sivaganga (21),Age not stated,1065,519,546,821,400,421,244,119,125
11248,C4114,33,623,District - Madurai (22),All ages,3038252,1526475,1511777,1191451,601247,590204,1846801,925228,921573
11249,C4114,33,623,District - Madurai (22),0-4,223969,115578,108391,92188,48083,44105,131781,67495,64286
11250,C4114,33,623,District - Madurai (22),5-9,235927,122162,113765,96743,50749,45994,139184,71413,67771
11251,C4114,33,623,District - Madurai (22),10-14,263409,137531,125878,109527,57670,51857,153882,79861,74021
11252,C4114,33,623,District - Madurai (22),15-19,260006,134073,125933,107486,57410,50076,152520,76663,75857
11253,C4114,33,623,District - Madurai (22),20-24,263146,129177,133969,106044,54109,51935,157102,75068,82034
11254,C4114,33,623,District - Madurai (22),25-29,281721,137484,144237,110087,54669,55418,171634,82815,88819
11255,C4114,33,623,District - Madurai (22),30-34,248258,123421,124837,90548,45483,45065,157710,77938,79772
11256,C4114,33,623,District - Madurai (22),35-39,249652,121609,128043,93879,44986,48893,155773,76623,79150
11257,C4114,33,623,District - Madurai (22),40-44,217404,109784,107620,79774,39892,39882,137630,69892,67738
11258,C4114,33,623,District - Madurai (22),45-49,198401,100860,97541,74358,37254,37104,124043,63606,60437
11259,C4114,33,623,District - Madurai (22),50-54,157263,79626,77637,58632,28721,29911,98631,50905,47726
11260,C4114,33,623,District - Madurai (22),55-59,131628,65680,65948,49787,23743,26044,81841,41937,39904
11261,C4114,33,623,District - Madurai (22),60-64,118626,58665,59961,47799,22757,25042,70827,35908,34919
11262,C4114,33,623,District - Madurai (22),65-69,76076,36604,39472,31208,14781,16427,44868,21823,23045
11263,C4114,33,623,District - Madurai (22),70-74,56618,27792,28826,23285,11310,11975,33333,16482,16851
11264,C4114,33,623,District - Madurai (22),75-79,26658,13144,13514,9277,4631,4646,17381,8513,8868
11265,C4114,33,623,District - Madurai (22),80+,26958,11990,14968,9742,4430,5312,17216,7560,9656
11266,C4114,33,623,District - Madurai (22),Age not stated,2532,1295,1237,1087,569,518,1445,726,719
11267,C4114,33,624,District - Theni   (23),All ages,1245899,625683,620216,575418,290880,284538,670481,334803,335678
11268,C4114,33,624,District - Theni   (23),0-4,83960,43239,40721,39704,20438,19266,44256,22801,21455
11269,C4114,33,624,District - Theni   (23),5-9,93825,49037,44788,43902,23094,20808,49923,25943,23980
11270,C4114,33,624,District - Theni   (23),10-14,112665,59463,53202,52522,28254,24268,60143,31209,28934
11271,C4114,33,624,District - Theni   (23),15-19,110035,58280,51755,51914,28051,23863,58121,30229,27892
11272,C4114,33,624,District - Theni   (23),20-24,106324,53064,53260,49702,25255,24447,56622,27809,28813
11273,C4114,33,624,District - Theni   (23),25-29,112114,55166,56948,52236,26008,26228,59878,29158,30720
11274,C4114,33,624,District - Theni   (23),30-34,97318,47917,49401,43874,21960,21914,53444,25957,27487
11275,C4114,33,624,District - Theni   (23),35-39,103137,49183,53954,46744,22351,24393,56393,26832,29561
11276,C4114,33,624,District - Theni   (23),40-44,89747,45095,44652,40212,20198,20014,49535,24897,24638
11277,C4114,33,624,District - Theni   (23),45-49,83362,42643,40719,37678,19156,18522,45684,23487,22197
11278,C4114,33,624,District - Theni   (23),50-54,64046,32558,31488,29030,14634,14396,35016,17924,17092
11279,C4114,33,624,District - Theni   (23),55-59,54400,26366,28034,24591,11640,12951,29809,14726,15083
11280,C4114,33,624,District - Theni   (23),60-64,51555,24733,26822,24361,11641,12720,27194,13092,14102
11281,C4114,33,624,District - Theni   (23),65-69,33341,15601,17740,15766,7421,8345,17575,8180,9395
11282,C4114,33,624,District - Theni   (23),70-74,25507,12037,13470,11862,5588,6274,13645,6449,7196
11283,C4114,33,624,District - Theni   (23),75-79,11298,5476,5822,5041,2451,2590,6257,3025,3232
11284,C4114,33,624,District - Theni   (23),80+,12120,5230,6890,5534,2352,3182,6586,2878,3708
11285,C4114,33,624,District - Theni   (23),Age not stated,1145,595,550,745,388,357,400,207,193
11286,C4114,33,625,District - Virudhunagar (24),All ages,1942288,967709,974579,962062,480360,481702,980226,487349,492877
11287,C4114,33,625,District - Virudhunagar (24),0-4,138849,70711,68138,71825,36650,35175,67024,34061,32963
11288,C4114,33,625,District - Virudhunagar (24),5-9,154145,78830,75315,78460,40191,38269,75685,38639,37046
11289,C4114,33,625,District - Virudhunagar (24),10-14,172194,88038,84156,86857,44633,42224,85337,43405,41932
11290,C4114,33,625,District - Virudhunagar (24),15-19,173671,89296,84375,90051,46734,43317,83620,42562,41058
11291,C4114,33,625,District - Virudhunagar (24),20-24,171700,84472,87228,87899,43573,44326,83801,40899,42902
11292,C4114,33,625,District - Virudhunagar (24),25-29,176979,86734,90245,88970,44132,44838,88009,42602,45407
11293,C4114,33,625,District - Virudhunagar (24),30-34,153462,75983,77479,73759,37181,36578,79703,38802,40901
11294,C4114,33,625,District - Virudhunagar (24),35-39,154427,73839,80588,73746,35259,38487,80681,38580,42101
11295,C4114,33,625,District - Virudhunagar (24),40-44,139645,69211,70434,65485,32123,33362,74160,37088,37072
11296,C4114,33,625,District - Virudhunagar (24),45-49,127472,64966,62506,60665,30654,30011,66807,34312,32495
11297,C4114,33,625,District - Virudhunagar (24),50-54,97578,49778,47800,45933,23165,22768,51645,26613,25032
11298,C4114,33,625,District - Virudhunagar (24),55-59,80202,39593,40609,38084,18202,19882,42118,21391,20727
11299,C4114,33,625,District - Virudhunagar (24),60-64,75502,36036,39466,37105,17459,19646,38397,18577,19820
11300,C4114,33,625,District - Virudhunagar (24),65-69,51912,24503,27409,25981,12225,13756,25931,12278,13653
11301,C4114,33,625,District - Virudhunagar (24),70-74,37989,18420,19569,19135,9336,9799,18854,9084,9770
11302,C4114,33,625,District - Virudhunagar (24),75-79,17639,8876,8763,8648,4490,4158,8991,4386,4605
11303,C4114,33,625,District - Virudhunagar (24),80+,17352,7617,9735,8425,3818,4607,8927,3799,5128
11304,C4114,33,625,District - Virudhunagar (24),Age not stated,1570,806,764,1034,535,499,536,271,265
11305,C4114,33,626,District - Ramanathapuram (25),All ages,1353445,682658,670787,942746,474508,468238,410699,208150,202549
11306,C4114,33,626,District - Ramanathapuram (25),0-4,99554,50704,48850,68287,34754,33533,31267,15950,15317
11307,C4114,33,626,District - Ramanathapuram (25),5-9,108742,55511,53231,75124,38307,36817,33618,17204,16414
11308,C4114,33,626,District - Ramanathapuram (25),10-14,123990,63918,60072,85995,44337,41658,37995,19581,18414
11309,C4114,33,626,District - Ramanathapuram (25),15-19,126052,64767,61285,87831,45269,42562,38221,19498,18723
11310,C4114,33,626,District - Ramanathapuram (25),20-24,123511,61357,62154,85969,43142,42827,37542,18215,19327
11311,C4114,33,626,District - Ramanathapuram (25),25-29,126473,62376,64097,87939,43681,44258,38534,18695,19839
11312,C4114,33,626,District - Ramanathapuram (25),30-34,109126,55510,53616,74068,37841,36227,35058,17669,17389
11313,C4114,33,626,District - Ramanathapuram (25),35-39,106987,52939,54048,72565,35394,37171,34422,17545,16877
11314,C4114,33,626,District - Ramanathapuram (25),40-44,90426,45767,44659,61418,30707,30711,29008,15060,13948
11315,C4114,33,626,District - Ramanathapuram (25),45-49,83225,42209,41016,57910,28794,29116,25315,13415,11900
11316,C4114,33,626,District - Ramanathapuram (25),50-54,65130,33046,32084,46123,23156,22967,19007,9890,9117
11317,C4114,33,626,District - Ramanathapuram (25),55-59,55183,26873,28310,39829,18949,20880,15354,7924,7430
11318,C4114,33,626,District - Ramanathapuram (25),60-64,53313,26810,26503,39808,19895,19913,13505,6915,6590
11319,C4114,33,626,District - Ramanathapuram (25),65-69,33550,16659,16891,25074,12586,12488,8476,4073,4403
11320,C4114,33,626,District - Ramanathapuram (25),70-74,24237,12345,11892,17972,9242,8730,6265,3103,3162
11321,C4114,33,626,District - Ramanathapuram (25),75-79,10509,5417,5092,7523,3939,3584,2986,1478,1508
11322,C4114,33,626,District - Ramanathapuram (25),80+,10966,5081,5885,7762,3689,4073,3204,1392,1812
11323,C4114,33,626,District - Ramanathapuram (25),Age not stated,2471,1369,1102,1549,826,723,922,543,379
11324,C4114,33,627,District - Thoothukkudi (26),All ages,1750176,865021,885155,873374,430361,443013,876802,434660,442142
11325,C4114,33,627,District - Thoothukkudi (26),0-4,129567,65888,63679,64234,32803,31431,65333,33085,32248
11326,C4114,33,627,District - Thoothukkudi (26),5-9,142387,72286,70101,71156,36238,34918,71231,36048,35183
11327,C4114,33,627,District - Thoothukkudi (26),10-14,156521,80031,76490,78720,40229,38491,77801,39802,37999
11328,C4114,33,627,District - Thoothukkudi (26),15-19,151939,76599,75340,77774,39452,38322,74165,37147,37018
11329,C4114,33,627,District - Thoothukkudi (26),20-24,151330,74026,77304,77206,38559,38647,74124,35467,38657
11330,C4114,33,627,District - Thoothukkudi (26),25-29,155973,77423,78550,77413,39249,38164,78560,38174,40386
11331,C4114,33,627,District - Thoothukkudi (26),30-34,135568,67674,67894,63759,32303,31456,71809,35371,36438
11332,C4114,33,627,District - Thoothukkudi (26),35-39,132448,63874,68574,62004,29556,32448,70444,34318,36126
11333,C4114,33,627,District - Thoothukkudi (26),40-44,121103,59454,61649,56838,27439,29399,64265,32015,32250
11334,C4114,33,627,District - Thoothukkudi (26),45-49,110258,54863,55395,53047,25805,27242,57211,29058,28153
11335,C4114,33,627,District - Thoothukkudi (26),50-54,87294,43292,44002,42108,20286,21822,45186,23006,22180
11336,C4114,33,627,District - Thoothukkudi (26),55-59,74886,36135,38751,37346,17243,20103,37540,18892,18648
11337,C4114,33,627,District - Thoothukkudi (26),60-64,68424,32182,36242,36440,16355,20085,31984,15827,16157
11338,C4114,33,627,District - Thoothukkudi (26),65-69,52731,24143,28588,30198,13554,16644,22533,10589,11944
11339,C4114,33,627,District - Thoothukkudi (26),70-74,38621,18082,20539,22284,10442,11842,16337,7640,8697
11340,C4114,33,627,District - Thoothukkudi (26),75-79,20377,9726,10651,11298,5496,5802,9079,4230,4849
11341,C4114,33,627,District - Thoothukkudi (26),80+,19041,8475,10566,10430,4791,5639,8611,3684,4927
11342,C4114,33,627,District - Thoothukkudi (26),Age not stated,1708,868,840,1119,561,558,589,307,282
11343,C4114,33,628,District - Tirunelveli  (27),All ages,3077233,1520912,1556321,1557004,768728,788276,1520229,752184,768045
11344,C4114,33,628,District - Tirunelveli  (27),0-4,226436,115408,111028,117927,60110,57817,108509,55298,53211
11345,C4114,33,628,District - Tirunelveli  (27),5-9,248027,126530,121497,128961,65616,63345,119066,60914,58152
11346,C4114,33,628,District - Tirunelveli  (27),10-14,271801,139133,132668,140247,71859,68388,131554,67274,64280
11347,C4114,33,628,District - Tirunelveli  (27),15-19,269329,137028,132301,138564,71069,67495,130765,65959,64806
11348,C4114,33,628,District - Tirunelveli  (27),20-24,264635,129792,134843,136119,67368,68751,128516,62424,66092
11349,C4114,33,628,District - Tirunelveli  (27),25-29,274049,134937,139112,140916,70068,70848,133133,64869,68264
11350,C4114,33,628,District - Tirunelveli  (27),30-34,240296,119492,120804,119540,59838,59702,120756,59654,61102
11351,C4114,33,628,District - Tirunelveli  (27),35-39,232536,112789,119747,114449,55122,59327,118087,57667,60420
11352,C4114,33,628,District - Tirunelveli  (27),40-44,210378,103659,106719,101936,49932,52004,108442,53727,54715
11353,C4114,33,628,District - Tirunelveli  (27),45-49,192919,95894,97025,94871,46523,48348,98048,49371,48677
11354,C4114,33,628,District - Tirunelveli  (27),50-54,158940,77764,81176,77834,37431,40403,81106,40333,40773
11355,C4114,33,628,District - Tirunelveli  (27),55-59,136585,65612,70973,67369,31531,35838,69216,34081,35135
11356,C4114,33,628,District - Tirunelveli  (27),60-64,120490,57018,63472,60731,28254,32477,59759,28764,30995
11357,C4114,33,628,District - Tirunelveli  (27),65-69,91295,41956,49339,47467,21633,25834,43828,20323,23505
11358,C4114,33,628,District - Tirunelveli  (27),70-74,67050,31490,35560,34320,16122,18198,32730,15368,17362
11359,C4114,33,628,District - Tirunelveli  (27),75-79,35551,16526,19025,17501,8281,9220,18050,8245,9805
11360,C4114,33,628,District - Tirunelveli  (27),80+,34652,14703,19949,16865,7256,9609,17787,7447,10340
11361,C4114,33,628,District - Tirunelveli  (27),Age not stated,2264,1181,1083,1387,715,672,877,466,411
11362,C4114,33,629,District - Kanniyakumari (28),All ages,1870374,926345,944029,330572,164938,165634,1539802,761407,778395
11363,C4114,33,629,District - Kanniyakumari (28),0-4,129895,66129,63766,24209,12316,11893,105686,53813,51873
11364,C4114,33,629,District - Kanniyakumari (28),5-9,135372,68663,66709,24176,12348,11828,111196,56315,54881
11365,C4114,33,629,District - Kanniyakumari (28),10-14,152553,77303,75250,27293,13865,13428,125260,63438,61822
11366,C4114,33,629,District - Kanniyakumari (28),15-19,147984,75230,72754,26604,13628,12976,121380,61602,59778
11367,C4114,33,629,District - Kanniyakumari (28),20-24,155169,75556,79613,28045,13818,14227,127124,61738,65386
11368,C4114,33,629,District - Kanniyakumari (28),25-29,166079,80272,85807,30445,15098,15347,135634,65174,70460
11369,C4114,33,629,District - Kanniyakumari (28),30-34,154029,76152,77877,27333,13765,13568,126696,62387,64309
11370,C4114,33,629,District - Kanniyakumari (28),35-39,146970,71861,75109,25191,12408,12783,121779,59453,62326
11371,C4114,33,629,District - Kanniyakumari (28),40-44,131835,65340,66495,22256,11096,11160,109579,54244,55335
11372,C4114,33,629,District - Kanniyakumari (28),45-49,123714,61620,62094,21237,10382,10855,102477,51238,51239
11373,C4114,33,629,District - Kanniyakumari (28),50-54,104227,51148,53079,18070,8783,9287,86157,42365,43792
11374,C4114,33,629,District - Kanniyakumari (28),55-59,94053,45540,48513,16612,8195,8417,77441,37345,40096
11375,C4114,33,629,District - Kanniyakumari (28),60-64,79031,38865,40166,13542,6753,6789,65489,32112,33377
11376,C4114,33,629,District - Kanniyakumari (28),65-69,58667,28480,30187,10183,4958,5225,48484,23522,24962
11377,C4114,33,629,District - Kanniyakumari (28),70-74,40898,20314,20584,6921,3446,3475,33977,16868,17109
11378,C4114,33,629,District - Kanniyakumari (28),75-79,24627,12025,12602,4184,2093,2091,20443,9932,10511
11379,C4114,33,629,District - Kanniyakumari (28),80+,24346,11346,13000,4034,1868,2166,20312,9478,10834
11380,C4114,33,629,District - Kanniyakumari (28),Age not stated,925,501,424,237,118,119,688,383,305
11381,C4114,33,630,District - Dharmapuri (29),All ages,1506843,774303,732540,1245931,643215,602716,260912,131088,129824
11382,C4114,33,630,District - Dharmapuri (29),0-4,118553,61881,56672,99532,52046,47486,19021,9835,9186
11383,C4114,33,630,District - Dharmapuri (29),5-9,126991,66370,60621,106441,55837,50604,20550,10533,10017
11384,C4114,33,630,District - Dharmapuri (29),10-14,147444,80099,67345,123029,67392,55637,24415,12707,11708
11385,C4114,33,630,District - Dharmapuri (29),15-19,140167,78059,62108,116819,65870,50949,23348,12189,11159
11386,C4114,33,630,District - Dharmapuri (29),20-24,134973,70001,64972,112109,58954,53155,22864,11047,11817
11387,C4114,33,630,District - Dharmapuri (29),25-29,136058,67769,68289,112165,56334,55831,23893,11435,12458
11388,C4114,33,630,District - Dharmapuri (29),30-34,114319,57521,56798,93087,46955,46132,21232,10566,10666
11389,C4114,33,630,District - Dharmapuri (29),35-39,121668,57756,63912,99820,47390,52430,21848,10366,11482
11390,C4114,33,630,District - Dharmapuri (29),40-44,101962,52360,49602,83367,42725,40642,18595,9635,8960
11391,C4114,33,630,District - Dharmapuri (29),45-49,96379,49584,46795,79088,40667,38421,17291,8917,8374
11392,C4114,33,630,District - Dharmapuri (29),50-54,69338,35666,33672,56611,29061,27550,12727,6605,6122
11393,C4114,33,630,District - Dharmapuri (29),55-59,57583,28577,29006,46818,23099,23719,10765,5478,5287
11394,C4114,33,630,District - Dharmapuri (29),60-64,53537,26285,27252,44127,21527,22600,9410,4758,4652
11395,C4114,33,630,District - Dharmapuri (29),65-69,34631,16239,18392,28887,13510,15377,5744,2729,3015
11396,C4114,33,630,District - Dharmapuri (29),70-74,26216,13085,13131,21841,10996,10845,4375,2089,2286
11397,C4114,33,630,District - Dharmapuri (29),75-79,12193,5945,6248,9965,4919,5046,2228,1026,1202
11398,C4114,33,630,District - Dharmapuri (29),80+,14038,6681,7357,11517,5558,5959,2521,1123,1398
11399,C4114,33,630,District - Dharmapuri (29),Age not stated,793,425,368,708,375,333,85,50,35
11400,C4114,33,631,District - Krishnagiri (30),All ages,1879809,960232,919577,1451446,742444,709002,428363,217788,210575
11401,C4114,33,631,District - Krishnagiri (30),0-4,154323,79743,74580,118097,61148,56949,36226,18595,17631
11402,C4114,33,631,District - Krishnagiri (30),5-9,162082,84693,77389,124927,65576,59351,37155,19117,18038
11403,C4114,33,631,District - Krishnagiri (30),10-14,183912,96150,87762,143830,75489,68341,40082,20661,19421
11404,C4114,33,631,District - Krishnagiri (30),15-19,179439,95949,83490,141556,76536,65020,37883,19413,18470
11405,C4114,33,631,District - Krishnagiri (30),20-24,178359,89753,88606,137399,70179,67220,40960,19574,21386
11406,C4114,33,631,District - Krishnagiri (30),25-29,176359,86273,90086,133230,65971,67259,43129,20302,22827
11407,C4114,33,631,District - Krishnagiri (30),30-34,147871,74429,73442,109135,54810,54325,38736,19619,19117
11408,C4114,33,631,District - Krishnagiri (30),35-39,150291,72848,77443,113129,53821,59308,37162,19027,18135
11409,C4114,33,631,District - Krishnagiri (30),40-44,121357,62462,58895,91942,46766,45176,29415,15696,13719
11410,C4114,33,631,District - Krishnagiri (30),45-49,113664,58603,55061,88179,45183,42996,25485,13420,12065
11411,C4114,33,631,District - Krishnagiri (30),50-54,84032,44552,39480,65643,34176,31467,18389,10376,8013
11412,C4114,33,631,District - Krishnagiri (30),55-59,65316,33517,31799,51452,26073,25379,13864,7444,6420
11413,C4114,33,631,District - Krishnagiri (30),60-64,58840,29773,29067,47565,24065,23500,11275,5708,5567
11414,C4114,33,631,District - Krishnagiri (30),65-69,39094,18994,20100,32052,15608,16444,7042,3386,3656
11415,C4114,33,631,District - Krishnagiri (30),70-74,30726,15682,15044,25462,13048,12414,5264,2634,2630
11416,C4114,33,631,District - Krishnagiri (30),75-79,14919,7546,7373,12097,6196,5901,2822,1350,1472
11417,C4114,33,631,District - Krishnagiri (30),80+,18311,8781,9530,15059,7437,7622,3252,1344,1908
11418,C4114,33,631,District - Krishnagiri (30),Age not stated,914,484,430,692,362,330,222,122,100
11419,C4114,33,632,District - Coimbatore (31),All ages,3458045,1729297,1728748,839105,419032,420073,2618940,1310265,1308675
11420,C4114,33,632,District - Coimbatore (31),0-4,228164,116531,111633,49608,25178,24430,178556,91353,87203
11421,C4114,33,632,District - Coimbatore (31),5-9,231107,118158,112949,53761,27443,26318,177346,90715,86631
11422,C4114,33,632,District - Coimbatore (31),10-14,260540,133207,127333,64514,33020,31494,196026,100187,95839
11423,C4114,33,632,District - Coimbatore (31),15-19,259970,132046,127924,64679,33635,31044,195291,98411,96880
11424,C4114,33,632,District - Coimbatore (31),20-24,283417,135379,148038,65602,32218,33384,217815,103161,114654
11425,C4114,33,632,District - Coimbatore (31),25-29,316319,152371,163948,71245,35059,36186,245074,117312,127762
11426,C4114,33,632,District - Coimbatore (31),30-34,294996,147341,147655,65097,32103,32994,229899,115238,114661
11427,C4114,33,632,District - Coimbatore (31),35-39,302186,147047,155139,71287,33569,37718,230899,113478,117421
11428,C4114,33,632,District - Coimbatore (31),40-44,270579,137371,133208,64975,32477,32498,205604,104894,100710
11429,C4114,33,632,District - Coimbatore (31),45-49,249460,126822,122638,63040,31704,31336,186420,95118,91302
11430,C4114,33,632,District - Coimbatore (31),50-54,199610,103844,95766,49584,25443,24141,150026,78401,71625
11431,C4114,33,632,District - Coimbatore (31),55-59,166796,85496,81300,42137,21094,21043,124659,64402,60257
11432,C4114,33,632,District - Coimbatore (31),60-64,140882,71836,69046,38077,19068,19009,102805,52768,50037
11433,C4114,33,632,District - Coimbatore (31),65-69,95528,46274,49254,28004,13542,14462,67524,32732,34792
11434,C4114,33,632,District - Coimbatore (31),70-74,71666,35204,36462,21865,10840,11025,49801,24364,25437
11435,C4114,33,632,District - Coimbatore (31),75-79,40402,19707,20695,11851,6029,5822,28551,13678,14873
11436,C4114,33,632,District - Coimbatore (31),80+,42854,18907,23947,12592,6043,6549,30262,12864,17398
11437,C4114,33,632,District - Coimbatore (31),Age not stated,3569,1756,1813,1187,567,620,2382,1189,1193
11438,C4114,33,633,District - Tiruppur (32),All ages,2479052,1246159,1232893,957941,479309,478632,1521111,766850,754261
11439,C4114,33,633,District - Tiruppur (32),0-4,173374,88672,84702,56502,28999,27503,116872,59673,57199
11440,C4114,33,633,District - Tiruppur (32),5-9,172049,87976,84073,60680,31053,29627,111369,56923,54446
11441,C4114,33,633,District - Tiruppur (32),10-14,189996,97580,92416,73058,37826,35232,116938,59754,57184
11442,C4114,33,633,District - Tiruppur (32),15-19,192942,97452,95490,73472,37812,35660,119470,59640,59830
11443,C4114,33,633,District - Tiruppur (32),20-24,212081,99285,112796,72707,35275,37432,139374,64010,75364
11444,C4114,33,633,District - Tiruppur (32),25-29,237545,115166,122379,80399,39531,40868,157146,75635,81511
11445,C4114,33,633,District - Tiruppur (32),30-34,214336,108966,105370,74332,36977,37355,140004,71989,68015
11446,C4114,33,633,District - Tiruppur (32),35-39,218643,107933,110710,81524,38868,42656,137119,69065,68054
11447,C4114,33,633,District - Tiruppur (32),40-44,188839,97151,91688,73703,36992,36711,115136,60159,54977
11448,C4114,33,633,District - Tiruppur (32),45-49,172821,89367,83454,70606,35774,34832,102215,53593,48622
11449,C4114,33,633,District - Tiruppur (32),50-54,131766,69044,62722,56149,28528,27621,75617,40516,35101
11450,C4114,33,633,District - Tiruppur (32),55-59,108008,54592,53416,47969,23263,24706,60039,31329,28710
11451,C4114,33,633,District - Tiruppur (32),60-64,95347,48193,47154,45800,22581,23219,49547,25612,23935
11452,C4114,33,633,District - Tiruppur (32),65-69,66295,32287,34008,34376,16622,17754,31919,15665,16254
11453,C4114,33,633,District - Tiruppur (32),70-74,49375,24753,24622,26343,13388,12955,23032,11365,11667
11454,C4114,33,633,District - Tiruppur (32),75-79,26479,13740,12739,14435,7748,6687,12044,5992,6052
11455,C4114,33,633,District - Tiruppur (32),80+,27404,13163,14241,15082,7661,7421,12322,5502,6820
11456,C4114,33,633,District - Tiruppur (32),Age not stated,1752,839,913,804,411,393,948,428,520
11457,C4114,5,0,State - UTTARAKHAND (05),All ages,10086292,5137773,4948519,7036954,3519042,3517912,3049338,1618731,1430607
11458,C4114,5,0,State - UTTARAKHAND (05),0-4,924864,488988,435876,677293,356937,320356,247571,132051,115520
11459,C4114,5,0,State - UTTARAKHAND (05),5-9,1058801,560179,498622,770582,404255,366327,288219,155924,132295
11460,C4114,5,0,State - UTTARAKHAND (05),10-14,1145343,603274,542069,835418,434578,400840,309925,168696,141229
11461,C4114,5,0,State - UTTARAKHAND (05),15-19,1124110,588483,535627,792898,407069,385829,331212,181414,149798
11462,C4114,5,0,State - UTTARAKHAND (05),20-24,970068,484614,485454,648027,312431,335596,322041,172183,149858
11463,C4114,5,0,State - UTTARAKHAND (05),25-29,810184,397363,412821,529754,253277,276477,280430,144086,136344
11464,C4114,5,0,State - UTTARAKHAND (05),30-34,698300,345427,352873,459156,221890,237266,239144,123537,115607
11465,C4114,5,0,State - UTTARAKHAND (05),35-39,665500,330834,334666,441348,215242,226106,224152,115592,108560
11466,C4114,5,0,State - UTTARAKHAND (05),40-44,566709,285531,281178,378652,187060,191592,188057,98471,89586
11467,C4114,5,0,State - UTTARAKHAND (05),45-49,489377,247982,241395,325900,160955,164945,163477,87027,76450
11468,C4114,5,0,State - UTTARAKHAND (05),50-54,397158,202024,195134,270074,133037,137037,127084,68987,58097
11469,C4114,5,0,State - UTTARAKHAND (05),55-59,318461,151865,166596,221366,100962,120404,97095,50903,46192
11470,C4114,5,0,State - UTTARAKHAND (05),60-64,329056,163220,165836,244791,119263,125528,84265,43957,40308
11471,C4114,5,0,State - UTTARAKHAND (05),65-69,218759,108412,110347,163102,78840,84262,55657,29572,26085
11472,C4114,5,0,State - UTTARAKHAND (05),70-74,163443,80970,82473,124907,60605,64302,38536,20365,18171
11473,C4114,5,0,State - UTTARAKHAND (05),75-79,84646,40837,43809,64561,30697,33864,20085,10140,9945
11474,C4114,5,0,State - UTTARAKHAND (05),80+,104905,48458,56447,78653,36196,42457,26252,12262,13990
11475,C4114,5,0,State - UTTARAKHAND (05),Age not stated,16608,9312,7296,10472,5748,4724,6136,3564,2572
11476,C4114,5,56,District - Uttarkashi (01),All ages,330086,168597,161489,305781,155375,150406,24305,13222,11083
11477,C4114,5,56,District - Uttarkashi (01),0-4,30889,16081,14808,29221,15159,14062,1668,922,746
11478,C4114,5,56,District - Uttarkashi (01),5-9,37551,19529,18022,35162,18223,16939,2389,1306,1083
11479,C4114,5,56,District - Uttarkashi (01),10-14,40872,21165,19707,38077,19585,18492,2795,1580,1215
11480,C4114,5,56,District - Uttarkashi (01),15-19,36173,18761,17412,33389,17271,16118,2784,1490,1294
11481,C4114,5,56,District - Uttarkashi (01),20-24,31081,15614,15467,28783,14350,14433,2298,1264,1034
11482,C4114,5,56,District - Uttarkashi (01),25-29,25860,13012,12848,23751,11976,11775,2109,1036,1073
11483,C4114,5,56,District - Uttarkashi (01),30-34,22029,11161,10868,20013,10109,9904,2016,1052,964
11484,C4114,5,56,District - Uttarkashi (01),35-39,20941,10508,10433,19085,9559,9526,1856,949,907
11485,C4114,5,56,District - Uttarkashi (01),40-44,17754,9024,8730,16152,8136,8016,1602,888,714
11486,C4114,5,56,District - Uttarkashi (01),45-49,15273,7770,7503,13842,6957,6885,1431,813,618
11487,C4114,5,56,District - Uttarkashi (01),50-54,12832,6652,6180,11708,5985,5723,1124,667,457
11488,C4114,5,56,District - Uttarkashi (01),55-59,9958,5048,4910,9243,4582,4661,715,466,249
11489,C4114,5,56,District - Uttarkashi (01),60-64,11509,5621,5888,11005,5368,5637,504,253,251
11490,C4114,5,56,District - Uttarkashi (01),65-69,6805,3365,3440,6474,3207,3267,331,158,173
11491,C4114,5,56,District - Uttarkashi (01),70-74,4978,2472,2506,4692,2315,2377,286,157,129
11492,C4114,5,56,District - Uttarkashi (01),75-79,2509,1289,1220,2362,1215,1147,147,74,73
11493,C4114,5,56,District - Uttarkashi (01),80+,2654,1291,1363,2466,1182,1284,188,109,79
11494,C4114,5,56,District - Uttarkashi (01),Age not stated,418,234,184,356,196,160,62,38,24
11495,C4114,5,57,District - Chamoli (02),All ages,391605,193991,197614,332209,160369,171840,59396,33622,25774
11496,C4114,5,57,District - Chamoli (02),0-4,35937,19069,16868,31392,16596,14796,4545,2473,2072
11497,C4114,5,57,District - Chamoli (02),5-9,40184,20911,19273,34341,17656,16685,5843,3255,2588
11498,C4114,5,57,District - Chamoli (02),10-14,44204,22624,21580,38161,19271,18890,6043,3353,2690
11499,C4114,5,57,District - Chamoli (02),15-19,41293,21003,20290,35236,17525,17711,6057,3478,2579
11500,C4114,5,57,District - Chamoli (02),20-24,36521,16964,19557,30607,13621,16986,5914,3343,2571
11501,C4114,5,57,District - Chamoli (02),25-29,31576,14798,16778,25478,11447,14031,6098,3351,2747
11502,C4114,5,57,District - Chamoli (02),30-34,26701,13077,13624,21450,10129,11321,5251,2948,2303
11503,C4114,5,57,District - Chamoli (02),35-39,24664,12221,12443,19956,9567,10389,4708,2654,2054
11504,C4114,5,57,District - Chamoli (02),40-44,22196,10980,11216,18182,8543,9639,4014,2437,1577
11505,C4114,5,57,District - Chamoli (02),45-49,19621,9629,9992,16294,7615,8679,3327,2014,1313
11506,C4114,5,57,District - Chamoli (02),50-54,16848,8184,8664,14365,6694,7671,2483,1490,993
11507,C4114,5,57,District - Chamoli (02),55-59,13083,6113,6970,11409,5083,6326,1674,1030,644
11508,C4114,5,57,District - Chamoli (02),60-64,13218,6387,6831,12009,5733,6276,1209,654,555
11509,C4114,5,57,District - Chamoli (02),65-69,9289,4390,4899,8493,3984,4509,796,406,390
11510,C4114,5,57,District - Chamoli (02),70-74,7317,3465,3852,6718,3162,3556,599,303,296
11511,C4114,5,57,District - Chamoli (02),75-79,3880,1829,2051,3570,1675,1895,310,154,156
11512,C4114,5,57,District - Chamoli (02),80+,4238,1842,2396,3830,1660,2170,408,182,226
11513,C4114,5,57,District - Chamoli (02),Age not stated,835,505,330,718,408,310,117,97,20
11514,C4114,5,58,District - Rudraprayag (03),All ages,242285,114589,127696,232360,108740,123620,9925,5849,4076
11515,C4114,5,58,District - Rudraprayag (03),0-4,21800,11462,10338,21124,11092,10032,676,370,306
11516,C4114,5,58,District - Rudraprayag (03),5-9,25715,13461,12254,24790,12920,11870,925,541,384
11517,C4114,5,58,District - Rudraprayag (03),10-14,28519,14554,13965,27526,14022,13504,993,532,461
11518,C4114,5,58,District - Rudraprayag (03),15-19,25905,12898,13007,24917,12318,12599,988,580,408
11519,C4114,5,58,District - Rudraprayag (03),20-24,21601,9163,12438,20653,8594,12059,948,569,379
11520,C4114,5,58,District - Rudraprayag (03),25-29,18308,7942,10366,17281,7338,9943,1027,604,423
11521,C4114,5,58,District - Rudraprayag (03),30-34,15629,7055,8574,14730,6507,8223,899,548,351
11522,C4114,5,58,District - Rudraprayag (03),35-39,15035,6791,8244,14230,6325,7905,805,466,339
11523,C4114,5,58,District - Rudraprayag (03),40-44,12917,5980,6937,12231,5552,6679,686,428,258
11524,C4114,5,58,District - Rudraprayag (03),45-49,11398,5129,6269,10789,4756,6033,609,373,236
11525,C4114,5,58,District - Rudraprayag (03),50-54,10138,4504,5634,9664,4198,5466,474,306,168
11526,C4114,5,58,District - Rudraprayag (03),55-59,8142,3404,4738,7869,3215,4654,273,189,84
11527,C4114,5,58,District - Rudraprayag (03),60-64,9379,4271,5108,9177,4149,5028,202,122,80
11528,C4114,5,58,District - Rudraprayag (03),65-69,6537,2908,3629,6398,2832,3566,139,76,63
11529,C4114,5,58,District - Rudraprayag (03),70-74,5165,2304,2861,5073,2260,2813,92,44,48
11530,C4114,5,58,District - Rudraprayag (03),75-79,2677,1223,1454,2621,1190,1431,56,33,23
11531,C4114,5,58,District - Rudraprayag (03),80+,2948,1292,1656,2841,1240,1601,107,52,55
11532,C4114,5,58,District - Rudraprayag (03),Age not stated,472,248,224,446,232,214,26,16,10
11533,C4114,5,59,District - Tehri Garhwal (04),All ages,618931,297986,320945,548792,259381,289411,70139,38605,31534
11534,C4114,5,59,District - Tehri Garhwal (04),0-4,56739,29951,26788,51559,27189,24370,5180,2762,2418
11535,C4114,5,59,District - Tehri Garhwal (04),5-9,68436,35959,32477,61466,32074,29392,6970,3885,3085
11536,C4114,5,59,District - Tehri Garhwal (04),10-14,75138,38660,36478,67415,34351,33064,7723,4309,3414
11537,C4114,5,59,District - Tehri Garhwal (04),15-19,68849,34005,34844,61440,29791,31649,7409,4214,3195
11538,C4114,5,59,District - Tehri Garhwal (04),20-24,53782,23593,30189,46801,19705,27096,6981,3888,3093
11539,C4114,5,59,District - Tehri Garhwal (04),25-29,45380,20172,25208,39167,16943,22224,6213,3229,2984
11540,C4114,5,59,District - Tehri Garhwal (04),30-34,39339,18048,21291,33389,15067,18322,5950,2981,2969
11541,C4114,5,59,District - Tehri Garhwal (04),35-39,37698,17590,20108,31774,14399,17375,5924,3191,2733
11542,C4114,5,59,District - Tehri Garhwal (04),40-44,33401,15749,17652,28446,12945,15501,4955,2804,2151
11543,C4114,5,59,District - Tehri Garhwal (04),45-49,28933,13695,15238,24945,11345,13600,3988,2350,1638
11544,C4114,5,59,District - Tehri Garhwal (04),50-54,25379,11878,13501,22422,10099,12323,2957,1779,1178
11545,C4114,5,59,District - Tehri Garhwal (04),55-59,19904,8914,10990,17896,7671,10225,2008,1243,765
11546,C4114,5,59,District - Tehri Garhwal (04),60-64,22682,10160,12522,21382,9457,11925,1300,703,597
11547,C4114,5,59,District - Tehri Garhwal (04),65-69,15661,7081,8580,14749,6612,8137,912,469,443
11548,C4114,5,59,District - Tehri Garhwal (04),70-74,12581,5640,6941,11943,5334,6609,638,306,332
11549,C4114,5,59,District - Tehri Garhwal (04),75-79,6942,3230,3712,6528,3033,3495,414,197,217
11550,C4114,5,59,District - Tehri Garhwal (04),80+,6849,3033,3816,6375,2816,3559,474,217,257
11551,C4114,5,59,District - Tehri Garhwal (04),Age not stated,1238,628,610,1095,550,545,143,78,65
11552,C4114,5,60,District - Dehradun (05),All ages,1696694,892199,804495,754753,392891,361862,941941,499308,442633
11553,C4114,5,60,District - Dehradun (05),0-4,137774,72693,65081,68434,35684,32750,69340,37009,32331
11554,C4114,5,60,District - Dehradun (05),5-9,156933,84038,72895,77213,40642,36571,79720,43396,36324
11555,C4114,5,60,District - Dehradun (05),10-14,167882,90496,77386,81002,42883,38119,86880,47613,39267
11556,C4114,5,60,District - Dehradun (05),15-19,175683,95753,79930,80943,43311,37632,94740,52442,42298
11557,C4114,5,60,District - Dehradun (05),20-24,175063,91310,83753,77328,39440,37888,97735,51870,45865
11558,C4114,5,60,District - Dehradun (05),25-29,155182,79238,75944,65856,33162,32694,89326,46076,43250
11559,C4114,5,60,District - Dehradun (05),30-34,132014,68397,63617,55641,28429,27212,76373,39968,36405
11560,C4114,5,60,District - Dehradun (05),35-39,122004,62487,59517,50997,26171,24826,71007,36316,34691
11561,C4114,5,60,District - Dehradun (05),40-44,102221,52977,49244,41302,21679,19623,60919,31298,29621
11562,C4114,5,60,District - Dehradun (05),45-49,89807,47175,42632,36059,18843,17216,53748,28332,25416
11563,C4114,5,60,District - Dehradun (05),50-54,71671,38141,33530,28615,15002,13613,43056,23139,19917
11564,C4114,5,60,District - Dehradun (05),55-59,56734,28750,27984,23501,11641,11860,33233,17109,16124
11565,C4114,5,60,District - Dehradun (05),60-64,54482,28365,26117,25366,13306,12060,29116,15059,14057
11566,C4114,5,60,District - Dehradun (05),65-69,36156,19567,16589,15864,8748,7116,20292,10819,9473
11567,C4114,5,60,District - Dehradun (05),70-74,25919,14004,11915,11316,6072,5244,14603,7932,6671
11568,C4114,5,60,District - Dehradun (05),75-79,13761,7087,6674,5649,2976,2673,8112,4111,4001
11569,C4114,5,60,District - Dehradun (05),80+,17557,8406,9151,7487,3680,3807,10070,4726,5344
11570,C4114,5,60,District - Dehradun (05),Age not stated,5851,3315,2536,2180,1222,958,3671,2093,1578
11571,C4114,5,61,District - Garhwal (06),All ages,687271,326829,360442,574568,268029,306539,112703,58800,53903
11572,C4114,5,61,District - Garhwal (06),0-4,56984,30026,26958,48628,25571,23057,8356,4455,3901
11573,C4114,5,61,District - Garhwal (06),5-9,67637,35178,32459,56886,29291,27595,10751,5887,4864
11574,C4114,5,61,District - Garhwal (06),10-14,76575,39320,37255,64869,32867,32002,11706,6453,5253
11575,C4114,5,61,District - Garhwal (06),15-19,74266,37469,36797,62087,30665,31422,12179,6804,5375
11576,C4114,5,61,District - Garhwal (06),20-24,58033,25524,32509,46746,19534,27212,11287,5990,5297
11577,C4114,5,61,District - Garhwal (06),25-29,47270,20116,27154,37810,15641,22169,9460,4475,4985
11578,C4114,5,61,District - Garhwal (06),30-34,43999,19830,24169,35104,15623,19481,8895,4207,4688
11579,C4114,5,61,District - Garhwal (06),35-39,42649,19548,23101,34280,15494,18786,8369,4054,4315
11580,C4114,5,61,District - Garhwal (06),40-44,38575,17698,20877,31222,13983,17239,7353,3715,3638
11581,C4114,5,61,District - Garhwal (06),45-49,34960,16207,18753,28575,12851,15724,6385,3356,3029
11582,C4114,5,61,District - Garhwal (06),50-54,32338,14827,17511,27031,12021,15010,5307,2806,2501
11583,C4114,5,61,District - Garhwal (06),55-59,26888,12047,14841,22901,9852,13049,3987,2195,1792
11584,C4114,5,61,District - Garhwal (06),60-64,27603,12765,14838,24600,11138,13462,3003,1627,1376
11585,C4114,5,61,District - Garhwal (06),65-69,20626,9414,11212,18624,8356,10268,2002,1058,944
11586,C4114,5,61,District - Garhwal (06),70-74,17114,7481,9633,15618,6742,8876,1496,739,757
11587,C4114,5,61,District - Garhwal (06),75-79,9828,4250,5578,8921,3832,5089,907,418,489
11588,C4114,5,61,District - Garhwal (06),80+,11048,4658,6390,9929,4173,5756,1119,485,634
11589,C4114,5,61,District - Garhwal (06),Age not stated,878,471,407,737,395,342,141,76,65
11590,C4114,5,62,District - Pithoragarh (07),All ages,483439,239306,244133,413834,202930,210904,69605,36376,33229
11591,C4114,5,62,District - Pithoragarh (07),0-4,43412,23975,19437,37985,20824,17161,5427,3151,2276
11592,C4114,5,62,District - Pithoragarh (07),5-9,49073,26441,22632,41749,22242,19507,7324,4199,3125
11593,C4114,5,62,District - Pithoragarh (07),10-14,52906,27704,25202,45230,23345,21885,7676,4359,3317
11594,C4114,5,62,District - Pithoragarh (07),15-19,49280,25482,23798,41443,21068,20375,7837,4414,3423
11595,C4114,5,62,District - Pithoragarh (07),20-24,41913,19430,22483,35297,16045,19252,6616,3385,3231
11596,C4114,5,62,District - Pithoragarh (07),25-29,36910,17133,19777,30773,14356,16417,6137,2777,3360
11597,C4114,5,62,District - Pithoragarh (07),30-34,32813,15593,17220,27173,12953,14220,5640,2640,3000
11598,C4114,5,62,District - Pithoragarh (07),35-39,30470,14323,16147,25386,11908,13478,5084,2415,2669
11599,C4114,5,62,District - Pithoragarh (07),40-44,28291,13446,14845,24014,11380,12634,4277,2066,2211
11600,C4114,5,62,District - Pithoragarh (07),45-49,25175,11887,13288,21422,9977,11445,3753,1910,1843
11601,C4114,5,62,District - Pithoragarh (07),50-54,22604,10943,11661,19549,9279,10270,3055,1664,1391
11602,C4114,5,62,District - Pithoragarh (07),55-59,17793,8197,9596,15580,7008,8572,2213,1189,1024
11603,C4114,5,62,District - Pithoragarh (07),60-64,18099,8599,9500,16536,7817,8719,1563,782,781
11604,C4114,5,62,District - Pithoragarh (07),65-69,12442,6017,6425,11326,5446,5880,1116,571,545
11605,C4114,5,62,District - Pithoragarh (07),70-74,9851,4571,5280,9042,4186,4856,809,385,424
11606,C4114,5,62,District - Pithoragarh (07),75-79,5512,2538,2974,5035,2313,2722,477,225,252
11607,C4114,5,62,District - Pithoragarh (07),80+,6216,2654,3562,5700,2453,3247,516,201,315
11608,C4114,5,62,District - Pithoragarh (07),Age not stated,679,373,306,594,330,264,85,43,42
11609,C4114,5,63,District - Bageshwar (08),All ages,259898,124326,135572,250819,119615,131204,9079,4711,4368
11610,C4114,5,63,District - Bageshwar (08),0-4,24445,12950,11495,23803,12606,11197,642,344,298
11611,C4114,5,63,District - Bageshwar (08),5-9,27137,13921,13216,26263,13442,12821,874,479,395
11612,C4114,5,63,District - Bageshwar (08),10-14,29092,14777,14315,28168,14267,13901,924,510,414
11613,C4114,5,63,District - Bageshwar (08),15-19,26961,13714,13247,25952,13146,12806,1009,568,441
11614,C4114,5,63,District - Bageshwar (08),20-24,21272,9294,11978,20411,8870,11541,861,424,437
11615,C4114,5,63,District - Bageshwar (08),25-29,18581,7954,10627,17810,7593,10217,771,361,410
11616,C4114,5,63,District - Bageshwar (08),30-34,16589,7444,9145,15824,7057,8767,765,387,378
11617,C4114,5,63,District - Bageshwar (08),35-39,16260,7311,8949,15567,6982,8585,693,329,364
11618,C4114,5,63,District - Bageshwar (08),40-44,14482,6591,7891,13865,6287,7578,617,304,313
11619,C4114,5,63,District - Bageshwar (08),45-49,13238,6173,7065,12726,5902,6824,512,271,241
11620,C4114,5,63,District - Bageshwar (08),50-54,11653,5480,6173,11215,5216,5999,438,264,174
11621,C4114,5,63,District - Bageshwar (08),55-59,9839,4422,5417,9552,4275,5277,287,147,140
11622,C4114,5,63,District - Bageshwar (08),60-64,11028,5205,5823,10778,5078,5700,250,127,123
11623,C4114,5,63,District - Bageshwar (08),65-69,7216,3471,3745,7056,3396,3660,160,75,85
11624,C4114,5,63,District - Bageshwar (08),70-74,5514,2590,2924,5384,2539,2845,130,51,79
11625,C4114,5,63,District - Bageshwar (08),75-79,3025,1427,1598,2953,1389,1564,72,38,34
11626,C4114,5,63,District - Bageshwar (08),80+,3397,1518,1879,3324,1486,1838,73,32,41
11627,C4114,5,63,District - Bageshwar (08),Age not stated,169,84,85,168,84,84,1,0,1
11628,C4114,5,64,"District - Almora
 (09)",All ages,622506,291081,331425,560192,257359,302833,62314,33722,28592
11629,C4114,5,64,"District - Almora
 (09)",0-4,55170,28687,26483,51366,26617,24749,3804,2070,1734
11630,C4114,5,64,"District - Almora
 (09)",5-9,62586,32050,30536,57777,29488,28289,4809,2562,2247
11631,C4114,5,64,"District - Almora
 (09)",10-14,70771,35973,34798,65337,33017,32320,5434,2956,2478
11632,C4114,5,64,"District - Almora
 (09)",15-19,69317,33684,35633,62708,30015,32693,6609,3669,2940
11633,C4114,5,64,"District - Almora
 (09)",20-24,52038,22527,29511,44942,18374,26568,7096,4153,2943
11634,C4114,5,64,"District - Almora
 (09)",25-29,41713,17646,24067,35930,14530,21400,5783,3116,2667
11635,C4114,5,64,"District - Almora
 (09)",30-34,37950,16806,21144,32610,13905,18705,5340,2901,2439
11636,C4114,5,64,"District - Almora
 (09)",35-39,37658,16824,20834,32692,14221,18471,4966,2603,2363
11637,C4114,5,64,"District - Almora
 (09)",40-44,34611,15659,18952,30214,13295,16919,4397,2364,2033
11638,C4114,5,64,"District - Almora
 (09)",45-49,31019,13859,17160,27237,11895,15342,3782,1964,1818
11639,C4114,5,64,"District - Almora
 (09)",50-54,28559,12986,15573,25478,11282,14196,3081,1704,1377
11640,C4114,5,64,"District - Almora
 (09)",55-59,23982,10384,13598,21698,9146,12552,2284,1238,1046
11641,C4114,5,64,"District - Almora
 (09)",60-64,27017,11905,15112,25320,11049,14271,1697,856,841
11642,C4114,5,64,"District - Almora
 (09)",65-69,18455,8153,10302,17326,7603,9723,1129,550,579
11643,C4114,5,64,"District - Almora
 (09)",70-74,14385,6536,7849,13599,6144,7455,786,392,394
11644,C4114,5,64,"District - Almora
 (09)",75-79,7692,3400,4292,7207,3177,4030,485,223,262
11645,C4114,5,64,"District - Almora
 (09)",80+,8904,3597,5307,8225,3322,4903,679,275,404
11646,C4114,5,64,"District - Almora
 (09)",Age not stated,679,405,274,526,279,247,153,126,27
11647,C4114,5,65,District - Champawat (10),All ages,259648,131125,128523,221305,110842,110463,38343,20283,18060
11648,C4114,5,65,District - Champawat (10),0-4,25004,13383,11621,21898,11684,10214,3106,1699,1407
11649,C4114,5,65,District - Champawat (10),5-9,29895,15730,14165,25904,13518,12386,3991,2212,1779
11650,C4114,5,65,District - Champawat (10),10-14,31848,16331,15517,27486,14024,13462,4362,2307,2055
11651,C4114,5,65,District - Champawat (10),15-19,27603,14383,13220,23242,12003,11239,4361,2380,1981
11652,C4114,5,65,District - Champawat (10),20-24,22473,11235,11238,18653,9228,9425,3820,2007,1813
11653,C4114,5,65,District - Champawat (10),25-29,20093,9676,10417,16918,8068,8850,3175,1608,1567
11654,C4114,5,65,District - Champawat (10),30-34,17166,8496,8670,14397,7130,7267,2769,1366,1403
11655,C4114,5,65,District - Champawat (10),35-39,16667,7942,8725,13919,6590,7329,2748,1352,1396
11656,C4114,5,65,District - Champawat (10),40-44,14364,7240,7124,11876,5964,5912,2488,1276,1212
11657,C4114,5,65,District - Champawat (10),45-49,12525,6351,6174,10330,5134,5196,2195,1217,978
11658,C4114,5,65,District - Champawat (10),50-54,10088,5042,5046,8389,4059,4330,1699,983,716
11659,C4114,5,65,District - Champawat (10),55-59,8361,3887,4474,7236,3241,3995,1125,646,479
11660,C4114,5,65,District - Champawat (10),60-64,9190,4597,4593,8266,4130,4136,924,467,457
11661,C4114,5,65,District - Champawat (10),65-69,5571,2683,2888,4965,2374,2591,606,309,297
11662,C4114,5,65,District - Champawat (10),70-74,4191,1967,2224,3745,1750,1995,446,217,229
11663,C4114,5,65,District - Champawat (10),75-79,2078,990,1088,1879,893,986,199,97,102
11664,C4114,5,65,District - Champawat (10),80+,2434,1136,1298,2131,1009,1122,303,127,176
11665,C4114,5,65,District - Champawat (10),Age not stated,97,56,41,71,43,28,26,13,13
11666,C4114,5,66,District - Nainital (11),All ages,954605,493666,460939,582871,299257,283614,371734,194409,177325
11667,C4114,5,66,District - Nainital (11),0-4,85338,44920,40418,54479,28572,25907,30859,16348,14511
11668,C4114,5,66,District - Nainital (11),5-9,95335,50232,45103,60889,31950,28939,34446,18282,16164
11669,C4114,5,66,District - Nainital (11),10-14,102103,53986,48117,64333,33586,30747,37770,20400,17370
11670,C4114,5,66,District - Nainital (11),15-19,103405,54781,48624,62634,32994,29640,40771,21787,18984
11671,C4114,5,66,District - Nainital (11),20-24,94692,48516,46176,55651,28165,27486,39041,20351,18690
11672,C4114,5,66,District - Nainital (11),25-29,81675,40627,41048,48167,23675,24492,33508,16952,16556
11673,C4114,5,66,District - Nainital (11),30-34,70335,35823,34512,41395,21065,20330,28940,14758,14182
11674,C4114,5,66,District - Nainital (11),35-39,66697,33618,33079,39140,19632,19508,27557,13986,13571
11675,C4114,5,66,District - Nainital (11),40-44,56202,28929,27273,33150,17004,16146,23052,11925,11127
11676,C4114,5,66,District - Nainital (11),45-49,49861,25713,24148,29488,15114,14374,20373,10599,9774
11677,C4114,5,66,District - Nainital (11),50-54,39708,20963,18745,23639,12344,11295,16069,8619,7450
11678,C4114,5,66,District - Nainital (11),55-59,30292,15215,15077,18581,9073,9508,11711,6142,5569
11679,C4114,5,66,District - Nainital (11),60-64,28803,15004,13799,18566,9672,8894,10237,5332,4905
11680,C4114,5,66,District - Nainital (11),65-69,18837,9646,9191,12093,6091,6002,6744,3555,3189
11681,C4114,5,66,District - Nainital (11),70-74,13368,6844,6524,8863,4512,4351,4505,2332,2173
11682,C4114,5,66,District - Nainital (11),75-79,7010,3517,3493,4592,2302,2290,2418,1215,1203
11683,C4114,5,66,District - Nainital (11),80+,9035,4274,4761,6009,2848,3161,3026,1426,1600
11684,C4114,5,66,District - Nainital (11),Age not stated,1909,1058,851,1202,658,544,707,400,307
11685,C4114,5,67,District - Udham Singh Nagar (12),All ages,1648902,858783,790119,1062142,550470,511672,586760,308313,278447
11686,C4114,5,67,District - Udham Singh Nagar (12),0-4,155863,81836,74027,102343,53691,48652,53520,28145,25375
11687,C4114,5,67,District - Udham Singh Nagar (12),5-9,181511,96161,85350,118072,62412,55660,63439,33749,29690
11688,C4114,5,67,District - Udham Singh Nagar (12),10-14,201649,106586,95063,133272,70122,63150,68377,36464,31913
11689,C4114,5,67,District - Udham Singh Nagar (12),15-19,201030,106686,94344,129564,68411,61153,71466,38275,33191
11690,C4114,5,67,District - Udham Singh Nagar (12),20-24,168034,87566,80468,104427,54222,50205,63607,33344,30263
11691,C4114,5,67,District - Udham Singh Nagar (12),25-29,134527,68188,66339,83014,41838,41176,51513,26350,25163
11692,C4114,5,67,District - Udham Singh Nagar (12),30-34,115610,57961,57649,72965,36241,36724,42645,21720,20925
11693,C4114,5,67,District - Udham Singh Nagar (12),35-39,111419,56996,54423,70627,36030,34597,40792,20966,19826
11694,C4114,5,67,District - Udham Singh Nagar (12),40-44,90638,47460,43178,57386,29802,27584,33252,17658,15594
11695,C4114,5,67,District - Udham Singh Nagar (12),45-49,74703,39779,34924,46510,24635,21875,28193,15144,13049
11696,C4114,5,67,District - Udham Singh Nagar (12),50-54,54650,29327,25323,34227,18149,16078,20423,11178,9245
11697,C4114,5,67,District - Udham Singh Nagar (12),55-59,43716,21174,22542,28268,13139,15129,15448,8035,7413
11698,C4114,5,67,District - Udham Singh Nagar (12),60-64,45123,23435,21688,31302,16275,15027,13821,7160,6661
11699,C4114,5,67,District - Udham Singh Nagar (12),65-69,27585,14056,13529,19353,9859,9494,8232,4197,4035
11700,C4114,5,67,District - Udham Singh Nagar (12),70-74,19089,10023,9066,13579,7228,6351,5510,2795,2715
11701,C4114,5,67,District - Udham Singh Nagar (12),75-79,8552,4154,4398,6145,2976,3169,2407,1178,1229
11702,C4114,5,67,District - Udham Singh Nagar (12),80+,13508,6424,7084,9672,4647,5025,3836,1777,2059
11703,C4114,5,67,District - Udham Singh Nagar (12),Age not stated,1695,971,724,1416,793,623,279,178,101
11704,C4114,5,68,District - Hardwar (13),All ages,1890422,1005295,885127,1197328,633784,563544,693094,371511,321583
11705,C4114,5,68,District - Hardwar (13),0-4,195509,103955,91554,135061,71652,63409,60448,32303,28145
11706,C4114,5,68,District - Hardwar (13),5-9,216808,116568,100240,150070,80397,69673,66738,36171,30567
11707,C4114,5,68,District - Hardwar (13),10-14,223784,121098,102686,154542,83238,71304,69242,37860,31382
11708,C4114,5,68,District - Hardwar (13),15-19,224345,119864,104481,149343,78551,70792,75002,41313,33689
11709,C4114,5,68,District - Hardwar (13),20-24,193565,103878,89687,117728,62283,55445,75837,41595,34242
11710,C4114,5,68,District - Hardwar (13),25-29,153109,80861,72248,87799,46710,41089,65310,34151,31159
11711,C4114,5,68,District - Hardwar (13),30-34,128126,65736,62390,74465,37675,36790,53661,28061,25600
11712,C4114,5,68,District - Hardwar (13),35-39,123338,64675,58663,73695,38364,35331,49643,26311,23332
11713,C4114,5,68,District - Hardwar (13),40-44,101057,53798,47259,60612,32490,28122,40445,21308,19137
11714,C4114,5,68,District - Hardwar (13),45-49,82864,44615,38249,47683,25931,21752,35181,18684,16497
11715,C4114,5,68,District - Hardwar (13),50-54,60690,33097,27593,33772,18709,15063,26918,14388,12530
11716,C4114,5,68,District - Hardwar (13),55-59,49769,24310,25459,27632,13036,14596,22137,11274,10863
11717,C4114,5,68,District - Hardwar (13),60-64,50923,26906,24017,30484,16091,14393,20439,10815,9624
11718,C4114,5,68,District - Hardwar (13),65-69,33579,17661,15918,20381,10332,10049,13198,7329,5869
11719,C4114,5,68,District - Hardwar (13),70-74,23971,13073,10898,15335,8361,6974,8636,4712,3924
11720,C4114,5,68,District - Hardwar (13),75-79,11180,5903,5277,7099,3726,3373,4081,2177,1904
11721,C4114,5,68,District - Hardwar (13),80+,16117,8333,7784,10664,5680,4984,5453,2653,2800
11722,C4114,5,68,District - Hardwar (13),Age not stated,1688,964,724,963,558,405,725,406,319
11723,C4114,4,0,State - CHANDIGARH (04),All ages,1055450,580663,474787,28991,17150,11841,1026459,563513,462946
11724,C4114,4,0,State - CHANDIGARH (04),0-4,81854,43347,38507,3021,1611,1410,78833,41736,37097
11725,C4114,4,0,State - CHANDIGARH (04),5-9,91194,49255,41939,2921,1572,1349,88273,47683,40590
11726,C4114,4,0,State - CHANDIGARH (04),10-14,93464,52140,41324,2537,1421,1116,90927,50719,40208
11727,C4114,4,0,State - CHANDIGARH (04),15-19,104418,60521,43897,2765,1787,978,101653,58734,42919
11728,C4114,4,0,State - CHANDIGARH (04),20-24,121244,68467,52777,3593,2255,1338,117651,66212,51439
11729,C4114,4,0,State - CHANDIGARH (04),25-29,110237,60694,49543,3806,2260,1546,106431,58434,47997
11730,C4114,4,0,State - CHANDIGARH (04),30-34,90803,49625,41178,3101,1902,1199,87702,47723,39979
11731,C4114,4,0,State - CHANDIGARH (04),35-39,83672,45566,38106,2321,1455,866,81351,44111,37240
11732,C4114,4,0,State - CHANDIGARH (04),40-44,68921,37268,31653,1547,947,600,67374,36321,31053
11733,C4114,4,0,State - CHANDIGARH (04),45-49,60352,32893,27459,1049,638,411,59303,32255,27048
11734,C4114,4,0,State - CHANDIGARH (04),50-54,46942,26108,20834,723,415,308,46219,25693,20526
11735,C4114,4,0,State - CHANDIGARH (04),55-59,34925,19745,15180,503,272,231,34422,19473,14949
11736,C4114,4,0,State - CHANDIGARH (04),60-64,25801,13530,12271,481,277,204,25320,13253,12067
11737,C4114,4,0,State - CHANDIGARH (04),65-69,15839,8250,7589,255,140,115,15584,8110,7474
11738,C4114,4,0,State - CHANDIGARH (04),70-74,11385,5998,5387,181,96,85,11204,5902,5302
11739,C4114,4,0,State - CHANDIGARH (04),75-79,6422,3255,3167,75,43,32,6347,3212,3135
11740,C4114,4,0,State - CHANDIGARH (04),80+,7631,3800,3831,106,55,51,7525,3745,3780
11741,C4114,4,0,State - CHANDIGARH (04),Age not stated,346,201,145,6,4,2,340,197,143
11742,C4114,4,55,District - Chandigarh (01),All ages,1055450,580663,474787,28991,17150,11841,1026459,563513,462946
11743,C4114,4,55,District - Chandigarh (01),0-4,81854,43347,38507,3021,1611,1410,78833,41736,37097
11744,C4114,4,55,District - Chandigarh (01),5-9,91194,49255,41939,2921,1572,1349,88273,47683,40590
11745,C4114,4,55,District - Chandigarh (01),10-14,93464,52140,41324,2537,1421,1116,90927,50719,40208
11746,C4114,4,55,District - Chandigarh (01),15-19,104418,60521,43897,2765,1787,978,101653,58734,42919
11747,C4114,4,55,District - Chandigarh (01),20-24,121244,68467,52777,3593,2255,1338,117651,66212,51439
11748,C4114,4,55,District - Chandigarh (01),25-29,110237,60694,49543,3806,2260,1546,106431,58434,47997
11749,C4114,4,55,District - Chandigarh (01),30-34,90803,49625,41178,3101,1902,1199,87702,47723,39979
11750,C4114,4,55,District - Chandigarh (01),35-39,83672,45566,38106,2321,1455,866,81351,44111,37240
11751,C4114,4,55,District - Chandigarh (01),40-44,68921,37268,31653,1547,947,600,67374,36321,31053
11752,C4114,4,55,District - Chandigarh (01),45-49,60352,32893,27459,1049,638,411,59303,32255,27048
11753,C4114,4,55,District - Chandigarh (01),50-54,46942,26108,20834,723,415,308,46219,25693,20526
11754,C4114,4,55,District - Chandigarh (01),55-59,34925,19745,15180,503,272,231,34422,19473,14949
11755,C4114,4,55,District - Chandigarh (01),60-64,25801,13530,12271,481,277,204,25320,13253,12067
11756,C4114,4,55,District - Chandigarh (01),65-69,15839,8250,7589,255,140,115,15584,8110,7474
11757,C4114,4,55,District - Chandigarh (01),70-74,11385,5998,5387,181,96,85,11204,5902,5302
11758,C4114,4,55,District - Chandigarh (01),75-79,6422,3255,3167,75,43,32,6347,3212,3135
11759,C4114,4,55,District - Chandigarh (01),80+,7631,3800,3831,106,55,51,7525,3745,3780
11760,C4114,4,55,District - Chandigarh (01),Age not stated,346,201,145,6,4,2,340,197,143
11761,C4114,9,0,State - UTTAR PRADESH (09),All ages,199812341,104480510,95331831,155317278,80992995,74324283,44495063,23487515,21007548
11762,C4114,9,0,State - UTTAR PRADESH (09),0-4,20376668,10660474,9716194,16556223,8640363,7915860,3820445,2020111,1800334
11763,C4114,9,0,State - UTTAR PRADESH (09),5-9,25061717,13250331,11811386,20362456,10744603,9617853,4699261,2505728,2193533
11764,C4114,9,0,State - UTTAR PRADESH (09),10-14,25869881,13679154,12190727,20773940,10962322,9811618,5095941,2716832,2379109
11765,C4114,9,0,State - UTTAR PRADESH (09),15-19,23040380,12307573,10732807,17779084,9493418,8285666,5261296,2814155,2447141
11766,C4114,9,0,State - UTTAR PRADESH (09),20-24,17578648,9405485,8173163,12989044,6927701,6061343,4589604,2477784,2111820
11767,C4114,9,0,State - UTTAR PRADESH (09),25-29,14579829,7466367,7113462,10860729,5531452,5329277,3719100,1934915,1784185
11768,C4114,9,0,State - UTTAR PRADESH (09),30-34,12954682,6431401,6523281,9810399,4825061,4985338,3144283,1606340,1537943
11769,C4114,9,0,State - UTTAR PRADESH (09),35-39,12556222,6401231,6154991,9523701,4848208,4675493,3032521,1553023,1479498
11770,C4114,9,0,State - UTTAR PRADESH (09),40-44,10231402,5395162,4836240,7685262,4053994,3631268,2546140,1341168,1204972
11771,C4114,9,0,State - UTTAR PRADESH (09),45-49,8449777,4382148,4067629,6278251,3240893,3037358,2171526,1141255,1030271
11772,C4114,9,0,State - UTTAR PRADESH (09),50-54,6587023,3571917,3015106,4912691,2662431,2250260,1674332,909486,764846
11773,C4114,9,0,State - UTTAR PRADESH (09),55-59,5464146,2626201,2837945,4166600,1960534,2206066,1297546,665667,631879
11774,C4114,9,0,State - UTTAR PRADESH (09),60-64,5705191,2968771,2736420,4555476,2363521,2191955,1149715,605250,544465
11775,C4114,9,0,State - UTTAR PRADESH (09),65-69,3839969,1958472,1881497,3116965,1583084,1533881,723004,375388,347616
11776,C4114,9,0,State - UTTAR PRADESH (09),70-74,2832368,1535092,1297276,2317686,1262445,1055241,514682,272647,242035
11777,C4114,9,0,State - UTTAR PRADESH (09),75-79,1249892,638877,611015,1008251,514186,494065,241641,124691,116950
11778,C4114,9,0,State - UTTAR PRADESH (09),80+,1812484,935921,876563,1448090,754399,693691,364394,181522,182872
11779,C4114,9,0,State - UTTAR PRADESH (09),Age not stated,1622062,865933,756129,1172430,624380,548050,449632,241553,208079
11780,C4114,9,132,District - Saharanpur (01),All ages,3466382,1834106,1632276,2399856,1269803,1130053,1066526,564303,502223
11781,C4114,9,132,District - Saharanpur (01),0-4,353758,186650,167108,255878,135191,120687,97880,51459,46421
11782,C4114,9,132,District - Saharanpur (01),5-9,401390,215676,185714,287789,154939,132850,113601,60737,52864
11783,C4114,9,132,District - Saharanpur (01),10-14,440575,237231,203344,317027,170729,146298,123548,66502,57046
11784,C4114,9,132,District - Saharanpur (01),15-19,429948,230503,199445,301093,160931,140162,128855,69572,59283
11785,C4114,9,132,District - Saharanpur (01),20-24,346128,186749,159379,229546,123156,106390,116582,63593,52989
11786,C4114,9,132,District - Saharanpur (01),25-29,256890,136149,120741,167803,89264,78539,89087,46885,42202
11787,C4114,9,132,District - Saharanpur (01),30-34,217659,109875,107784,145912,73196,72716,71747,36679,35068
11788,C4114,9,132,District - Saharanpur (01),35-39,215799,110339,105460,146486,74901,71585,69313,35438,33875
11789,C4114,9,132,District - Saharanpur (01),40-44,184543,96431,88112,125142,65493,59649,59401,30938,28463
11790,C4114,9,132,District - Saharanpur (01),45-49,151735,80209,71526,101251,53827,47424,50484,26382,24102
11791,C4114,9,132,District - Saharanpur (01),50-54,111586,60220,51366,73233,39674,33559,38353,20546,17807
11792,C4114,9,132,District - Saharanpur (01),55-59,88565,43623,44942,59005,28609,30396,29560,15014,14546
11793,C4114,9,132,District - Saharanpur (01),60-64,84775,44658,40117,58789,30908,27881,25986,13750,12236
11794,C4114,9,132,District - Saharanpur (01),65-69,55542,28063,27479,39483,19836,19647,16059,8227,7832
11795,C4114,9,132,District - Saharanpur (01),70-74,42774,22797,19977,31075,16734,14341,11699,6063,5636
11796,C4114,9,132,District - Saharanpur (01),75-79,20285,10298,9987,14675,7437,7238,5610,2861,2749
11797,C4114,9,132,District - Saharanpur (01),80+,30335,15967,14368,22251,11951,10300,8084,4016,4068
11798,C4114,9,132,District - Saharanpur (01),Age not stated,34095,18668,15427,23418,13027,10391,10677,5641,5036
11799,C4114,9,133,District - Muzaffarnagar (02),All ages,4143512,2193434,1950078,2952200,1565004,1387196,1191312,628430,562882
11800,C4114,9,133,District - Muzaffarnagar (02),0-4,436383,233761,202622,318634,170762,147872,117749,62999,54750
11801,C4114,9,133,District - Muzaffarnagar (02),5-9,505711,273188,232523,368999,199491,169508,136712,73697,63015
11802,C4114,9,133,District - Muzaffarnagar (02),10-14,541168,293168,248000,395425,214366,181059,145743,78802,66941
11803,C4114,9,133,District - Muzaffarnagar (02),15-19,502400,267392,235008,359548,191176,168372,142852,76216,66636
11804,C4114,9,133,District - Muzaffarnagar (02),20-24,389963,208453,181510,268343,143868,124475,121620,64585,57035
11805,C4114,9,133,District - Muzaffarnagar (02),25-29,296132,156963,139169,203173,107973,95200,92959,48990,43969
11806,C4114,9,133,District - Muzaffarnagar (02),30-34,257483,129033,128450,179087,89542,89545,78396,39491,38905
11807,C4114,9,133,District - Muzaffarnagar (02),35-39,256579,131704,124875,179851,92577,87274,76728,39127,37601
11808,C4114,9,133,District - Muzaffarnagar (02),40-44,217451,113202,104249,151569,79037,72532,65882,34165,31717
11809,C4114,9,133,District - Muzaffarnagar (02),45-49,180108,95023,85085,124458,65816,58642,55650,29207,26443
11810,C4114,9,133,District - Muzaffarnagar (02),50-54,135564,72600,62964,93553,50250,43303,42011,22350,19661
11811,C4114,9,133,District - Muzaffarnagar (02),55-59,110116,54422,55694,76847,37655,39192,33269,16767,16502
11812,C4114,9,133,District - Muzaffarnagar (02),60-64,104895,54752,50143,75824,39655,36169,29071,15097,13974
11813,C4114,9,133,District - Muzaffarnagar (02),65-69,71863,35856,36007,53166,26479,26687,18697,9377,9320
11814,C4114,9,133,District - Muzaffarnagar (02),70-74,55731,30156,25575,41945,22902,19043,13786,7254,6532
11815,C4114,9,133,District - Muzaffarnagar (02),75-79,27495,14309,13186,20699,10863,9836,6796,3446,3350
11816,C4114,9,133,District - Muzaffarnagar (02),80+,38619,20909,17710,29473,16337,13136,9146,4572,4574
11817,C4114,9,133,District - Muzaffarnagar (02),Age not stated,15851,8543,7308,11606,6255,5351,4245,2288,1957
11818,C4114,9,134,District - Bijnor (03),All ages,3682713,1921215,1761498,2757401,1438412,1318989,925312,482803,442509
11819,C4114,9,134,District - Bijnor (03),0-4,381675,203011,178664,289988,154742,135246,91687,48269,43418
11820,C4114,9,134,District - Bijnor (03),5-9,445579,236181,209398,338002,179415,158587,107577,56766,50811
11821,C4114,9,134,District - Bijnor (03),10-14,486300,254874,231426,370674,194361,176313,115626,60513,55113
11822,C4114,9,134,District - Bijnor (03),15-19,480416,245444,234972,360255,184660,175595,120161,60784,59377
11823,C4114,9,134,District - Bijnor (03),20-24,355800,192148,163652,255335,137316,118019,100465,54832,45633
11824,C4114,9,134,District - Bijnor (03),25-29,254806,132861,121945,183977,95380,88597,70829,37481,33348
11825,C4114,9,134,District - Bijnor (03),30-34,222943,110631,112312,166143,81336,84807,56800,29295,27505
11826,C4114,9,134,District - Bijnor (03),35-39,224991,114551,110440,169557,86435,83122,55434,28116,27318
11827,C4114,9,134,District - Bijnor (03),40-44,186459,97438,89021,139287,73107,66180,47172,24331,22841
11828,C4114,9,134,District - Bijnor (03),45-49,151912,79829,72083,111576,58806,52770,40336,21023,19313
11829,C4114,9,134,District - Bijnor (03),50-54,112605,60782,51823,82551,44570,37981,30054,16212,13842
11830,C4114,9,134,District - Bijnor (03),55-59,92490,44250,48240,68937,32761,36176,23553,11489,12064
11831,C4114,9,134,District - Bijnor (03),60-64,91036,47508,43528,69425,36258,33167,21611,11250,10361
11832,C4114,9,134,District - Bijnor (03),65-69,59606,30068,29538,46275,23330,22945,13331,6738,6593
11833,C4114,9,134,District - Bijnor (03),70-74,43845,23320,20525,33909,18308,15601,9936,5012,4924
11834,C4114,9,134,District - Bijnor (03),75-79,20029,10016,10013,15422,7734,7688,4607,2282,2325
11835,C4114,9,134,District - Bijnor (03),80+,30575,15841,14734,23841,12516,11325,6734,3325,3409
11836,C4114,9,134,District - Bijnor (03),Age not stated,41646,22462,19184,32247,17377,14870,9399,5085,4314
11837,C4114,9,135,District - Moradabad (04),All ages,4772006,2503186,2268820,3198383,1680022,1518361,1573623,823164,750459
11838,C4114,9,135,District - Moradabad (04),0-4,526832,274017,252815,378725,196846,181879,148107,77171,70936
11839,C4114,9,135,District - Moradabad (04),5-9,623308,328469,294839,444771,235062,209709,178537,93407,85130
11840,C4114,9,135,District - Moradabad (04),10-14,654840,347002,307838,462109,245521,216588,192731,101481,91250
11841,C4114,9,135,District - Moradabad (04),15-19,593074,313073,280001,397790,211078,186712,195284,101995,93289
11842,C4114,9,135,District - Moradabad (04),20-24,438358,237371,200987,272547,148438,124109,165811,88933,76878
11843,C4114,9,135,District - Moradabad (04),25-29,331858,172271,159587,207267,107384,99883,124591,64887,59704
11844,C4114,9,135,District - Moradabad (04),30-34,294762,149578,145184,189368,95072,94296,105394,54506,50888
11845,C4114,9,135,District - Moradabad (04),35-39,284683,146567,138116,185346,95489,89857,99337,51078,48259
11846,C4114,9,135,District - Moradabad (04),40-44,229742,124054,105688,147328,80510,66818,82414,43544,38870
11847,C4114,9,135,District - Moradabad (04),45-49,179299,93935,85364,110373,58037,52336,68926,35898,33028
11848,C4114,9,135,District - Moradabad (04),50-54,136156,74496,61660,83039,45783,37256,53117,28713,24404
11849,C4114,9,135,District - Moradabad (04),55-59,111695,51876,59819,71340,31879,39461,40355,19997,20358
11850,C4114,9,135,District - Moradabad (04),60-64,115741,60989,54752,78095,41251,36844,37646,19738,17908
11851,C4114,9,135,District - Moradabad (04),65-69,65941,33219,32722,45225,22582,22643,20716,10637,10079
11852,C4114,9,135,District - Moradabad (04),70-74,45944,24734,21210,31301,17055,14246,14643,7679,6964
11853,C4114,9,135,District - Moradabad (04),75-79,18835,9260,9575,12457,6050,6407,6378,3210,3168
11854,C4114,9,135,District - Moradabad (04),80+,31262,15933,15329,20775,10781,9994,10487,5152,5335
11855,C4114,9,135,District - Moradabad (04),Age not stated,89676,46342,43334,60527,31204,29323,29149,15138,14011
11856,C4114,9,136,District - Rampur (05),All ages,2335819,1223889,1111930,1747172,916878,830294,588647,307011,281636
11857,C4114,9,136,District - Rampur (05),0-4,254161,131624,122537,200928,104191,96737,53233,27433,25800
11858,C4114,9,136,District - Rampur (05),5-9,306013,160338,145675,239421,125715,113706,66592,34623,31969
11859,C4114,9,136,District - Rampur (05),10-14,334075,175687,158388,260453,137342,123111,73622,38345,35277
11860,C4114,9,136,District - Rampur (05),15-19,310566,162859,147707,232161,122605,109556,78405,40254,38151
11861,C4114,9,136,District - Rampur (05),20-24,213599,117995,95604,150396,83313,67083,63203,34682,28521
11862,C4114,9,136,District - Rampur (05),25-29,157709,82359,75350,110712,57482,53230,46997,24877,22120
11863,C4114,9,136,District - Rampur (05),30-34,143690,72130,71560,105232,52388,52844,38458,19742,18716
11864,C4114,9,136,District - Rampur (05),35-39,141411,72075,69336,104224,53269,50955,37187,18806,18381
11865,C4114,9,136,District - Rampur (05),40-44,116321,62593,53728,83902,45525,38377,32419,17068,15351
11866,C4114,9,136,District - Rampur (05),45-49,89742,47390,42352,62966,33227,29739,26776,14163,12613
11867,C4114,9,136,District - Rampur (05),50-54,66704,37184,29520,46239,26145,20094,20465,11039,9426
11868,C4114,9,136,District - Rampur (05),55-59,53621,23938,29683,38327,16468,21859,15294,7470,7824
11869,C4114,9,136,District - Rampur (05),60-64,60314,32492,27822,45048,24381,20667,15266,8111,7155
11870,C4114,9,136,District - Rampur (05),65-69,32539,16788,15751,24616,12670,11946,7923,4118,3805
11871,C4114,9,136,District - Rampur (05),70-74,22664,11854,10810,17137,9064,8073,5527,2790,2737
11872,C4114,9,136,District - Rampur (05),75-79,8644,4035,4609,6381,3008,3373,2263,1027,1236
11873,C4114,9,136,District - Rampur (05),80+,14427,7127,7300,11068,5544,5524,3359,1583,1776
11874,C4114,9,136,District - Rampur (05),Age not stated,9619,5421,4198,7961,4541,3420,1658,880,778
11875,C4114,9,137,District - Jyotiba Phule Nagar (06),All ages,1840221,963449,876772,1381508,724539,656969,458713,238910,219803
11876,C4114,9,137,District - Jyotiba Phule Nagar (06),0-4,203493,106570,96923,157338,82638,74700,46155,23932,22223
11877,C4114,9,137,District - Jyotiba Phule Nagar (06),5-9,235713,124554,111159,180984,96014,84970,54729,28540,26189
11878,C4114,9,137,District - Jyotiba Phule Nagar (06),10-14,254680,135196,119484,196012,104464,91548,58668,30732,27936
11879,C4114,9,137,District - Jyotiba Phule Nagar (06),15-19,230166,121338,108828,170887,90478,80409,59279,30860,28419
11880,C4114,9,137,District - Jyotiba Phule Nagar (06),20-24,170851,90956,79895,122783,65328,57455,48068,25628,22440
11881,C4114,9,137,District - Jyotiba Phule Nagar (06),25-29,132380,68759,63621,95772,49713,46059,36608,19046,17562
11882,C4114,9,137,District - Jyotiba Phule Nagar (06),30-34,116865,58373,58492,86464,43004,43460,30401,15369,15032
11883,C4114,9,137,District - Jyotiba Phule Nagar (06),35-39,112962,58110,54852,84273,43367,40906,28689,14743,13946
11884,C4114,9,137,District - Jyotiba Phule Nagar (06),40-44,90901,48556,42345,66961,35820,31141,23940,12736,11204
11885,C4114,9,137,District - Jyotiba Phule Nagar (06),45-49,70547,36914,33633,51383,26845,24538,19164,10069,9095
11886,C4114,9,137,District - Jyotiba Phule Nagar (06),50-54,53375,29059,24316,39122,21401,17721,14253,7658,6595
11887,C4114,9,137,District - Jyotiba Phule Nagar (06),55-59,43818,20564,23254,32787,15167,17620,11031,5397,5634
11888,C4114,9,137,District - Jyotiba Phule Nagar (06),60-64,46301,24290,22011,35411,18666,16745,10890,5624,5266
11889,C4114,9,137,District - Jyotiba Phule Nagar (06),65-69,28192,14181,14011,22209,11118,11091,5983,3063,2920
11890,C4114,9,137,District - Jyotiba Phule Nagar (06),70-74,20857,11276,9581,16581,9006,7575,4276,2270,2006
11891,C4114,9,137,District - Jyotiba Phule Nagar (06),75-79,8922,4391,4531,7121,3526,3595,1801,865,936
11892,C4114,9,137,District - Jyotiba Phule Nagar (06),80+,14384,7338,7046,11432,5917,5515,2952,1421,1531
11893,C4114,9,137,District - Jyotiba Phule Nagar (06),Age not stated,5814,3024,2790,3988,2067,1921,1826,957,869
11894,C4114,9,138,District - Meerut (07),All ages,3443689,1825743,1617946,1684507,894920,789587,1759182,930823,828359
11895,C4114,9,138,District - Meerut (07),0-4,346139,186412,159727,184698,99254,85444,161441,87158,74283
11896,C4114,9,138,District - Meerut (07),5-9,376513,204616,171897,195766,106472,89294,180747,98144,82603
11897,C4114,9,138,District - Meerut (07),10-14,408782,221038,187744,210791,114267,96524,197991,106771,91220
11898,C4114,9,138,District - Meerut (07),15-19,410003,218827,191176,204774,109541,95233,205229,109286,95943
11899,C4114,9,138,District - Meerut (07),20-24,349971,186639,163332,162951,87667,75284,187020,98972,88048
11900,C4114,9,138,District - Meerut (07),25-29,273709,144739,128970,121484,64965,56519,152225,79774,72451
11901,C4114,9,138,District - Meerut (07),30-34,224433,114750,109683,100643,51297,49346,123790,63453,60337
11902,C4114,9,138,District - Meerut (07),35-39,217090,111968,105122,99261,51330,47931,117829,60638,57191
11903,C4114,9,138,District - Meerut (07),40-44,182001,94956,87045,83122,43641,39481,98879,51315,47564
11904,C4114,9,138,District - Meerut (07),45-49,156951,82327,74624,71102,37158,33944,85849,45169,40680
11905,C4114,9,138,District - Meerut (07),50-54,120914,65085,55829,55274,29818,25456,65640,35267,30373
11906,C4114,9,138,District - Meerut (07),55-59,94788,47887,46901,44447,21987,22460,50341,25900,24441
11907,C4114,9,138,District - Meerut (07),60-64,85490,44739,40751,42270,21876,20394,43220,22863,20357
11908,C4114,9,138,District - Meerut (07),65-69,56309,28413,27896,29502,14593,14909,26807,13820,12987
11909,C4114,9,138,District - Meerut (07),70-74,42693,22349,20344,23137,11996,11141,19556,10353,9203
11910,C4114,9,138,District - Meerut (07),75-79,20864,10474,10390,11296,5691,5605,9568,4783,4785
11911,C4114,9,138,District - Meerut (07),80+,30769,15749,15020,17223,9002,8221,13546,6747,6799
11912,C4114,9,138,District - Meerut (07),Age not stated,46270,24775,21495,26766,14365,12401,19504,10410,9094
11913,C4114,9,139,District - Baghpat (08),All ages,1303048,700070,602978,1028023,553807,474216,275025,146263,128762
11914,C4114,9,139,District - Baghpat (08),0-4,132999,72179,60820,105261,57264,47997,27738,14915,12823
11915,C4114,9,139,District - Baghpat (08),5-9,149453,81521,67932,117951,64299,53652,31502,17222,14280
11916,C4114,9,139,District - Baghpat (08),10-14,161111,87376,73735,127645,69198,58447,33466,18178,15288
11917,C4114,9,139,District - Baghpat (08),15-19,153974,83792,70182,121895,66376,55519,32079,17416,14663
11918,C4114,9,139,District - Baghpat (08),20-24,123306,67490,55816,95805,52897,42908,27501,14593,12908
11919,C4114,9,139,District - Baghpat (08),25-29,96297,52531,43766,74345,40951,33394,21952,11580,10372
11920,C4114,9,139,District - Baghpat (08),30-34,81294,41895,39399,62977,32500,30477,18317,9395,8922
11921,C4114,9,139,District - Baghpat (08),35-39,78331,41130,37201,60942,32179,28763,17389,8951,8438
11922,C4114,9,139,District - Baghpat (08),40-44,66497,35130,31367,51681,27392,24289,14816,7738,7078
11923,C4114,9,139,District - Baghpat (08),45-49,57154,29770,27384,44668,23294,21374,12486,6476,6010
11924,C4114,9,139,District - Baghpat (08),50-54,46671,25090,21581,36637,19721,16916,10034,5369,4665
11925,C4114,9,139,District - Baghpat (08),55-59,38137,19203,18934,30348,15263,15085,7789,3940,3849
11926,C4114,9,139,District - Baghpat (08),60-64,36126,19023,17103,29178,15310,13868,6948,3713,3235
11927,C4114,9,139,District - Baghpat (08),65-69,25955,12983,12972,21466,10771,10695,4489,2212,2277
11928,C4114,9,139,District - Baghpat (08),70-74,21481,11888,9593,17984,10019,7965,3497,1869,1628
11929,C4114,9,139,District - Baghpat (08),75-79,11037,5998,5039,9277,5061,4216,1760,937,823
11930,C4114,9,139,District - Baghpat (08),80+,15141,8692,6449,12763,7411,5352,2378,1281,1097
11931,C4114,9,139,District - Baghpat (08),Age not stated,8084,4379,3705,7200,3901,3299,884,478,406
11932,C4114,9,140,District - Ghaziabad (09),All ages,4681645,2488834,2192811,1519098,808222,710876,3162547,1680612,1481935
11933,C4114,9,140,District - Ghaziabad (09),0-4,467719,252056,215663,172271,92663,79608,295448,159393,136055
11934,C4114,9,140,District - Ghaziabad (09),5-9,512192,278013,234179,182151,98479,83672,330041,179534,150507
11935,C4114,9,140,District - Ghaziabad (09),10-14,534134,290604,243530,192011,104198,87813,342123,186406,155717
11936,C4114,9,140,District - Ghaziabad (09),15-19,515525,280752,234773,182205,98847,83358,333320,181905,151415
11937,C4114,9,140,District - Ghaziabad (09),20-24,465391,246246,219145,152866,82481,70385,312525,163765,148760
11938,C4114,9,140,District - Ghaziabad (09),25-29,396108,202286,193822,113434,60457,52977,282674,141829,140845
11939,C4114,9,140,District - Ghaziabad (09),30-34,341608,173241,168367,91842,47052,44790,249766,126189,123577
11940,C4114,9,140,District - Ghaziabad (09),35-39,325096,168008,157088,89703,46475,43228,235393,121533,113860
11941,C4114,9,140,District - Ghaziabad (09),40-44,261397,139748,121649,74146,39167,34979,187251,100581,86670
11942,C4114,9,140,District - Ghaziabad (09),45-49,211770,113675,98095,61174,32230,28944,150596,81445,69151
11943,C4114,9,140,District - Ghaziabad (09),50-54,157067,85628,71439,46485,24991,21494,110582,60637,49945
11944,C4114,9,140,District - Ghaziabad (09),55-59,120163,61816,58347,37217,18222,18995,82946,43594,39352
11945,C4114,9,140,District - Ghaziabad (09),60-64,106643,56408,50235,36431,18683,17748,70212,37725,32487
11946,C4114,9,140,District - Ghaziabad (09),65-69,66942,34684,32258,24723,12096,12627,42219,22588,19631
11947,C4114,9,140,District - Ghaziabad (09),70-74,47920,25549,22371,19358,9996,9362,28562,15553,13009
11948,C4114,9,140,District - Ghaziabad (09),75-79,22782,11880,10902,8996,4529,4467,13786,7351,6435
11949,C4114,9,140,District - Ghaziabad (09),80+,38446,19461,18985,14579,7301,7278,23867,12160,11707
11950,C4114,9,140,District - Ghaziabad (09),Age not stated,90742,48779,41963,19506,10355,9151,71236,38424,32812
11951,C4114,9,141,District - Gautam Buddha Nagar (10),All ages,1648115,890214,757901,673806,359605,314201,974309,530609,443700
11952,C4114,9,141,District - Gautam Buddha Nagar (10),0-4,170358,92318,78040,75951,41674,34277,94407,50644,43763
11953,C4114,9,141,District - Gautam Buddha Nagar (10),5-9,182183,99137,83046,79197,43213,35984,102986,55924,47062
11954,C4114,9,141,District - Gautam Buddha Nagar (10),10-14,179980,97983,81997,80886,43747,37139,99094,54236,44858
11955,C4114,9,141,District - Gautam Buddha Nagar (10),15-19,169550,93910,75640,77702,41971,35731,91848,51939,39909
11956,C4114,9,141,District - Gautam Buddha Nagar (10),20-24,165170,90615,74555,67261,35929,31332,97909,54686,43223
11957,C4114,9,141,District - Gautam Buddha Nagar (10),25-29,148407,77966,70441,51154,26945,24209,97253,51021,46232
11958,C4114,9,141,District - Gautam Buddha Nagar (10),30-34,127334,66707,60627,41242,21241,20001,86092,45466,40626
11959,C4114,9,141,District - Gautam Buddha Nagar (10),35-39,115586,61732,53854,38772,20119,18653,76814,41613,35201
11960,C4114,9,141,District - Gautam Buddha Nagar (10),40-44,89999,49273,40726,31953,16878,15075,58046,32395,25651
11961,C4114,9,141,District - Gautam Buddha Nagar (10),45-49,70048,38497,31551,26615,14060,12555,43433,24437,18996
11962,C4114,9,141,District - Gautam Buddha Nagar (10),50-54,50451,28005,22446,20092,10866,9226,30359,17139,13220
11963,C4114,9,141,District - Gautam Buddha Nagar (10),55-59,38178,19458,18720,15819,7848,7971,22359,11610,10749
11964,C4114,9,141,District - Gautam Buddha Nagar (10),60-64,34691,17872,16819,15195,7848,7347,19496,10024,9472
11965,C4114,9,141,District - Gautam Buddha Nagar (10),65-69,23731,11987,11744,10630,5085,5545,13101,6902,6199
11966,C4114,9,141,District - Gautam Buddha Nagar (10),70-74,18020,9420,8600,8706,4406,4300,9314,5014,4300
11967,C4114,9,141,District - Gautam Buddha Nagar (10),75-79,9449,4829,4620,4405,2157,2248,5044,2672,2372
11968,C4114,9,141,District - Gautam Buddha Nagar (10),80+,14342,7206,7136,7188,3592,3596,7154,3614,3540
11969,C4114,9,141,District - Gautam Buddha Nagar (10),Age not stated,40638,23299,17339,21038,12026,9012,19600,11273,8327
11970,C4114,9,142,District - Bulandshahr  (11),All ages,3499171,1845260,1653911,2631742,1390490,1241252,867429,454770,412659
11971,C4114,9,142,District - Bulandshahr  (11),0-4,372626,201238,171388,287050,155379,131671,85576,45859,39717
11972,C4114,9,142,District - Bulandshahr  (11),5-9,417940,225475,192465,319498,172502,146996,98442,52973,45469
11973,C4114,9,142,District - Bulandshahr  (11),10-14,445650,239722,205928,340945,183490,157455,104705,56232,48473
11974,C4114,9,142,District - Bulandshahr  (11),15-19,415829,225525,190304,311861,170265,141596,103968,55260,48708
11975,C4114,9,142,District - Bulandshahr  (11),20-24,337996,183643,154353,248786,136284,112502,89210,47359,41851
11976,C4114,9,142,District - Bulandshahr  (11),25-29,256213,134535,121678,188268,99344,88924,67945,35191,32754
11977,C4114,9,142,District - Bulandshahr  (11),30-34,219835,110714,109121,162986,82335,80651,56849,28379,28470
11978,C4114,9,142,District - Bulandshahr  (11),35-39,209700,107099,102601,155001,79460,75541,54699,27639,27060
11979,C4114,9,142,District - Bulandshahr  (11),40-44,177821,93234,84587,130970,68872,62098,46851,24362,22489
11980,C4114,9,142,District - Bulandshahr  (11),45-49,146593,75153,71440,107443,55001,52442,39150,20152,18998
11981,C4114,9,142,District - Bulandshahr  (11),50-54,117701,62321,55380,87302,46097,41205,30399,16224,14175
11982,C4114,9,142,District - Bulandshahr  (11),55-59,95500,45494,50006,71999,33769,38230,23501,11725,11776
11983,C4114,9,142,District - Bulandshahr  (11),60-64,93437,47023,46414,72822,36370,36452,20615,10653,9962
11984,C4114,9,142,District - Bulandshahr  (11),65-69,61857,29238,32619,49075,23016,26059,12782,6222,6560
11985,C4114,9,142,District - Bulandshahr  (11),70-74,49339,24690,24649,39238,19642,19596,10101,5048,5053
11986,C4114,9,142,District - Bulandshahr  (11),75-79,22302,10561,11741,17750,8336,9414,4552,2225,2327
11987,C4114,9,142,District - Bulandshahr  (11),80+,32672,15526,17146,25709,12202,13507,6963,3324,3639
11988,C4114,9,142,District - Bulandshahr  (11),Age not stated,26160,14069,12091,15039,8126,6913,11121,5943,5178
11989,C4114,9,143,District - Aligarh (12),All ages,3673889,1951996,1721893,2456698,1308923,1147775,1217191,643073,574118
11990,C4114,9,143,District - Aligarh (12),0-4,387800,205639,182161,273448,145047,128401,114352,60592,53760
11991,C4114,9,143,District - Aligarh (12),5-9,449247,241330,207917,311734,167678,144056,137513,73652,63861
11992,C4114,9,143,District - Aligarh (12),10-14,477701,257258,220443,330812,178683,152129,146889,78575,68314
11993,C4114,9,143,District - Aligarh (12),15-19,440738,243605,197133,291865,162653,129212,148873,80952,67921
11994,C4114,9,143,District - Aligarh (12),20-24,351936,194317,157619,223236,124026,99210,128700,70291,58409
11995,C4114,9,143,District - Aligarh (12),25-29,270867,142765,128102,172609,91774,80835,98258,50991,47267
11996,C4114,9,143,District - Aligarh (12),30-34,230162,117030,113132,149494,76015,73479,80668,41015,39653
11997,C4114,9,143,District - Aligarh (12),35-39,221953,114234,107719,144664,75008,69656,77289,39226,38063
11998,C4114,9,143,District - Aligarh (12),40-44,184331,98247,86084,119522,64193,55329,64809,34054,30755
11999,C4114,9,143,District - Aligarh (12),45-49,150962,78774,72188,96795,50440,46355,54167,28334,25833
12000,C4114,9,143,District - Aligarh (12),50-54,119703,64562,55141,77530,42106,35424,42173,22456,19717
12001,C4114,9,143,District - Aligarh (12),55-59,95569,46667,48902,62449,30148,32301,33120,16519,16601
12002,C4114,9,143,District - Aligarh (12),60-64,92349,47245,45104,63201,32036,31165,29148,15209,13939
12003,C4114,9,143,District - Aligarh (12),65-69,60706,29595,31111,43084,20565,22519,17622,9030,8592
12004,C4114,9,143,District - Aligarh (12),70-74,48129,24471,23658,35124,17832,17292,13005,6639,6366
12005,C4114,9,143,District - Aligarh (12),75-79,22348,10865,11483,16188,7760,8428,6160,3105,3055
12006,C4114,9,143,District - Aligarh (12),80+,33863,16525,17338,24180,11868,12312,9683,4657,5026
12007,C4114,9,143,District - Aligarh (12),Age not stated,35525,18867,16658,20763,11091,9672,14762,7776,6986
12008,C4114,9,144,District - Mahamaya Nagar (13),All ages,1564708,836127,728581,1232015,659814,572201,332693,176313,156380
12009,C4114,9,144,District - Mahamaya Nagar (13),0-4,166153,88660,77493,134202,71593,62609,31951,17067,14884
12010,C4114,9,144,District - Mahamaya Nagar (13),5-9,193700,104661,89039,155763,84193,71570,37937,20468,17469
12011,C4114,9,144,District - Mahamaya Nagar (13),10-14,206514,111687,94827,166191,89902,76289,40323,21785,18538
12012,C4114,9,144,District - Mahamaya Nagar (13),15-19,186229,103845,82384,146752,82237,64515,39477,21608,17869
12013,C4114,9,144,District - Mahamaya Nagar (13),20-24,145453,80483,64970,112128,62497,49631,33325,17986,15339
12014,C4114,9,144,District - Mahamaya Nagar (13),25-29,113108,60188,52920,87050,46562,40488,26058,13626,12432
12015,C4114,9,144,District - Mahamaya Nagar (13),30-34,98193,50151,48042,76164,38950,37214,22029,11201,10828
12016,C4114,9,144,District - Mahamaya Nagar (13),35-39,95734,49463,46271,74358,38539,35819,21376,10924,10452
12017,C4114,9,144,District - Mahamaya Nagar (13),40-44,79954,43349,36605,61654,33632,28022,18300,9717,8583
12018,C4114,9,144,District - Mahamaya Nagar (13),45-49,65256,34024,31232,49978,26126,23852,15278,7898,7380
12019,C4114,9,144,District - Mahamaya Nagar (13),50-54,52549,28849,23700,40287,22227,18060,12262,6622,5640
12020,C4114,9,144,District - Mahamaya Nagar (13),55-59,41813,20225,21588,32366,15592,16774,9447,4633,4814
12021,C4114,9,144,District - Mahamaya Nagar (13),60-64,41877,21658,20219,33116,17056,16060,8761,4602,4159
12022,C4114,9,144,District - Mahamaya Nagar (13),65-69,27128,13161,13967,21894,10509,11385,5234,2652,2582
12023,C4114,9,144,District - Mahamaya Nagar (13),70-74,22601,11551,11050,18581,9501,9080,4020,2050,1970
12024,C4114,9,144,District - Mahamaya Nagar (13),75-79,10097,4917,5180,8271,4026,4245,1826,891,935
12025,C4114,9,144,District - Mahamaya Nagar (13),80+,14018,6909,7109,11449,5682,5767,2569,1227,1342
12026,C4114,9,144,District - Mahamaya Nagar (13),Age not stated,4331,2346,1985,1811,990,821,2520,1356,1164
12027,C4114,9,145,District - Mathura (14),All ages,2547184,1367125,1180059,1791191,962028,829163,755993,405097,350896
12028,C4114,9,145,District - Mathura (14),0-4,274451,146160,128291,205220,109118,96102,69231,37042,32189
12029,C4114,9,145,District - Mathura (14),5-9,310289,167353,142936,228682,123073,105609,81607,44280,37327
12030,C4114,9,145,District - Mathura (14),10-14,323302,175600,147702,237232,128678,108554,86070,46922,39148
12031,C4114,9,145,District - Mathura (14),15-19,287026,161202,125824,201369,114074,87295,85657,47128,38529
12032,C4114,9,145,District - Mathura (14),20-24,229509,127354,102155,154337,86517,67820,75172,40837,34335
12033,C4114,9,145,District - Mathura (14),25-29,176109,93081,83028,116613,61517,55096,59496,31564,27932
12034,C4114,9,145,District - Mathura (14),30-34,152018,77783,74235,102002,51828,50174,50016,25955,24061
12035,C4114,9,145,District - Mathura (14),35-39,151854,78864,72990,103020,53668,49352,48834,25196,23638
12036,C4114,9,145,District - Mathura (14),40-44,126474,68040,58434,85069,46039,39030,41405,22001,19404
12037,C4114,9,145,District - Mathura (14),45-49,105392,56200,49192,69422,36942,32480,35970,19258,16712
12038,C4114,9,145,District - Mathura (14),50-54,82623,45172,37451,54687,29994,24693,27936,15178,12758
12039,C4114,9,145,District - Mathura (14),55-59,66685,34162,32523,44709,22470,22239,21976,11692,10284
12040,C4114,9,145,District - Mathura (14),60-64,63730,33356,30374,44238,23042,21196,19492,10314,9178
12041,C4114,9,145,District - Mathura (14),65-69,42040,21130,20910,29813,14875,14938,12227,6255,5972
12042,C4114,9,145,District - Mathura (14),70-74,33313,17449,15864,23823,12440,11383,9490,5009,4481
12043,C4114,9,145,District - Mathura (14),75-79,16255,8355,7900,11404,5813,5591,4851,2542,2309
12044,C4114,9,145,District - Mathura (14),80+,23208,12072,11136,16179,8441,7738,7029,3631,3398
12045,C4114,9,145,District - Mathura (14),Age not stated,82906,43792,39114,63372,33499,29873,19534,10293,9241
12046,C4114,9,146,District - Agra (15),All ages,4418797,2364953,2053844,2394602,1285184,1109418,2024195,1079769,944426
12047,C4114,9,146,District - Agra (15),0-4,451486,241698,209788,276001,147681,128320,175485,94017,81468
12048,C4114,9,146,District - Agra (15),5-9,533649,289466,244183,318552,172624,145928,215097,116842,98255
12049,C4114,9,146,District - Agra (15),10-14,574120,312729,261391,331398,180071,151327,242722,132658,110064
12050,C4114,9,146,District - Agra (15),15-19,541732,299209,242523,286062,158950,127112,255670,140259,115411
12051,C4114,9,146,District - Agra (15),20-24,430604,235306,195298,217186,119473,97713,213418,115833,97585
12052,C4114,9,146,District - Agra (15),25-29,340312,177936,162376,173950,91443,82507,166362,86493,79869
12053,C4114,9,146,District - Agra (15),30-34,285605,146707,138898,147774,75781,71993,137831,70926,66905
12054,C4114,9,146,District - Agra (15),35-39,279919,142702,137217,142596,74150,68446,137323,68552,68771
12055,C4114,9,146,District - Agra (15),40-44,232888,124667,108221,114910,62109,52801,117978,62558,55420
12056,C4114,9,146,District - Agra (15),45-49,192843,100914,91929,92705,48650,44055,100138,52264,47874
12057,C4114,9,146,District - Agra (15),50-54,149262,82471,66791,73547,40632,32915,75715,41839,33876
12058,C4114,9,146,District - Agra (15),55-59,114518,57800,56718,58888,29176,29712,55630,28624,27006
12059,C4114,9,146,District - Agra (15),60-64,103798,55063,48735,55980,29674,26306,47818,25389,22429
12060,C4114,9,146,District - Agra (15),65-69,66897,33966,32931,37891,18891,19000,29006,15075,13931
12061,C4114,9,146,District - Agra (15),70-74,51979,27785,24194,30633,16449,14184,21346,11336,10010
12062,C4114,9,146,District - Agra (15),75-79,23553,12106,11447,13408,6887,6521,10145,5219,4926
12063,C4114,9,146,District - Agra (15),80+,37866,19629,18237,20068,10623,9445,17798,9006,8792
12064,C4114,9,146,District - Agra (15),Age not stated,7766,4799,2967,3053,1920,1133,4713,2879,1834
12065,C4114,9,147,District - Firozabad (16),All ages,2498156,1332046,1166110,1664987,891872,773115,833169,440174,392995
12066,C4114,9,147,District - Firozabad (16),0-4,252279,133755,118524,175132,92983,82149,77147,40772,36375
12067,C4114,9,147,District - Firozabad (16),5-9,313276,167666,145610,215349,115391,99958,97927,52275,45652
12068,C4114,9,147,District - Firozabad (16),10-14,337910,182555,155355,230517,124897,105620,107393,57658,49735
12069,C4114,9,147,District - Firozabad (16),15-19,304306,169211,135095,198846,111954,86892,105460,57257,48203
12070,C4114,9,147,District - Firozabad (16),20-24,232863,128839,104024,149110,83670,65440,83753,45169,38584
12071,C4114,9,147,District - Firozabad (16),25-29,180520,95120,85400,116354,61862,54492,64166,33258,30908
12072,C4114,9,147,District - Firozabad (16),30-34,155936,79044,76892,102637,52293,50344,53299,26751,26548
12073,C4114,9,147,District - Firozabad (16),35-39,154622,78829,75793,101198,52159,49039,53424,26670,26754
12074,C4114,9,147,District - Firozabad (16),40-44,129512,69484,60028,84845,45935,38910,44667,23549,21118
12075,C4114,9,147,District - Firozabad (16),45-49,103660,53974,49686,67180,34882,32298,36480,19092,17388
12076,C4114,9,147,District - Firozabad (16),50-54,81757,44853,36904,53816,29714,24102,27941,15139,12802
12077,C4114,9,147,District - Firozabad (16),55-59,62733,30989,31744,42099,20418,21681,20634,10571,10063
12078,C4114,9,147,District - Firozabad (16),60-64,60032,31687,28345,42020,22049,19971,18012,9638,8374
12079,C4114,9,147,District - Firozabad (16),65-69,38759,19043,19716,27944,13499,14445,10815,5544,5271
12080,C4114,9,147,District - Firozabad (16),70-74,31731,16763,14968,23728,12485,11243,8003,4278,3725
12081,C4114,9,147,District - Firozabad (16),75-79,14424,7345,7079,10525,5285,5240,3899,2060,1839
12082,C4114,9,147,District - Firozabad (16),80+,23253,11948,11305,16446,8470,7976,6807,3478,3329
12083,C4114,9,147,District - Firozabad (16),Age not stated,20583,10941,9642,7241,3926,3315,13342,7015,6327
12084,C4114,9,148,District - Mainpuri (17),All ages,1868529,993377,875152,1580087,842374,737713,288442,151003,137439
12085,C4114,9,148,District - Mainpuri (17),0-4,188308,99351,88957,162658,85797,76861,25650,13554,12096
12086,C4114,9,148,District - Mainpuri (17),5-9,232100,124514,107586,199902,107062,92840,32198,17452,14746
12087,C4114,9,148,District - Mainpuri (17),10-14,248639,134025,114614,213479,115038,98441,35160,18987,16173
12088,C4114,9,148,District - Mainpuri (17),15-19,225912,125137,100775,190406,105951,84455,35506,19186,16320
12089,C4114,9,148,District - Mainpuri (17),20-24,168574,92796,75778,139418,77530,61888,29156,15266,13890
12090,C4114,9,148,District - Mainpuri (17),25-29,130127,68374,61753,107654,56850,50804,22473,11524,10949
12091,C4114,9,148,District - Mainpuri (17),30-34,115549,58221,57328,96547,48835,47712,19002,9386,9616
12092,C4114,9,148,District - Mainpuri (17),35-39,115031,58970,56061,96194,49578,46616,18837,9392,9445
12093,C4114,9,148,District - Mainpuri (17),40-44,95536,51374,44162,79539,43142,36397,15997,8232,7765
12094,C4114,9,148,District - Mainpuri (17),45-49,76205,39714,36491,62738,32744,29994,13467,6970,6497
12095,C4114,9,148,District - Mainpuri (17),50-54,61644,33300,28344,51091,27733,23358,10553,5567,4986
12096,C4114,9,148,District - Mainpuri (17),55-59,52074,24312,27762,43512,20121,23391,8562,4191,4371
12097,C4114,9,148,District - Mainpuri (17),60-64,57552,30414,27138,49593,26326,23267,7959,4088,3871
12098,C4114,9,148,District - Mainpuri (17),65-69,35031,17636,17395,30258,15178,15080,4773,2458,2315
12099,C4114,9,148,District - Mainpuri (17),70-74,28126,15323,12803,24489,13411,11078,3637,1912,1725
12100,C4114,9,148,District - Mainpuri (17),75-79,11963,6094,5869,10362,5266,5096,1601,828,773
12101,C4114,9,148,District - Mainpuri (17),80+,19248,10110,9138,16806,8905,7901,2442,1205,1237
12102,C4114,9,148,District - Mainpuri (17),Age not stated,6910,3712,3198,5441,2907,2534,1469,805,664
12103,C4114,9,149,District - Budaun (18),All ages,3681896,1967759,1714137,3037301,1630376,1406925,644595,337383,307212
12104,C4114,9,149,District - Budaun (18),0-4,448927,234861,214066,382883,200475,182408,66044,34386,31658
12105,C4114,9,149,District - Budaun (18),5-9,513666,274885,238781,433590,232622,200968,80076,42263,37813
12106,C4114,9,149,District - Budaun (18),10-14,512987,278533,234454,428966,233834,195132,84021,44699,39322
12107,C4114,9,149,District - Budaun (18),15-19,413443,227996,185447,333878,185775,148103,79565,42221,37344
12108,C4114,9,149,District - Budaun (18),20-24,302587,167002,135585,241284,133509,107775,61303,33493,27810
12109,C4114,9,149,District - Budaun (18),25-29,244441,130016,114425,198233,106016,92217,46208,24000,22208
12110,C4114,9,149,District - Budaun (18),30-34,220039,113817,106222,179392,93163,86229,40647,20654,19993
12111,C4114,9,149,District - Budaun (18),35-39,215782,113763,102019,176415,93642,82773,39367,20121,19246
12112,C4114,9,149,District - Budaun (18),40-44,175475,97231,78244,142522,79790,62732,32953,17441,15512
12113,C4114,9,149,District - Budaun (18),45-49,137112,72388,64724,110293,58367,51926,26819,14021,12798
12114,C4114,9,149,District - Budaun (18),50-54,107723,60496,47227,86946,49353,37593,20777,11143,9634
12115,C4114,9,149,District - Budaun (18),55-59,86865,40981,45884,70245,33049,37196,16620,7932,8688
12116,C4114,9,149,District - Budaun (18),60-64,94836,49976,44860,78923,41888,37035,15913,8088,7825
12117,C4114,9,149,District - Budaun (18),65-69,55065,27149,27916,46079,22787,23292,8986,4362,4624
12118,C4114,9,149,District - Budaun (18),70-74,39650,20195,19455,33213,17016,16197,6437,3179,3258
12119,C4114,9,149,District - Budaun (18),75-79,15168,7168,8000,12484,5915,6569,2684,1253,1431
12120,C4114,9,149,District - Budaun (18),80+,24887,11974,12913,20769,10071,10698,4118,1903,2215
12121,C4114,9,149,District - Budaun (18),Age not stated,73243,39328,33915,61186,33104,28082,12057,6224,5833
12122,C4114,9,150,District - Bareilly (19),All ages,4448359,2357665,2090694,2879950,1530356,1349594,1568409,827309,741100
12123,C4114,9,150,District - Bareilly (19),0-4,470644,246213,224431,333657,174472,159185,136987,71741,65246
12124,C4114,9,150,District - Bareilly (19),5-9,562597,298912,263685,391427,208149,183278,171170,90763,80407
12125,C4114,9,150,District - Bareilly (19),10-14,601983,319897,282086,413650,220091,193559,188333,99806,88527
12126,C4114,9,150,District - Bareilly (19),15-19,548631,295579,253052,351804,191373,160431,196827,104206,92621
12127,C4114,9,150,District - Bareilly (19),20-24,397387,218544,178843,237200,131222,105978,160187,87322,72865
12128,C4114,9,150,District - Bareilly (19),25-29,312723,163238,149485,190982,99346,91636,121741,63892,57849
12129,C4114,9,150,District - Bareilly (19),30-34,279395,142355,137040,176404,89743,86661,102991,52612,50379
12130,C4114,9,150,District - Bareilly (19),35-39,276235,143969,132266,174277,91796,82481,101958,52173,49785
12131,C4114,9,150,District - Bareilly (19),40-44,224268,122786,101482,137196,76350,60846,87072,46436,40636
12132,C4114,9,150,District - Bareilly (19),45-49,172335,92350,79985,101461,54830,46631,70874,37520,33354
12133,C4114,9,150,District - Bareilly (19),50-54,129749,72129,57620,75506,42562,32944,54243,29567,24676
12134,C4114,9,150,District - Bareilly (19),55-59,106364,50526,55838,64831,29612,35219,41533,20914,20619
12135,C4114,9,150,District - Bareilly (19),60-64,114605,60248,54357,77030,40526,36504,37575,19722,17853
12136,C4114,9,150,District - Bareilly (19),65-69,67221,34755,32466,45367,23344,22023,21854,11411,10443
12137,C4114,9,150,District - Bareilly (19),70-74,44817,23847,20970,29828,15780,14048,14989,8067,6922
12138,C4114,9,150,District - Bareilly (19),75-79,16613,8164,8449,10306,4948,5358,6307,3216,3091
12139,C4114,9,150,District - Bareilly (19),80+,34772,16747,18025,20903,9988,10915,13869,6759,7110
12140,C4114,9,150,District - Bareilly (19),Age not stated,88020,47406,40614,48121,26224,21897,39899,21182,18717
12141,C4114,9,151,District - Pilibhit (20),All ages,2031007,1072002,959005,1679592,886789,792803,351415,185213,166202
12142,C4114,9,151,District - Pilibhit (20),0-4,201540,104679,96861,172898,89671,83227,28642,15008,13634
12143,C4114,9,151,District - Pilibhit (20),5-9,254093,133940,120153,215951,113703,102248,38142,20237,17905
12144,C4114,9,151,District - Pilibhit (20),10-14,280962,147848,133114,238383,125211,113172,42579,22637,19942
12145,C4114,9,151,District - Pilibhit (20),15-19,251854,136569,115285,206193,112351,93842,45661,24218,21443
12146,C4114,9,151,District - Pilibhit (20),20-24,182983,100416,82567,146021,80088,65933,36962,20328,16634
12147,C4114,9,151,District - Pilibhit (20),25-29,149044,78261,70783,120807,63337,57470,28237,14924,13313
12148,C4114,9,151,District - Pilibhit (20),30-34,134080,68201,65879,109907,55726,54181,24173,12475,11698
12149,C4114,9,151,District - Pilibhit (20),35-39,130238,67857,62381,107147,56101,51046,23091,11756,11335
12150,C4114,9,151,District - Pilibhit (20),40-44,104170,56571,47599,84371,46059,38312,19799,10512,9287
12151,C4114,9,151,District - Pilibhit (20),45-49,81185,43198,37987,64565,34538,30027,16620,8660,7960
12152,C4114,9,151,District - Pilibhit (20),50-54,60906,33713,27193,48095,26786,21309,12811,6927,5884
12153,C4114,9,151,District - Pilibhit (20),55-59,52169,23914,28255,42165,19044,23121,10004,4870,5134
12154,C4114,9,151,District - Pilibhit (20),60-64,59693,31403,28290,50010,26328,23682,9683,5075,4608
12155,C4114,9,151,District - Pilibhit (20),65-69,35550,18490,17060,30097,15694,14403,5453,2796,2657
12156,C4114,9,151,District - Pilibhit (20),70-74,23735,12671,11064,20011,10780,9231,3724,1891,1833
12157,C4114,9,151,District - Pilibhit (20),75-79,9086,4438,4648,7621,3714,3907,1465,724,741
12158,C4114,9,151,District - Pilibhit (20),80+,15137,7446,7691,12395,6115,6280,2742,1331,1411
12159,C4114,9,151,District - Pilibhit (20),Age not stated,4582,2387,2195,2955,1543,1412,1627,844,783
12160,C4114,9,152,District - Shahjahanpur (21),All ages,3006538,1606403,1400135,2412446,1293714,1118732,594092,312689,281403
12161,C4114,9,152,District - Shahjahanpur (21),0-4,334729,174612,160117,284029,147859,136170,50700,26753,23947
12162,C4114,9,152,District - Shahjahanpur (21),5-9,404065,215237,188828,339152,180610,158542,64913,34627,30286
12163,C4114,9,152,District - Shahjahanpur (21),10-14,412455,220583,191872,340309,182604,157705,72146,37979,34167
12164,C4114,9,152,District - Shahjahanpur (21),15-19,340138,188118,152020,265630,148405,117225,74508,39713,34795
12165,C4114,9,152,District - Shahjahanpur (21),20-24,252123,137914,114209,191054,104991,86063,61069,32923,28146
12166,C4114,9,152,District - Shahjahanpur (21),25-29,217727,115185,102542,168040,88903,79137,49687,26282,23405
12167,C4114,9,152,District - Shahjahanpur (21),30-34,196749,101453,95296,155327,79950,75377,41422,21503,19919
12168,C4114,9,152,District - Shahjahanpur (21),35-39,189656,101121,88535,149899,80662,69237,39757,20459,19298
12169,C4114,9,152,District - Shahjahanpur (21),40-44,148594,82160,66434,115734,64742,50992,32860,17418,15442
12170,C4114,9,152,District - Shahjahanpur (21),45-49,117238,63187,54051,89420,48656,40764,27818,14531,13287
12171,C4114,9,152,District - Shahjahanpur (21),50-54,89422,50335,39087,68395,38860,29535,21027,11475,9552
12172,C4114,9,152,District - Shahjahanpur (21),55-59,74498,35642,38856,57926,27393,30533,16572,8249,8323
12173,C4114,9,152,District - Shahjahanpur (21),60-64,85936,45478,40458,70646,37910,32736,15290,7568,7722
12174,C4114,9,152,District - Shahjahanpur (21),65-69,52310,27498,24812,42602,22645,19957,9708,4853,4855
12175,C4114,9,152,District - Shahjahanpur (21),70-74,34617,18811,15806,27983,15352,12631,6634,3459,3175
12176,C4114,9,152,District - Shahjahanpur (21),75-79,12615,6404,6211,9934,5057,4877,2681,1347,1334
12177,C4114,9,152,District - Shahjahanpur (21),80+,19345,9732,9613,15444,7918,7526,3901,1814,2087
12178,C4114,9,152,District - Shahjahanpur (21),Age not stated,24321,12933,11388,20922,11197,9725,3399,1736,1663
12179,C4114,9,153,District - Kheri (22),All ages,4021243,2123187,1898056,3560208,1880679,1679529,461035,242508,218527
12180,C4114,9,153,District - Kheri (22),0-4,435145,224815,210330,395208,204062,191146,39937,20753,19184
12181,C4114,9,153,District - Kheri (22),5-9,540938,284529,256409,489945,257259,232686,50993,27270,23723
12182,C4114,9,153,District - Kheri (22),10-14,539036,286821,252215,483864,257324,226540,55172,29497,25675
12183,C4114,9,153,District - Kheri (22),15-19,443334,245411,197923,388102,215801,172301,55232,29610,25622
12184,C4114,9,153,District - Kheri (22),20-24,328438,177959,150479,283072,153448,129624,45366,24511,20855
12185,C4114,9,153,District - Kheri (22),25-29,295706,153480,142226,257536,133623,123913,38170,19857,18313
12186,C4114,9,153,District - Kheri (22),30-34,272638,137048,135590,239845,120387,119458,32793,16661,16132
12187,C4114,9,153,District - Kheri (22),35-39,263707,138648,125059,232019,122468,109551,31688,16180,15508
12188,C4114,9,153,District - Kheri (22),40-44,202155,110073,92082,176286,96337,79949,25869,13736,12133
12189,C4114,9,153,District - Kheri (22),45-49,158111,83738,74373,136464,72501,63963,21647,11237,10410
12190,C4114,9,153,District - Kheri (22),50-54,118798,65628,53170,101843,56507,45336,16955,9121,7834
12191,C4114,9,153,District - Kheri (22),55-59,102234,47175,55059,88651,40393,48258,13583,6782,6801
12192,C4114,9,153,District - Kheri (22),60-64,116606,61240,55366,104174,54719,49455,12432,6521,5911
12193,C4114,9,153,District - Kheri (22),65-69,72318,37322,34996,64826,33480,31346,7492,3842,3650
12194,C4114,9,153,District - Kheri (22),70-74,49804,26827,22977,44697,24231,20466,5107,2596,2511
12195,C4114,9,153,District - Kheri (22),75-79,19982,9925,10057,17817,8884,8933,2165,1041,1124
12196,C4114,9,153,District - Kheri (22),80+,31090,16029,15061,28054,14484,13570,3036,1545,1491
12197,C4114,9,153,District - Kheri (22),Age not stated,31203,16519,14684,27805,14771,13034,3398,1748,1650
12198,C4114,9,154,District - Sitapur (23),All ages,4483992,2375264,2108728,3953208,2098123,1855085,530784,277141,253643
12199,C4114,9,154,District - Sitapur (23),0-4,493654,253691,239963,447246,229725,217521,46408,23966,22442
12200,C4114,9,154,District - Sitapur (23),5-9,599481,314587,284894,538245,282425,255820,61236,32162,29074
12201,C4114,9,154,District - Sitapur (23),10-14,598997,319733,279264,534311,285631,248680,64686,34102,30584
12202,C4114,9,154,District - Sitapur (23),15-19,479827,266593,213234,415050,232361,182689,64777,34232,30545
12203,C4114,9,154,District - Sitapur (23),20-24,365104,199726,165378,309470,169703,139767,55634,30023,25611
12204,C4114,9,154,District - Sitapur (23),25-29,325320,170617,154703,282290,148206,134084,43030,22411,20619
12205,C4114,9,154,District - Sitapur (23),30-34,300981,152975,148006,264916,134656,130260,36065,18319,17746
12206,C4114,9,154,District - Sitapur (23),35-39,292422,155207,137215,257346,137130,120216,35076,18077,16999
12207,C4114,9,154,District - Sitapur (23),40-44,228462,125446,103016,199783,110540,89243,28679,14906,13773
12208,C4114,9,154,District - Sitapur (23),45-49,179122,95637,83485,154958,83012,71946,24164,12625,11539
12209,C4114,9,154,District - Sitapur (23),50-54,135632,75846,59786,117197,65955,51242,18435,9891,8544
12210,C4114,9,154,District - Sitapur (23),55-59,111093,51908,59185,96603,44802,51801,14490,7106,7384
12211,C4114,9,154,District - Sitapur (23),60-64,127554,65829,61725,114043,58859,55184,13511,6970,6541
12212,C4114,9,154,District - Sitapur (23),65-69,86674,44294,42380,77806,39888,37918,8868,4406,4462
12213,C4114,9,154,District - Sitapur (23),70-74,62272,33426,28846,56181,30237,25944,6091,3189,2902
12214,C4114,9,154,District - Sitapur (23),75-79,25686,12745,12941,23114,11462,11652,2572,1283,1289
12215,C4114,9,154,District - Sitapur (23),80+,39407,19941,19466,35209,17941,17268,4198,2000,2198
12216,C4114,9,154,District - Sitapur (23),Age not stated,32304,17063,15241,29440,15590,13850,2864,1473,1391
12217,C4114,9,155,District - Hardoi (24),All ages,4092845,2191442,1901403,3551039,1906147,1644892,541806,285295,256511
12218,C4114,9,155,District - Hardoi (24),0-4,432264,226386,205878,384803,201538,183265,47461,24848,22613
12219,C4114,9,155,District - Hardoi (24),5-9,530633,280050,250583,469666,247974,221692,60967,32076,28891
12220,C4114,9,155,District - Hardoi (24),10-14,550471,293653,256818,483930,258437,225493,66541,35216,31325
12221,C4114,9,155,District - Hardoi (24),15-19,456067,259446,196621,388678,223106,165572,67389,36340,31049
12222,C4114,9,155,District - Hardoi (24),20-24,337130,189818,147312,282929,160068,122861,54201,29750,24451
12223,C4114,9,155,District - Hardoi (24),25-29,291799,156252,135547,249173,133685,115488,42626,22567,20059
12224,C4114,9,155,District - Hardoi (24),30-34,266253,136816,129437,229915,118309,111606,36338,18507,17831
12225,C4114,9,155,District - Hardoi (24),35-39,262120,139474,122646,225911,120913,104998,36209,18561,17648
12226,C4114,9,155,District - Hardoi (24),40-44,209814,115691,94123,179616,99732,79884,30198,15959,14239
12227,C4114,9,155,District - Hardoi (24),45-49,167119,89453,77666,141452,76074,65378,25667,13379,12288
12228,C4114,9,155,District - Hardoi (24),50-54,128186,71629,56557,108898,61304,47594,19288,10325,8963
12229,C4114,9,155,District - Hardoi (24),55-59,107299,50642,56657,91647,42981,48666,15652,7661,7991
12230,C4114,9,155,District - Hardoi (24),60-64,128356,65880,62476,113541,58223,55318,14815,7657,7158
12231,C4114,9,155,District - Hardoi (24),65-69,83927,43257,40670,74452,38407,36045,9475,4850,4625
12232,C4114,9,155,District - Hardoi (24),70-74,56867,29972,26895,50730,26856,23874,6137,3116,3021
12233,C4114,9,155,District - Hardoi (24),75-79,21841,10729,11112,19296,9449,9847,2545,1280,1265
12234,C4114,9,155,District - Hardoi (24),80+,33512,16611,16901,29199,14506,14693,4313,2105,2208
12235,C4114,9,155,District - Hardoi (24),Age not stated,29187,15683,13504,27203,14585,12618,1984,1098,886
12236,C4114,9,156,District - Unnao (25),All ages,3108367,1630087,1478280,2576721,1351897,1224824,531646,278190,253456
12237,C4114,9,156,District - Unnao (25),0-4,286855,148882,137973,244185,126518,117667,42670,22364,20306
12238,C4114,9,156,District - Unnao (25),5-9,362174,189299,172875,307806,160670,147136,54368,28629,25739
12239,C4114,9,156,District - Unnao (25),10-14,395969,207965,188004,335544,176138,159406,60425,31827,28598
12240,C4114,9,156,District - Unnao (25),15-19,367432,197870,169562,303833,164150,139683,63599,33720,29879
12241,C4114,9,156,District - Unnao (25),20-24,269249,152404,116845,214739,122458,92281,54510,29946,24564
12242,C4114,9,156,District - Unnao (25),25-29,212027,111444,100583,169518,89380,80138,42509,22064,20445
12243,C4114,9,156,District - Unnao (25),30-34,196611,97015,99596,159614,78336,81278,36997,18679,18318
12244,C4114,9,156,District - Unnao (25),35-39,202394,103750,98644,165737,85218,80519,36657,18532,18125
12245,C4114,9,156,District - Unnao (25),40-44,171204,91253,79951,139453,74730,64723,31751,16523,15228
12246,C4114,9,156,District - Unnao (25),45-49,136642,72555,64087,110252,58682,51570,26390,13873,12517
12247,C4114,9,156,District - Unnao (25),50-54,103114,56822,46292,83251,46021,37230,19863,10801,9062
12248,C4114,9,156,District - Unnao (25),55-59,87838,40771,47067,72431,33104,39327,15407,7667,7740
12249,C4114,9,156,District - Unnao (25),60-64,100257,50688,49569,85660,43240,42420,14597,7448,7149
12250,C4114,9,156,District - Unnao (25),65-69,66631,33313,33318,57405,28660,28745,9226,4653,4573
12251,C4114,9,156,District - Unnao (25),70-74,47838,24619,23219,41596,21394,20202,6242,3225,3017
12252,C4114,9,156,District - Unnao (25),75-79,19857,9767,10090,17110,8415,8695,2747,1352,1395
12253,C4114,9,156,District - Unnao (25),80+,27927,13824,14103,23777,11807,11970,4150,2017,2133
12254,C4114,9,156,District - Unnao (25),Age not stated,54348,27846,26502,44810,22976,21834,9538,4870,4668
12255,C4114,9,157,District - Lucknow (26),All ages,4589838,2394476,2195362,1550842,813752,737090,3038996,1580724,1458272
12256,C4114,9,157,District - Lucknow (26),0-4,357215,185817,171398,145399,75072,70327,211816,110745,101071
12257,C4114,9,157,District - Lucknow (26),5-9,454777,238822,215955,188608,98293,90315,266169,140529,125640
12258,C4114,9,157,District - Lucknow (26),10-14,503053,263466,239587,206239,107564,98675,296814,155902,140912
12259,C4114,9,157,District - Lucknow (26),15-19,517301,276360,240941,188108,100795,87313,329193,175565,153628
12260,C4114,9,157,District - Lucknow (26),20-24,457020,244128,212892,138308,76581,61727,318712,167547,151165
12261,C4114,9,157,District - Lucknow (26),25-29,388923,197727,191196,113288,59420,53868,275635,138307,137328
12262,C4114,9,157,District - Lucknow (26),30-34,331460,167275,164185,100801,50775,50026,230659,116500,114159
12263,C4114,9,157,District - Lucknow (26),35-39,326408,166817,159591,100733,52989,47744,225675,113828,111847
12264,C4114,9,157,District - Lucknow (26),40-44,269533,141389,128144,78909,43148,35761,190624,98241,92383
12265,C4114,9,157,District - Lucknow (26),45-49,234285,122147,112138,62534,33768,28766,171751,88379,83372
12266,C4114,9,157,District - Lucknow (26),50-54,182442,98131,84311,45575,24807,20768,136867,73324,63543
12267,C4114,9,157,District - Lucknow (26),55-59,143430,72873,70557,38804,17857,20947,104626,55016,49610
12268,C4114,9,157,District - Lucknow (26),60-64,135829,70521,65308,48213,24112,24101,87616,46409,41207
12269,C4114,9,157,District - Lucknow (26),65-69,91307,47623,43684,33695,17197,16498,57612,30426,27186
12270,C4114,9,157,District - Lucknow (26),70-74,62089,32787,29302,22778,11940,10838,39311,20847,18464
12271,C4114,9,157,District - Lucknow (26),75-79,28645,14701,13944,9175,4560,4615,19470,10141,9329
12272,C4114,9,157,District - Lucknow (26),80+,41516,20378,21138,14333,6954,7379,27183,13424,13759
12273,C4114,9,157,District - Lucknow (26),Age not stated,64605,33514,31091,15342,7920,7422,49263,25594,23669
12274,C4114,9,158,District - Rae Bareli (27),All ages,3405559,1752542,1653017,3097564,1592449,1505115,307995,160093,147902
12275,C4114,9,158,District - Rae Bareli (27),0-4,314931,162464,152467,292076,150560,141516,22855,11904,10951
12276,C4114,9,158,District - Rae Bareli (27),5-9,408652,213325,195327,379023,197682,181341,29629,15643,13986
12277,C4114,9,158,District - Rae Bareli (27),10-14,444282,231007,213275,410435,213216,197219,33847,17791,16056
12278,C4114,9,158,District - Rae Bareli (27),15-19,411194,212048,199146,372899,192239,180660,38295,19809,18486
12279,C4114,9,158,District - Rae Bareli (27),20-24,294180,157798,136382,259950,139657,120293,34230,18141,16089
12280,C4114,9,158,District - Rae Bareli (27),25-29,242768,123712,119056,215870,109699,106171,26898,14013,12885
12281,C4114,9,158,District - Rae Bareli (27),30-34,222547,108479,114068,201125,97644,103481,21422,10835,10587
12282,C4114,9,158,District - Rae Bareli (27),35-39,219825,111729,108096,199484,101516,97968,20341,10213,10128
12283,C4114,9,158,District - Rae Bareli (27),40-44,181243,94727,86516,163094,85654,77440,18149,9073,9076
12284,C4114,9,158,District - Rae Bareli (27),45-49,152968,79073,73895,135647,70359,65288,17321,8714,8607
12285,C4114,9,158,District - Rae Bareli (27),50-54,118369,64095,54274,104250,56260,47990,14119,7835,6284
12286,C4114,9,158,District - Rae Bareli (27),55-59,96835,46203,50632,86763,40692,46071,10072,5511,4561
12287,C4114,9,158,District - Rae Bareli (27),60-64,107260,53270,53990,99324,49113,50211,7936,4157,3779
12288,C4114,9,158,District - Rae Bareli (27),65-69,74228,36542,37686,69241,33983,35258,4987,2559,2428
12289,C4114,9,158,District - Rae Bareli (27),70-74,54747,27852,26895,51258,26107,25151,3489,1745,1744
12290,C4114,9,158,District - Rae Bareli (27),75-79,23204,11372,11832,21620,10592,11028,1584,780,804
12291,C4114,9,158,District - Rae Bareli (27),80+,31940,15527,16413,29718,14486,15232,2222,1041,1181
12292,C4114,9,158,District - Rae Bareli (27),Age not stated,6386,3319,3067,5787,2990,2797,599,329,270
12293,C4114,9,159,District - Farrukhabad (28),All ages,1885204,1006240,878964,1469019,785301,683718,416185,220939,195246
12294,C4114,9,159,District - Farrukhabad (28),0-4,203159,106878,96281,166982,87621,79361,36177,19257,16920
12295,C4114,9,159,District - Farrukhabad (28),5-9,236465,126659,109806,192468,102888,89580,43997,23771,20226
12296,C4114,9,159,District - Farrukhabad (28),10-14,247785,133243,114542,199303,107105,92198,48482,26138,22344
12297,C4114,9,159,District - Farrukhabad (28),15-19,225816,124132,101684,173983,95903,78080,51833,28229,23604
12298,C4114,9,159,District - Farrukhabad (28),20-24,173248,95595,77653,128915,71189,57726,44333,24406,19927
12299,C4114,9,159,District - Farrukhabad (28),25-29,138111,73558,64553,103843,55459,48384,34268,18099,16169
12300,C4114,9,159,District - Farrukhabad (28),30-34,121666,62666,59000,92753,47824,44929,28913,14842,14071
12301,C4114,9,159,District - Farrukhabad (28),35-39,116768,61255,55513,89500,47276,42224,27268,13979,13289
12302,C4114,9,159,District - Farrukhabad (28),40-44,95112,51425,43687,71847,39404,32443,23265,12021,11244
12303,C4114,9,159,District - Farrukhabad (28),45-49,77607,41102,36505,57567,30673,26894,20040,10429,9611
12304,C4114,9,159,District - Farrukhabad (28),50-54,60943,33423,27520,45142,24975,20167,15801,8448,7353
12305,C4114,9,159,District - Farrukhabad (28),55-59,50915,24524,26391,38331,18301,20030,12584,6223,6361
12306,C4114,9,159,District - Farrukhabad (28),60-64,54997,28881,26116,43158,22729,20429,11839,6152,5687
12307,C4114,9,159,District - Farrukhabad (28),65-69,33457,17216,16241,26531,13595,12936,6926,3621,3305
12308,C4114,9,159,District - Farrukhabad (28),70-74,23738,12854,10884,18956,10331,8625,4782,2523,2259
12309,C4114,9,159,District - Farrukhabad (28),75-79,9641,4924,4717,7440,3800,3640,2201,1124,1077
12310,C4114,9,159,District - Farrukhabad (28),80+,13104,6508,6596,10274,5165,5109,2830,1343,1487
12311,C4114,9,159,District - Farrukhabad (28),Age not stated,2672,1397,1275,2026,1063,963,646,334,312
12312,C4114,9,160,District - Kannauj (29),All ages,1656616,881776,774840,1375775,734245,641530,280841,147531,133310
12313,C4114,9,160,District - Kannauj (29),0-4,172268,90229,82039,145268,75989,69279,27000,14240,12760
12314,C4114,9,160,District - Kannauj (29),5-9,207062,109828,97234,174135,92293,81842,32927,17535,15392
12315,C4114,9,160,District - Kannauj (29),10-14,220063,116828,103235,185311,98336,86975,34752,18492,16260
12316,C4114,9,160,District - Kannauj (29),15-19,203316,111409,91907,167907,92650,75257,35409,18759,16650
12317,C4114,9,160,District - Kannauj (29),20-24,148929,84082,64847,120156,68404,51752,28773,15678,13095
12318,C4114,9,160,District - Kannauj (29),25-29,118278,63061,55217,96938,51905,45033,21340,11156,10184
12319,C4114,9,160,District - Kannauj (29),30-34,105975,54278,51697,87553,44924,42629,18422,9354,9068
12320,C4114,9,160,District - Kannauj (29),35-39,103919,54381,49538,86023,45167,40856,17896,9214,8682
12321,C4114,9,160,District - Kannauj (29),40-44,84919,46362,38557,69973,38555,31418,14946,7807,7139
12322,C4114,9,160,District - Kannauj (29),45-49,66215,35737,30478,53952,29246,24706,12263,6491,5772
12323,C4114,9,160,District - Kannauj (29),50-54,50659,27788,22871,41434,22936,18498,9225,4852,4373
12324,C4114,9,160,District - Kannauj (29),55-59,43702,20509,23193,36024,16800,19224,7678,3709,3969
12325,C4114,9,160,District - Kannauj (29),60-64,52192,26820,25372,44159,22759,21400,8033,4061,3972
12326,C4114,9,160,District - Kannauj (29),65-69,31896,16157,15739,27373,13858,13515,4523,2299,2224
12327,C4114,9,160,District - Kannauj (29),70-74,22765,12004,10761,19596,10414,9182,3169,1590,1579
12328,C4114,9,160,District - Kannauj (29),75-79,9184,4481,4703,7827,3805,4022,1357,676,681
12329,C4114,9,160,District - Kannauj (29),80+,13137,6583,6554,11038,5570,5468,2099,1013,1086
12330,C4114,9,160,District - Kannauj (29),Age not stated,2137,1239,898,1108,634,474,1029,605,424
12331,C4114,9,161,District - Etawah (30),All ages,1581810,845856,735954,1215511,652740,562771,366299,193116,173183
12332,C4114,9,161,District - Etawah (30),0-4,153492,81467,72025,123818,65683,58135,29674,15784,13890
12333,C4114,9,161,District - Etawah (30),5-9,178634,95789,82845,142308,76232,66076,36326,19557,16769
12334,C4114,9,161,District - Etawah (30),10-14,197030,105538,91492,155625,83261,72364,41405,22277,19128
12335,C4114,9,161,District - Etawah (30),15-19,187175,103521,83654,143454,79972,63482,43721,23549,20172
12336,C4114,9,161,District - Etawah (30),20-24,146839,81975,64864,108649,61581,47068,38190,20394,17796
12337,C4114,9,161,District - Etawah (30),25-29,116463,61570,54893,86105,45951,40154,30358,15619,14739
12338,C4114,9,161,District - Etawah (30),30-34,103767,53032,50735,78144,39961,38183,25623,13071,12552
12339,C4114,9,161,District - Etawah (30),35-39,101681,52666,49015,76523,39981,36542,25158,12685,12473
12340,C4114,9,161,District - Etawah (30),40-44,86333,46682,39651,64667,35406,29261,21666,11276,10390
12341,C4114,9,161,District - Etawah (30),45-49,70245,37350,32895,51466,27480,23986,18779,9870,8909
12342,C4114,9,161,District - Etawah (30),50-54,56113,30951,25162,41310,23063,18247,14803,7888,6915
12343,C4114,9,161,District - Etawah (30),55-59,45758,22479,23279,33931,16384,17547,11827,6095,5732
12344,C4114,9,161,District - Etawah (30),60-64,48380,25582,22798,37742,19976,17766,10638,5606,5032
12345,C4114,9,161,District - Etawah (30),65-69,33333,16777,16556,26676,13319,13357,6657,3458,3199
12346,C4114,9,161,District - Etawah (30),70-74,26335,14512,11823,21197,11793,9404,5138,2719,2419
12347,C4114,9,161,District - Etawah (30),75-79,11618,6044,5574,9317,4799,4518,2301,1245,1056
12348,C4114,9,161,District - Etawah (30),80+,16249,8667,7582,13020,7053,5967,3229,1614,1615
12349,C4114,9,161,District - Etawah (30),Age not stated,2365,1254,1111,1559,845,714,806,409,397
12350,C4114,9,162,District - Auraiya (31),All ages,1379545,740040,639505,1145323,616494,528829,234222,123546,110676
12351,C4114,9,162,District - Auraiya (31),0-4,134123,70340,63783,114074,59752,54322,20049,10588,9461
12352,C4114,9,162,District - Auraiya (31),5-9,161599,86113,75486,136677,72834,63843,24922,13279,11643
12353,C4114,9,162,District - Auraiya (31),10-14,174575,93257,81318,146773,78315,68458,27802,14942,12860
12354,C4114,9,162,District - Auraiya (31),15-19,163715,91335,72380,136074,76272,59802,27641,15063,12578
12355,C4114,9,162,District - Auraiya (31),20-24,122372,69603,52769,99125,57199,41926,23247,12404,10843
12356,C4114,9,162,District - Auraiya (31),25-29,99952,53368,46584,81435,43798,37637,18517,9570,8947
12357,C4114,9,162,District - Auraiya (31),30-34,90680,46029,44651,74435,37816,36619,16245,8213,8032
12358,C4114,9,162,District - Auraiya (31),35-39,92491,48320,44171,76291,40173,36118,16200,8147,8053
12359,C4114,9,162,District - Auraiya (31),40-44,76535,41793,34742,62418,34470,27948,14117,7323,6794
12360,C4114,9,162,District - Auraiya (31),45-49,61057,33151,27906,49256,26820,22436,11801,6331,5470
12361,C4114,9,162,District - Auraiya (31),50-54,47169,26168,21001,38058,21220,16838,9111,4948,4163
12362,C4114,9,162,District - Auraiya (31),55-59,39720,19290,20430,32480,15661,16819,7240,3629,3611
12363,C4114,9,162,District - Auraiya (31),60-64,42930,22683,20247,36250,19148,17102,6680,3535,3145
12364,C4114,9,162,District - Auraiya (31),65-69,28386,14552,13834,24155,12415,11740,4231,2137,2094
12365,C4114,9,162,District - Auraiya (31),70-74,21644,11903,9741,18552,10209,8343,3092,1694,1398
12366,C4114,9,162,District - Auraiya (31),75-79,9651,5006,4645,8169,4239,3930,1482,767,715
12367,C4114,9,162,District - Auraiya (31),80+,12554,6906,5648,10767,5960,4807,1787,946,841
12368,C4114,9,162,District - Auraiya (31),Age not stated,392,223,169,334,193,141,58,30,28
12369,C4114,9,163,District - Kanpur Dehat (32),All ages,1796184,963255,832929,1622761,871508,751253,173423,91747,81676
12370,C4114,9,163,District - Kanpur Dehat (32),0-4,168821,88681,80140,154094,80840,73254,14727,7841,6886
12371,C4114,9,163,District - Kanpur Dehat (32),5-9,199765,106289,93476,181277,96395,84882,18488,9894,8594
12372,C4114,9,163,District - Kanpur Dehat (32),10-14,224203,119454,104749,203629,108572,95057,20574,10882,9692
12373,C4114,9,163,District - Kanpur Dehat (32),15-19,215614,118324,97290,194300,106943,87357,21314,11381,9933
12374,C4114,9,163,District - Kanpur Dehat (32),20-24,159770,92160,67610,142839,82688,60151,16931,9472,7459
12375,C4114,9,163,District - Kanpur Dehat (32),25-29,132647,71048,61599,119189,64013,55176,13458,7035,6423
12376,C4114,9,163,District - Kanpur Dehat (32),30-34,119479,61469,58010,107506,55395,52111,11973,6074,5899
12377,C4114,9,163,District - Kanpur Dehat (32),35-39,118899,62360,56539,107125,56343,50782,11774,6017,5757
12378,C4114,9,163,District - Kanpur Dehat (32),40-44,98381,53754,44627,88125,48293,39832,10256,5461,4795
12379,C4114,9,163,District - Kanpur Dehat (32),45-49,79159,42697,36462,70805,38277,32528,8354,4420,3934
12380,C4114,9,163,District - Kanpur Dehat (32),50-54,60784,33836,26948,54443,30445,23998,6341,3391,2950
12381,C4114,9,163,District - Kanpur Dehat (32),55-59,51861,25178,26683,46732,22623,24109,5129,2555,2574
12382,C4114,9,163,District - Kanpur Dehat (32),60-64,58856,30696,28160,53620,28050,25570,5236,2646,2590
12383,C4114,9,163,District - Kanpur Dehat (32),65-69,40922,20879,20043,37581,19162,18419,3341,1717,1624
12384,C4114,9,163,District - Kanpur Dehat (32),70-74,31002,17223,13779,28461,15849,12612,2541,1374,1167
12385,C4114,9,163,District - Kanpur Dehat (32),75-79,13860,7316,6544,12728,6729,5999,1132,587,545
12386,C4114,9,163,District - Kanpur Dehat (32),80+,18987,10135,8852,17396,9295,8101,1591,840,751
12387,C4114,9,163,District - Kanpur Dehat (32),Age not stated,3174,1756,1418,2911,1596,1315,263,160,103
12388,C4114,9,164,District - Kanpur Nagar (33),All ages,4581268,2459806,2121462,1565623,837260,728363,3015645,1622546,1393099
12389,C4114,9,164,District - Kanpur Nagar (33),0-4,338071,180301,157770,144019,76265,67754,194052,104036,90016
12390,C4114,9,164,District - Kanpur Nagar (33),5-9,425817,227760,198057,171746,91098,80648,254071,136662,117409
12391,C4114,9,164,District - Kanpur Nagar (33),10-14,485666,259605,226061,191961,101576,90385,293705,158029,135676
12392,C4114,9,164,District - Kanpur Nagar (33),15-19,527586,286198,241388,191445,104344,87101,336141,181854,154287
12393,C4114,9,164,District - Kanpur Nagar (33),20-24,464532,257096,207436,144958,82818,62140,319574,174278,145296
12394,C4114,9,164,District - Kanpur Nagar (33),25-29,388739,206483,182256,115832,62559,53273,272907,143924,128983
12395,C4114,9,164,District - Kanpur Nagar (33),30-34,339466,176809,162657,103210,52958,50252,236256,123851,112405
12396,C4114,9,164,District - Kanpur Nagar (33),35-39,337110,176713,160397,101851,53226,48625,235259,123487,111772
12397,C4114,9,164,District - Kanpur Nagar (33),40-44,286182,155324,130858,85667,46524,39143,200515,108800,91715
12398,C4114,9,164,District - Kanpur Nagar (33),45-49,246796,133466,113330,69084,37332,31752,177712,96134,81578
12399,C4114,9,164,District - Kanpur Nagar (33),50-54,190405,106752,83653,53002,29525,23477,137403,77227,60176
12400,C4114,9,164,District - Kanpur Nagar (33),55-59,152367,78288,74079,45268,21125,24143,107099,57163,49936
12401,C4114,9,164,District - Kanpur Nagar (33),60-64,145808,78142,67666,53859,27995,25864,91949,50147,41802
12402,C4114,9,164,District - Kanpur Nagar (33),65-69,95530,51229,44301,37156,19300,17856,58374,31929,26445
12403,C4114,9,164,District - Kanpur Nagar (33),70-74,67665,37761,29904,27288,15124,12164,40377,22637,17740
12404,C4114,9,164,District - Kanpur Nagar (33),75-79,31341,16851,14490,11692,6182,5510,19649,10669,8980
12405,C4114,9,164,District - Kanpur Nagar (33),80+,48679,25154,23525,16391,8569,7822,32288,16585,15703
12406,C4114,9,164,District - Kanpur Nagar (33),Age not stated,9508,5874,3634,1194,740,454,8314,5134,3180
12407,C4114,9,165,District - Jalaun  (34),All ages,1689974,906092,783882,1271074,683656,587418,418900,222436,196464
12408,C4114,9,165,District - Jalaun  (34),0-4,155116,81918,73198,121203,63948,57255,33913,17970,15943
12409,C4114,9,165,District - Jalaun  (34),5-9,182538,97661,84877,140369,74990,65379,42169,22671,19498
12410,C4114,9,165,District - Jalaun  (34),10-14,195572,105015,90557,148578,79611,68967,46994,25404,21590
12411,C4114,9,165,District - Jalaun  (34),15-19,186139,104190,81949,136334,77091,59243,49805,27099,22706
12412,C4114,9,165,District - Jalaun  (34),20-24,151585,85145,66440,109740,62176,47564,41845,22969,18876
12413,C4114,9,165,District - Jalaun  (34),25-29,131867,70593,61274,97487,52381,45106,34380,18212,16168
12414,C4114,9,165,District - Jalaun  (34),30-34,115546,59202,56344,86205,44283,41922,29341,14919,14422
12415,C4114,9,165,District - Jalaun  (34),35-39,115757,60242,55515,86306,45215,41091,29451,15027,14424
12416,C4114,9,165,District - Jalaun  (34),40-44,97633,52507,45126,72448,39200,33248,25185,13307,11878
12417,C4114,9,165,District - Jalaun  (34),45-49,81154,43471,37683,59969,32294,27675,21185,11177,10008
12418,C4114,9,165,District - Jalaun  (34),50-54,63912,34970,28942,47164,25924,21240,16748,9046,7702
12419,C4114,9,165,District - Jalaun  (34),55-59,53368,26911,26457,39834,19983,19851,13534,6928,6606
12420,C4114,9,165,District - Jalaun  (34),60-64,53136,27922,25214,40806,21510,19296,12330,6412,5918
12421,C4114,9,165,District - Jalaun  (34),65-69,39249,19918,19331,30822,15608,15214,8427,4310,4117
12422,C4114,9,165,District - Jalaun  (34),70-74,31240,17244,13996,25102,14006,11096,6138,3238,2900
12423,C4114,9,165,District - Jalaun  (34),75-79,15039,7898,7141,12109,6387,5722,2930,1511,1419
12424,C4114,9,165,District - Jalaun  (34),80+,19010,10134,8876,15264,8299,6965,3746,1835,1911
12425,C4114,9,165,District - Jalaun  (34),Age not stated,2113,1151,962,1334,750,584,779,401,378
12426,C4114,9,166,District - Jhansi (35),All ages,1998603,1057436,941167,1165119,615629,549490,833484,441807,391677
12427,C4114,9,166,District - Jhansi (35),0-4,176054,94370,81684,110637,59230,51407,65417,35140,30277
12428,C4114,9,166,District - Jhansi (35),5-9,202621,108339,94282,126115,67079,59036,76506,41260,35246
12429,C4114,9,166,District - Jhansi (35),10-14,220752,118060,102692,137249,73020,64229,83503,45040,38463
12430,C4114,9,166,District - Jhansi (35),15-19,206224,111925,94299,117551,64450,53101,88673,47475,41198
12431,C4114,9,166,District - Jhansi (35),20-24,193696,103562,90134,104081,55364,48717,89615,48198,41417
12432,C4114,9,166,District - Jhansi (35),25-29,171954,90997,80957,93174,48708,44466,78780,42289,36491
12433,C4114,9,166,District - Jhansi (35),30-34,151261,77341,73920,86667,43359,43308,64594,33982,30612
12434,C4114,9,166,District - Jhansi (35),35-39,142728,74869,67859,83240,43925,39315,59488,30944,28544
12435,C4114,9,166,District - Jhansi (35),40-44,117139,62343,54796,66926,36036,30890,50213,26307,23906
12436,C4114,9,166,District - Jhansi (35),45-49,99600,52536,47064,54847,29157,25690,44753,23379,21374
12437,C4114,9,166,District - Jhansi (35),50-54,76567,42018,34549,41788,23171,18617,34779,18847,15932
12438,C4114,9,166,District - Jhansi (35),55-59,62054,30905,31149,34555,16665,17890,27499,14240,13259
12439,C4114,9,166,District - Jhansi (35),60-64,60939,31456,29483,37105,19188,17917,23834,12268,11566
12440,C4114,9,166,District - Jhansi (35),65-69,41150,20391,20759,26123,12905,13218,15027,7486,7541
12441,C4114,9,166,District - Jhansi (35),70-74,32071,16658,15413,20618,10987,9631,11453,5671,5782
12442,C4114,9,166,District - Jhansi (35),75-79,15532,7564,7968,9738,4838,4900,5794,2726,3068
12443,C4114,9,166,District - Jhansi (35),80+,20018,9670,10348,11678,5917,5761,8340,3753,4587
12444,C4114,9,166,District - Jhansi (35),Age not stated,8243,4432,3811,3027,1630,1397,5216,2802,2414
12445,C4114,9,167,District - Lalitpur (36),All ages,1221592,641011,580581,1046214,549478,496736,175378,91533,83845
12446,C4114,9,167,District - Lalitpur (36),0-4,144991,75515,69476,129658,67552,62106,15333,7963,7370
12447,C4114,9,167,District - Lalitpur (36),5-9,158815,82774,76041,140435,73052,67383,18380,9722,8658
12448,C4114,9,167,District - Lalitpur (36),10-14,159906,85307,74599,140567,75006,65561,19339,10301,9038
12449,C4114,9,167,District - Lalitpur (36),15-19,120035,64722,55313,100656,54423,46233,19379,10299,9080
12450,C4114,9,167,District - Lalitpur (36),20-24,112480,58160,54320,94381,48715,45666,18099,9445,8654
12451,C4114,9,167,District - Lalitpur (36),25-29,97324,51412,45912,81588,43269,38319,15736,8143,7593
12452,C4114,9,167,District - Lalitpur (36),30-34,82949,42206,40743,69774,35521,34253,13175,6685,6490
12453,C4114,9,167,District - Lalitpur (36),35-39,74157,39155,35002,61914,32834,29080,12243,6321,5922
12454,C4114,9,167,District - Lalitpur (36),40-44,59444,32220,27224,49510,26945,22565,9934,5275,4659
12455,C4114,9,167,District - Lalitpur (36),45-49,48530,25342,23188,39983,20909,19074,8547,4433,4114
12456,C4114,9,167,District - Lalitpur (36),50-54,38750,21184,17566,31992,17586,14406,6758,3598,3160
12457,C4114,9,167,District - Lalitpur (36),55-59,32306,15721,16585,26820,12877,13943,5486,2844,2642
12458,C4114,9,167,District - Lalitpur (36),60-64,32586,17186,15400,27892,14754,13138,4694,2432,2262
12459,C4114,9,167,District - Lalitpur (36),65-69,21609,10749,10860,18554,9194,9360,3055,1555,1500
12460,C4114,9,167,District - Lalitpur (36),70-74,16983,8976,8007,14790,7927,6863,2193,1049,1144
12461,C4114,9,167,District - Lalitpur (36),75-79,7480,3609,3871,6307,3035,3272,1173,574,599
12462,C4114,9,167,District - Lalitpur (36),80+,9952,5018,4934,8407,4292,4115,1545,726,819
12463,C4114,9,167,District - Lalitpur (36),Age not stated,3295,1755,1540,2986,1587,1399,309,168,141
12464,C4114,9,168,District - Hamirpur (37),All ages,1104285,593537,510748,894437,481373,413064,209848,112164,97684
12465,C4114,9,168,District - Hamirpur (37),0-4,101838,53896,47942,84666,44702,39964,17172,9194,7978
12466,C4114,9,168,District - Hamirpur (37),5-9,128013,67809,60204,105827,55806,50021,22186,12003,10183
12467,C4114,9,168,District - Hamirpur (37),10-14,137661,73057,64604,112917,59791,53126,24744,13266,11478
12468,C4114,9,168,District - Hamirpur (37),15-19,120501,67663,52838,96303,54275,42028,24198,13388,10810
12469,C4114,9,168,District - Hamirpur (37),20-24,93214,54530,38684,73106,43209,29897,20108,11321,8787
12470,C4114,9,168,District - Hamirpur (37),25-29,79547,43271,36276,62958,34438,28520,16589,8833,7756
12471,C4114,9,168,District - Hamirpur (37),30-34,73314,37519,35795,58604,30018,28586,14710,7501,7209
12472,C4114,9,168,District - Hamirpur (37),35-39,71822,37619,34203,57059,30021,27038,14763,7598,7165
12473,C4114,9,168,District - Hamirpur (37),40-44,62580,33093,29487,49766,26431,23335,12814,6662,6152
12474,C4114,9,168,District - Hamirpur (37),45-49,52652,28234,24418,41829,22433,19396,10823,5801,5022
12475,C4114,9,168,District - Hamirpur (37),50-54,41655,22881,18774,33148,18263,14885,8507,4618,3889
12476,C4114,9,168,District - Hamirpur (37),55-59,34213,17150,17063,27695,13775,13920,6518,3375,3143
12477,C4114,9,168,District - Hamirpur (37),60-64,34401,18046,16355,28619,14991,13628,5782,3055,2727
12478,C4114,9,168,District - Hamirpur (37),65-69,26275,13387,12888,22297,11402,10895,3978,1985,1993
12479,C4114,9,168,District - Hamirpur (37),70-74,20966,11596,9370,17875,9983,7892,3091,1613,1478
12480,C4114,9,168,District - Hamirpur (37),75-79,10212,5451,4761,8680,4657,4023,1532,794,738
12481,C4114,9,168,District - Hamirpur (37),80+,13387,7231,6156,11358,6235,5123,2029,996,1033
12482,C4114,9,168,District - Hamirpur (37),Age not stated,2034,1104,930,1730,943,787,304,161,143
12483,C4114,9,169,District - Mahoba (38),All ages,875958,466358,409600,690577,368009,322568,185381,98349,87032
12484,C4114,9,169,District - Mahoba (38),0-4,84218,44600,39618,68256,36148,32108,15962,8452,7510
12485,C4114,9,169,District - Mahoba (38),5-9,106441,55866,50575,85632,44822,40810,20809,11044,9765
12486,C4114,9,169,District - Mahoba (38),10-14,111656,59534,52122,89005,47430,41575,22651,12104,10547
12487,C4114,9,169,District - Mahoba (38),15-19,90352,49797,40555,69297,38484,30813,21055,11313,9742
12488,C4114,9,169,District - Mahoba (38),20-24,71018,39445,31573,54160,30180,23980,16858,9265,7593
12489,C4114,9,169,District - Mahoba (38),25-29,63382,33571,29811,49026,26022,23004,14356,7549,6807
12490,C4114,9,169,District - Mahoba (38),30-34,58154,29454,28700,45595,23056,22539,12559,6398,6161
12491,C4114,9,169,District - Mahoba (38),35-39,56690,29737,26953,44186,23251,20935,12504,6486,6018
12492,C4114,9,169,District - Mahoba (38),40-44,47364,25504,21860,36874,19886,16988,10490,5618,4872
12493,C4114,9,169,District - Mahoba (38),45-49,39186,20993,18193,30288,16317,13971,8898,4676,4222
12494,C4114,9,169,District - Mahoba (38),50-54,30728,17012,13716,23707,13111,10596,7021,3901,3120
12495,C4114,9,169,District - Mahoba (38),55-59,25406,12540,12866,19978,9761,10217,5428,2779,2649
12496,C4114,9,169,District - Mahoba (38),60-64,26877,14176,12701,21891,11525,10366,4986,2651,2335
12497,C4114,9,169,District - Mahoba (38),65-69,20037,10155,9882,16599,8416,8183,3438,1739,1699
12498,C4114,9,169,District - Mahoba (38),70-74,16093,8910,7183,13368,7491,5877,2725,1419,1306
12499,C4114,9,169,District - Mahoba (38),75-79,8045,4217,3828,6659,3512,3147,1386,705,681
12500,C4114,9,169,District - Mahoba (38),80+,10207,5382,4825,8248,4406,3842,1959,976,983
12501,C4114,9,169,District - Mahoba (38),Age not stated,10104,5465,4639,7808,4191,3617,2296,1274,1022
12502,C4114,9,170,District - Banda (39),All ages,1799410,965876,833534,1523655,819243,704412,275755,146633,129122
12503,C4114,9,170,District - Banda (39),0-4,195350,101953,93397,171882,89631,82251,23468,12322,11146
12504,C4114,9,170,District - Banda (39),5-9,236411,125217,111194,206330,109303,97027,30081,15914,14167
12505,C4114,9,170,District - Banda (39),10-14,238071,126811,111260,205476,109390,96086,32595,17421,15174
12506,C4114,9,170,District - Banda (39),15-19,180054,103999,76055,149003,87047,61956,31051,16952,14099
12507,C4114,9,170,District - Banda (39),20-24,142223,83118,59105,115922,68387,47535,26301,14731,11570
12508,C4114,9,170,District - Banda (39),25-29,128323,68309,60014,105730,56426,49304,22593,11883,10710
12509,C4114,9,170,District - Banda (39),30-34,119393,60601,58792,99914,50567,49347,19479,10034,9445
12510,C4114,9,170,District - Banda (39),35-39,115510,60190,55320,96460,50433,46027,19050,9757,9293
12511,C4114,9,170,District - Banda (39),40-44,96312,51931,44381,79717,43094,36623,16595,8837,7758
12512,C4114,9,170,District - Banda (39),45-49,77312,41209,36103,63434,33838,29596,13878,7371,6507
12513,C4114,9,170,District - Banda (39),50-54,60522,33576,26946,49580,27558,22022,10942,6018,4924
12514,C4114,9,170,District - Banda (39),55-59,49002,23866,25136,40455,19392,21063,8547,4474,4073
12515,C4114,9,170,District - Banda (39),60-64,52866,27250,25616,45413,23332,22081,7453,3918,3535
12516,C4114,9,170,District - Banda (39),65-69,40371,20642,19729,35100,17942,17158,5271,2700,2571
12517,C4114,9,170,District - Banda (39),70-74,31755,17674,14081,27843,15645,12198,3912,2029,1883
12518,C4114,9,170,District - Banda (39),75-79,14078,7493,6585,12241,6562,5679,1837,931,906
12519,C4114,9,170,District - Banda (39),80+,16716,9162,7554,14482,8070,6412,2234,1092,1142
12520,C4114,9,170,District - Banda (39),Age not stated,5141,2875,2266,4673,2626,2047,468,249,219
12521,C4114,9,171,District - Chitrakoot (40),All ages,991730,527721,464009,895398,476794,418604,96332,50927,45405
12522,C4114,9,171,District - Chitrakoot (40),0-4,116022,60425,55597,107524,55923,51601,8498,4502,3996
12523,C4114,9,171,District - Chitrakoot (40),5-9,138722,72982,65740,127475,67070,60405,11247,5912,5335
12524,C4114,9,171,District - Chitrakoot (40),10-14,136346,72079,64267,124287,65779,58508,12059,6300,5759
12525,C4114,9,171,District - Chitrakoot (40),15-19,99594,56814,42780,88508,50804,37704,11086,6010,5076
12526,C4114,9,171,District - Chitrakoot (40),20-24,77556,43587,33969,68402,38488,29914,9154,5099,4055
12527,C4114,9,171,District - Chitrakoot (40),25-29,69806,36441,33365,62144,32373,29771,7662,4068,3594
12528,C4114,9,171,District - Chitrakoot (40),30-34,65591,32902,32689,58886,29427,29459,6705,3475,3230
12529,C4114,9,171,District - Chitrakoot (40),35-39,60746,31724,29022,54426,28489,25937,6320,3235,3085
12530,C4114,9,171,District - Chitrakoot (40),40-44,48739,26186,22553,43207,23277,19930,5532,2909,2623
12531,C4114,9,171,District - Chitrakoot (40),45-49,39152,20588,18564,34558,18192,16366,4594,2396,2198
12532,C4114,9,171,District - Chitrakoot (40),50-54,30818,17073,13745,27068,15034,12034,3750,2039,1711
12533,C4114,9,171,District - Chitrakoot (40),55-59,25491,12323,13168,22772,10897,11875,2719,1426,1293
12534,C4114,9,171,District - Chitrakoot (40),60-64,28269,14585,13684,25742,13317,12425,2527,1268,1259
12535,C4114,9,171,District - Chitrakoot (40),65-69,21124,11115,10009,19403,10264,9139,1721,851,870
12536,C4114,9,171,District - Chitrakoot (40),70-74,15718,9062,6656,14435,8368,6067,1283,694,589
12537,C4114,9,171,District - Chitrakoot (40),75-79,6908,3732,3176,6345,3456,2889,563,276,287
12538,C4114,9,171,District - Chitrakoot (40),80+,8341,4631,3710,7568,4236,3332,773,395,378
12539,C4114,9,171,District - Chitrakoot (40),Age not stated,2787,1472,1315,2648,1400,1248,139,72,67
12540,C4114,9,172,District - Fatehpur (41),All ages,2632733,1384722,1248011,2310740,1215690,1095050,321993,169032,152961
12541,C4114,9,172,District - Fatehpur (41),0-4,255450,133425,122025,229314,119609,109705,26136,13816,12320
12542,C4114,9,172,District - Fatehpur (41),5-9,326040,171843,154197,291745,153655,138090,34295,18188,16107
12543,C4114,9,172,District - Fatehpur (41),10-14,343215,180601,162614,305616,160828,144788,37599,19773,17826
12544,C4114,9,172,District - Fatehpur (41),15-19,300863,160891,139972,261863,140269,121594,39000,20622,18378
12545,C4114,9,172,District - Fatehpur (41),20-24,217301,123116,94185,185307,105601,79706,31994,17515,14479
12546,C4114,9,172,District - Fatehpur (41),25-29,181961,95341,86620,156085,81770,74315,25876,13571,12305
12547,C4114,9,172,District - Fatehpur (41),30-34,169221,83619,85602,146533,72337,74196,22688,11282,11406
12548,C4114,9,172,District - Fatehpur (41),35-39,168726,86048,82678,146303,74733,71570,22423,11315,11108
12549,C4114,9,172,District - Fatehpur (41),40-44,145099,76042,69057,125602,65902,59700,19497,10140,9357
12550,C4114,9,172,District - Fatehpur (41),45-49,120785,64018,56767,104161,55135,49026,16624,8883,7741
12551,C4114,9,172,District - Fatehpur (41),50-54,93577,50763,42814,81004,43856,37148,12573,6907,5666
12552,C4114,9,172,District - Fatehpur (41),55-59,77375,37359,40016,67645,32509,35136,9730,4850,4880
12553,C4114,9,172,District - Fatehpur (41),60-64,82244,42437,39807,73294,37765,35529,8950,4672,4278
12554,C4114,9,172,District - Fatehpur (41),65-69,57963,29393,28570,52070,26439,25631,5893,2954,2939
12555,C4114,9,172,District - Fatehpur (41),70-74,42665,23312,19353,38629,21157,17472,4036,2155,1881
12556,C4114,9,172,District - Fatehpur (41),75-79,18464,9655,8809,16774,8792,7982,1690,863,827
12557,C4114,9,172,District - Fatehpur (41),80+,23259,12310,10949,21003,11172,9831,2256,1138,1118
12558,C4114,9,172,District - Fatehpur (41),Age not stated,8525,4549,3976,7792,4161,3631,733,388,345
12559,C4114,9,173,District - Pratapgarh (42),All ages,3209141,1606085,1603056,3033899,1515583,1518316,175242,90502,84740
12560,C4114,9,173,District - Pratapgarh (42),0-4,291020,151016,140004,276983,143669,133314,14037,7347,6690
12561,C4114,9,173,District - Pratapgarh (42),5-9,401775,209824,191951,383272,200170,183102,18503,9654,8849
12562,C4114,9,173,District - Pratapgarh (42),10-14,434350,225198,209152,414174,214589,199585,20176,10609,9567
12563,C4114,9,173,District - Pratapgarh (42),15-19,391921,194794,197127,370547,183700,186847,21374,11094,10280
12564,C4114,9,173,District - Pratapgarh (42),20-24,262655,131349,131306,245066,122069,122997,17589,9280,8309
12565,C4114,9,173,District - Pratapgarh (42),25-29,220848,104917,115931,206349,97545,108804,14499,7372,7127
12566,C4114,9,173,District - Pratapgarh (42),30-34,203114,93884,109230,190525,87582,102943,12589,6302,6287
12567,C4114,9,173,District - Pratapgarh (42),35-39,198196,94396,103800,186594,88573,98021,11602,5823,5779
12568,C4114,9,173,District - Pratapgarh (42),40-44,163046,79873,83173,153060,74675,78385,9986,5198,4788
12569,C4114,9,173,District - Pratapgarh (42),45-49,139371,67580,71791,130841,63321,67520,8530,4259,4271
12570,C4114,9,173,District - Pratapgarh (42),50-54,111651,57433,54218,104826,53766,51060,6825,3667,3158
12571,C4114,9,173,District - Pratapgarh (42),55-59,95320,44340,50980,89891,41727,48164,5429,2613,2816
12572,C4114,9,173,District - Pratapgarh (42),60-64,100044,50611,49433,94937,47970,46967,5107,2641,2466
12573,C4114,9,173,District - Pratapgarh (42),65-69,69828,34636,35192,66584,32979,33605,3244,1657,1587
12574,C4114,9,173,District - Pratapgarh (42),70-74,54327,28850,25477,52018,27651,24367,2309,1199,1110
12575,C4114,9,173,District - Pratapgarh (42),75-79,25433,12943,12490,24372,12411,11961,1061,532,529
12576,C4114,9,173,District - Pratapgarh (42),80+,35494,18370,17124,33958,17607,16351,1536,763,773
12577,C4114,9,173,District - Pratapgarh (42),Age not stated,10748,6071,4677,9902,5579,4323,846,492,354
12578,C4114,9,174,District - Kaushambi (43),All ages,1599596,838485,761111,1475140,773335,701805,124456,65150,59306
12579,C4114,9,174,District - Kaushambi (43),0-4,177787,91953,85834,165791,85722,80069,11996,6231,5765
12580,C4114,9,174,District - Kaushambi (43),5-9,224038,116970,107068,208609,108864,99745,15429,8106,7323
12581,C4114,9,174,District - Kaushambi (43),10-14,221913,116681,105232,205603,108206,97397,16310,8475,7835
12582,C4114,9,174,District - Kaushambi (43),15-19,177921,96436,81485,162828,88467,74361,15093,7969,7124
12583,C4114,9,174,District - Kaushambi (43),20-24,123514,70064,53450,112010,63685,48325,11504,6379,5125
12584,C4114,9,174,District - Kaushambi (43),25-29,108926,55911,53015,99393,50903,48490,9533,5008,4525
12585,C4114,9,174,District - Kaushambi (43),30-34,101545,50459,51086,93256,46251,47005,8289,4208,4081
12586,C4114,9,174,District - Kaushambi (43),35-39,95843,49407,46436,88029,45429,42600,7814,3978,3836
12587,C4114,9,174,District - Kaushambi (43),40-44,76437,40251,36186,69909,36857,33052,6528,3394,3134
12588,C4114,9,174,District - Kaushambi (43),45-49,62576,32418,30158,56978,29486,27492,5598,2932,2666
12589,C4114,9,174,District - Kaushambi (43),50-54,47190,25920,21270,43115,23657,19458,4075,2263,1812
12590,C4114,9,174,District - Kaushambi (43),55-59,40525,18330,22195,37301,16759,20542,3224,1571,1653
12591,C4114,9,174,District - Kaushambi (43),60-64,46908,24078,22830,43590,22378,21212,3318,1700,1618
12592,C4114,9,174,District - Kaushambi (43),65-69,31324,15819,15505,29068,14716,14352,2256,1103,1153
12593,C4114,9,174,District - Kaushambi (43),70-74,22307,12175,10132,20785,11378,9407,1522,797,725
12594,C4114,9,174,District - Kaushambi (43),75-79,9213,4700,4513,8562,4372,4190,651,328,323
12595,C4114,9,174,District - Kaushambi (43),80+,13089,7000,6089,12227,6552,5675,862,448,414
12596,C4114,9,174,District - Kaushambi (43),Age not stated,18540,9913,8627,18086,9653,8433,454,260,194
12597,C4114,9,175,District - Allahabad  (44),All ages,5954391,3131807,2822584,4481518,2340959,2140559,1472873,790848,682025
12598,C4114,9,175,District - Allahabad  (44),0-4,581819,305961,275858,474076,248694,225382,107743,57267,50476
12599,C4114,9,175,District - Allahabad  (44),5-9,736361,390443,345918,602036,318696,283340,134325,71747,62578
12600,C4114,9,175,District - Allahabad  (44),10-14,754726,397464,357262,606758,318366,288392,147968,79098,68870
12601,C4114,9,175,District - Allahabad  (44),15-19,694755,372911,321844,524707,280003,244704,170048,92908,77140
12602,C4114,9,175,District - Allahabad  (44),20-24,541676,294863,246813,380384,204925,175459,161292,89938,71354
12603,C4114,9,175,District - Allahabad  (44),25-29,455067,235055,220012,320565,162944,157621,134502,72111,62391
12604,C4114,9,175,District - Allahabad  (44),30-34,392999,197830,195169,281542,138941,142601,111457,58889,52568
12605,C4114,9,175,District - Allahabad  (44),35-39,377195,193427,183768,271196,137937,133259,105999,55490,50509
12606,C4114,9,175,District - Allahabad  (44),40-44,305313,159422,145891,216562,112337,104225,88751,47085,41666
12607,C4114,9,175,District - Allahabad  (44),45-49,259717,134804,124913,180457,93306,87151,79260,41498,37762
12608,C4114,9,175,District - Allahabad  (44),50-54,200019,108208,91811,136154,73332,62822,63865,34876,28989
12609,C4114,9,175,District - Allahabad  (44),55-59,166945,81915,85030,116614,55057,61557,50331,26858,23473
12610,C4114,9,175,District - Allahabad  (44),60-64,165873,86585,79288,123294,63683,59611,42579,22902,19677
12611,C4114,9,175,District - Allahabad  (44),65-69,111881,58103,53778,84490,43508,40982,27391,14595,12796
12612,C4114,9,175,District - Allahabad  (44),70-74,78881,43772,35109,59413,33121,26292,19468,10651,8817
12613,C4114,9,175,District - Allahabad  (44),75-79,36694,19346,17348,27096,14152,12944,9598,5194,4404
12614,C4114,9,175,District - Allahabad  (44),80+,57844,30648,27196,43287,23184,20103,14557,7464,7093
12615,C4114,9,175,District - Allahabad  (44),Age not stated,36626,21050,15576,32887,18773,14114,3739,2277,1462
12616,C4114,9,176,District - Bara Banki (45),All ages,3260699,1707073,1553626,2929896,1533455,1396441,330803,173618,157185
12617,C4114,9,176,District - Bara Banki (45),0-4,342718,176013,166705,313394,160844,152550,29324,15169,14155
12618,C4114,9,176,District - Bara Banki (45),5-9,423040,220416,202624,385283,200637,184646,37757,19779,17978
12619,C4114,9,176,District - Bara Banki (45),10-14,418506,219305,199201,378785,198215,180570,39721,21090,18631
12620,C4114,9,176,District - Bara Banki (45),15-19,361364,190581,170783,321275,169643,151632,40089,20938,19151
12621,C4114,9,176,District - Bara Banki (45),20-24,270794,146348,124446,238320,128586,109734,32474,17762,14712
12622,C4114,9,176,District - Bara Banki (45),25-29,226913,118991,107922,201334,105464,95870,25579,13527,12052
12623,C4114,9,176,District - Bara Banki (45),30-34,209023,105983,103040,186762,94620,92142,22261,11363,10898
12624,C4114,9,176,District - Bara Banki (45),35-39,205910,108721,97189,184127,97503,86624,21783,11218,10565
12625,C4114,9,176,District - Bara Banki (45),40-44,164567,89946,74621,146426,80333,66093,18141,9613,8528
12626,C4114,9,176,District - Bara Banki (45),45-49,129994,69769,60225,114679,61604,53075,15315,8165,7150
12627,C4114,9,176,District - Bara Banki (45),50-54,99185,54717,44468,87599,48508,39091,11586,6209,5377
12628,C4114,9,176,District - Bara Banki (45),55-59,83878,39130,44748,74670,34525,40145,9208,4605,4603
12629,C4114,9,176,District - Bara Banki (45),60-64,98833,50452,48381,90241,46144,44097,8592,4308,4284
12630,C4114,9,176,District - Bara Banki (45),65-69,67786,34704,33082,62253,31861,30392,5533,2843,2690
12631,C4114,9,176,District - Bara Banki (45),70-74,46845,24490,22355,43030,22524,20506,3815,1966,1849
12632,C4114,9,176,District - Bara Banki (45),75-79,19146,9464,9682,17500,8672,8828,1646,792,854
12633,C4114,9,176,District - Bara Banki (45),80+,29596,14553,15043,27115,13388,13727,2481,1165,1316
12634,C4114,9,176,District - Bara Banki (45),Age not stated,62601,33490,29111,57103,30384,26719,5498,3106,2392
12635,C4114,9,177,District - Faizabad (46),All ages,2470996,1259628,1211368,2130743,1079257,1051486,340253,180371,159882
12636,C4114,9,177,District - Faizabad (46),0-4,235429,121120,114309,210441,108001,102440,24988,13119,11869
12637,C4114,9,177,District - Faizabad (46),5-9,303041,157790,145251,270522,140671,129851,32519,17119,15400
12638,C4114,9,177,District - Faizabad (46),10-14,317092,163715,153377,280986,144737,136249,36106,18978,17128
12639,C4114,9,177,District - Faizabad (46),15-19,290637,146066,144571,250442,124831,125611,40195,21235,18960
12640,C4114,9,177,District - Faizabad (46),20-24,213055,108201,104854,177712,89021,88691,35343,19180,16163
12641,C4114,9,177,District - Faizabad (46),25-29,175578,87695,87883,146761,72521,74240,28817,15174,13643
12642,C4114,9,177,District - Faizabad (46),30-34,158575,77039,81536,134846,64586,70260,23729,12453,11276
12643,C4114,9,177,District - Faizabad (46),35-39,154799,78415,76384,131772,66403,65369,23027,12012,11015
12644,C4114,9,177,District - Faizabad (46),40-44,125304,64461,60843,105892,54247,51645,19412,10214,9198
12645,C4114,9,177,District - Faizabad (46),45-49,104470,53803,50667,87369,44717,42652,17101,9086,8015
12646,C4114,9,177,District - Faizabad (46),50-54,83657,43962,39695,70276,36771,33505,13381,7191,6190
12647,C4114,9,177,District - Faizabad (46),55-59,71318,34577,36741,60683,28897,31786,10635,5680,4955
12648,C4114,9,177,District - Faizabad (46),60-64,76720,38679,38041,67410,33742,33668,9310,4937,4373
12649,C4114,9,177,District - Faizabad (46),65-69,55430,28504,26926,48977,25134,23843,6453,3370,3083
12650,C4114,9,177,District - Faizabad (46),70-74,39800,21162,18638,34922,18530,16392,4878,2632,2246
12651,C4114,9,177,District - Faizabad (46),75-79,16942,8590,8352,14687,7355,7332,2255,1235,1020
12652,C4114,9,177,District - Faizabad (46),80+,23465,11985,11480,20147,10241,9906,3318,1744,1574
12653,C4114,9,177,District - Faizabad (46),Age not stated,25684,13864,11820,16898,8852,8046,8786,5012,3774
12654,C4114,9,178,District - Ambedkar Nagar (47),All ages,2397888,1212410,1185478,2117158,1067762,1049396,280730,144648,136082
12655,C4114,9,178,District - Ambedkar Nagar (47),0-4,218466,112365,106101,194620,100156,94464,23846,12209,11637
12656,C4114,9,178,District - Ambedkar Nagar (47),5-9,297824,154650,143174,265252,137763,127489,32572,16887,15685
12657,C4114,9,178,District - Ambedkar Nagar (47),10-14,314511,161299,153212,279314,143013,136301,35197,18286,16911
12658,C4114,9,178,District - Ambedkar Nagar (47),15-19,295632,146637,148995,259092,128120,130972,36540,18517,18023
12659,C4114,9,178,District - Ambedkar Nagar (47),20-24,208988,103438,105550,179942,88332,91610,29046,15106,13940
12660,C4114,9,178,District - Ambedkar Nagar (47),25-29,164073,80772,83301,142523,69625,72898,21550,11147,10403
12661,C4114,9,178,District - Ambedkar Nagar (47),30-34,148295,69859,78436,130367,60942,69425,17928,8917,9011
12662,C4114,9,178,District - Ambedkar Nagar (47),35-39,147499,73214,74285,129786,64184,65602,17713,9030,8683
12663,C4114,9,178,District - Ambedkar Nagar (47),40-44,119923,60617,59306,105313,53055,52258,14610,7562,7048
12664,C4114,9,178,District - Ambedkar Nagar (47),45-49,99512,51377,48135,87314,44869,42445,12198,6508,5690
12665,C4114,9,178,District - Ambedkar Nagar (47),50-54,77499,40734,36765,68071,35747,32324,9428,4987,4441
12666,C4114,9,178,District - Ambedkar Nagar (47),55-59,68179,33070,35109,60209,29089,31120,7970,3981,3989
12667,C4114,9,178,District - Ambedkar Nagar (47),60-64,76704,38611,38093,69386,34787,34599,7318,3824,3494
12668,C4114,9,178,District - Ambedkar Nagar (47),65-69,58321,30502,27819,53161,27875,25286,5160,2627,2533
12669,C4114,9,178,District - Ambedkar Nagar (47),70-74,41651,23140,18511,38131,21229,16902,3520,1911,1609
12670,C4114,9,178,District - Ambedkar Nagar (47),75-79,18650,9815,8835,17053,9012,8041,1597,803,794
12671,C4114,9,178,District - Ambedkar Nagar (47),80+,26230,13678,12552,23859,12506,11353,2371,1172,1199
12672,C4114,9,178,District - Ambedkar Nagar (47),Age not stated,15931,8632,7299,13765,7458,6307,2166,1174,992
12673,C4114,9,179,District - Sultanpur (48),All ages,3797117,1914586,1882531,3597201,1810496,1786705,199916,104090,95826
12674,C4114,9,179,District - Sultanpur (48),0-4,366307,189130,177177,350818,180992,169826,15489,8138,7351
12675,C4114,9,179,District - Sultanpur (48),5-9,478643,249853,228790,457635,238785,218850,21008,11068,9940
12676,C4114,9,179,District - Sultanpur (48),10-14,501628,258893,242735,478434,246700,231734,23194,12193,11001
12677,C4114,9,179,District - Sultanpur (48),15-19,447781,224726,223055,423301,211898,211403,24480,12828,11652
12678,C4114,9,179,District - Sultanpur (48),20-24,316021,156531,159490,295168,145441,149727,20853,11090,9763
12679,C4114,9,179,District - Sultanpur (48),25-29,266495,129232,137263,249885,120673,129212,16610,8559,8051
12680,C4114,9,179,District - Sultanpur (48),30-34,242916,113909,129007,228720,106791,121929,14196,7118,7078
12681,C4114,9,179,District - Sultanpur (48),35-39,235665,115986,119679,222345,109361,112984,13320,6625,6695
12682,C4114,9,179,District - Sultanpur (48),40-44,190261,96569,93692,178564,90614,87950,11697,5955,5742
12683,C4114,9,179,District - Sultanpur (48),45-49,159380,80270,79110,148973,74814,74159,10407,5456,4951
12684,C4114,9,179,District - Sultanpur (48),50-54,127558,66678,60880,119292,62146,57146,8266,4532,3734
12685,C4114,9,179,District - Sultanpur (48),55-59,109754,51582,58172,103631,48389,55242,6123,3193,2930
12686,C4114,9,179,District - Sultanpur (48),60-64,122071,61392,60679,116774,58632,58142,5297,2760,2537
12687,C4114,9,179,District - Sultanpur (48),65-69,88011,44601,43410,84538,42818,41720,3473,1783,1690
12688,C4114,9,179,District - Sultanpur (48),70-74,64721,34637,30084,62290,33408,28882,2431,1229,1202
12689,C4114,9,179,District - Sultanpur (48),75-79,28330,14379,13951,27217,13796,13421,1113,583,530
12690,C4114,9,179,District - Sultanpur (48),80+,39719,20238,19481,38125,19446,18679,1594,792,802
12691,C4114,9,179,District - Sultanpur (48),Age not stated,11856,5980,5876,11491,5792,5699,365,188,177
12692,C4114,9,180,District - Bahraich (49),All ages,3487731,1843884,1643847,3203687,1695122,1508565,284044,148762,135282
12693,C4114,9,180,District - Bahraich (49),0-4,433627,222842,210785,407477,209273,198204,26150,13569,12581
12694,C4114,9,180,District - Bahraich (49),5-9,512714,268444,244270,479131,250816,228315,33583,17628,15955
12695,C4114,9,180,District - Bahraich (49),10-14,453980,244855,209125,419604,226695,192909,34376,18160,16216
12696,C4114,9,180,District - Bahraich (49),15-19,342884,193005,149879,308112,174426,133686,34772,18579,16193
12697,C4114,9,180,District - Bahraich (49),20-24,273936,145611,128325,245578,130257,115321,28358,15354,13004
12698,C4114,9,180,District - Bahraich (49),25-29,258605,132082,126523,235281,119945,115336,23324,12137,11187
12699,C4114,9,180,District - Bahraich (49),30-34,236337,120100,116237,217106,110352,106754,19231,9748,9483
12700,C4114,9,180,District - Bahraich (49),35-39,219336,115279,104057,200464,105642,94822,18872,9637,9235
12701,C4114,9,180,District - Bahraich (49),40-44,166933,92292,74641,151660,84332,67328,15273,7960,7313
12702,C4114,9,180,District - Bahraich (49),45-49,131740,68666,63074,118766,61907,56859,12974,6759,6215
12703,C4114,9,180,District - Bahraich (49),50-54,102146,57317,44829,92285,52004,40281,9861,5313,4548
12704,C4114,9,180,District - Bahraich (49),55-59,85500,39069,46431,77795,35224,42571,7705,3845,3860
12705,C4114,9,180,District - Bahraich (49),60-64,100223,52509,47714,92871,48744,44127,7352,3765,3587
12706,C4114,9,180,District - Bahraich (49),65-69,66879,35093,31786,62484,32810,29674,4395,2283,2112
12707,C4114,9,180,District - Bahraich (49),70-74,46701,26314,20387,43838,24858,18980,2863,1456,1407
12708,C4114,9,180,District - Bahraich (49),75-79,18518,9565,8953,17284,8966,8318,1234,599,635
12709,C4114,9,180,District - Bahraich (49),80+,26275,13840,12435,24498,12982,11516,1777,858,919
12710,C4114,9,180,District - Bahraich (49),Age not stated,11397,7001,4396,9453,5889,3564,1944,1112,832
12711,C4114,9,181,District - Shrawasti (50),All ages,1117361,593897,523464,1078712,573681,505031,38649,20216,18433
12712,C4114,9,181,District - Shrawasti (50),0-4,141414,72475,68939,137622,70557,67065,3792,1918,1874
12713,C4114,9,181,District - Shrawasti (50),5-9,163248,86626,76622,158338,84045,74293,4910,2581,2329
12714,C4114,9,181,District - Shrawasti (50),10-14,141375,77538,63837,136472,74956,61516,4903,2582,2321
12715,C4114,9,181,District - Shrawasti (50),15-19,102531,57991,44540,97770,55481,42289,4761,2510,2251
12716,C4114,9,181,District - Shrawasti (50),20-24,88622,46179,42443,84840,44148,40692,3782,2031,1751
12717,C4114,9,181,District - Shrawasti (50),25-29,86253,44141,42112,83227,42557,40670,3026,1584,1442
12718,C4114,9,181,District - Shrawasti (50),30-34,76251,38866,37385,73782,37646,36136,2469,1220,1249
12719,C4114,9,181,District - Shrawasti (50),35-39,70059,36849,33210,67484,35524,31960,2575,1325,1250
12720,C4114,9,181,District - Shrawasti (50),40-44,54330,30032,24298,52289,28924,23365,2041,1108,933
12721,C4114,9,181,District - Shrawasti (50),45-49,44458,22851,21607,42844,22016,20828,1614,835,779
12722,C4114,9,181,District - Shrawasti (50),50-54,35493,20464,15029,34179,19737,14442,1314,727,587
12723,C4114,9,181,District - Shrawasti (50),55-59,27699,13167,14532,26728,12691,14037,971,476,495
12724,C4114,9,181,District - Shrawasti (50),60-64,29638,16407,13231,28690,15885,12805,948,522,426
12725,C4114,9,181,District - Shrawasti (50),65-69,20020,10217,9803,19453,9930,9523,567,287,280
12726,C4114,9,181,District - Shrawasti (50),70-74,15846,9250,6596,15426,9023,6403,420,227,193
12727,C4114,9,181,District - Shrawasti (50),75-79,6097,3233,2864,5934,3153,2781,163,80,83
12728,C4114,9,181,District - Shrawasti (50),80+,9186,5092,4094,8920,4956,3964,266,136,130
12729,C4114,9,181,District - Shrawasti (50),Age not stated,4841,2519,2322,4714,2452,2262,127,67,60
12730,C4114,9,182,District - Balrampur (51),All ages,2148665,1114721,1033944,1982274,1027943,954331,166391,86778,79613
12731,C4114,9,182,District - Balrampur (51),0-4,259044,131789,127255,243878,124084,119794,15166,7705,7461
12732,C4114,9,182,District - Balrampur (51),5-9,322360,168025,154335,301738,157274,144464,20622,10751,9871
12733,C4114,9,182,District - Balrampur (51),10-14,289199,153657,135542,268098,142665,125433,21101,10992,10109
12734,C4114,9,182,District - Balrampur (51),15-19,223567,117153,106414,202759,106219,96540,20808,10934,9874
12735,C4114,9,182,District - Balrampur (51),20-24,169110,87080,82030,152690,78157,74533,16420,8923,7497
12736,C4114,9,182,District - Balrampur (51),25-29,151933,76408,75525,138803,69436,69367,13130,6972,6158
12737,C4114,9,182,District - Balrampur (51),30-34,132088,65056,67032,121213,59540,61673,10875,5516,5359
12738,C4114,9,182,District - Balrampur (51),35-39,126517,64276,62241,115904,58860,57044,10613,5416,5197
12739,C4114,9,182,District - Balrampur (51),40-44,99190,52924,46266,90606,48420,42186,8584,4504,4080
12740,C4114,9,182,District - Balrampur (51),45-49,84544,42644,41900,77109,38811,38298,7435,3833,3602
12741,C4114,9,182,District - Balrampur (51),50-54,67624,37581,30043,61732,34485,27247,5892,3096,2796
12742,C4114,9,182,District - Balrampur (51),55-59,57200,27712,29488,52574,25322,27252,4626,2390,2236
12743,C4114,9,182,District - Balrampur (51),60-64,59015,32259,26756,54854,30074,24780,4161,2185,1976
12744,C4114,9,182,District - Balrampur (51),65-69,41034,21632,19402,38351,20227,18124,2683,1405,1278
12745,C4114,9,182,District - Balrampur (51),70-74,29730,17297,12433,27898,16326,11572,1832,971,861
12746,C4114,9,182,District - Balrampur (51),75-79,12011,6225,5786,11223,5829,5394,788,396,392
12747,C4114,9,182,District - Balrampur (51),80+,17333,9343,7990,16184,8807,7377,1149,536,613
12748,C4114,9,182,District - Balrampur (51),Age not stated,7166,3660,3506,6660,3407,3253,506,253,253
12749,C4114,9,183,District - Gonda (52),All ages,3433919,1787146,1646773,3208890,1669058,1539832,225029,118088,106941
12750,C4114,9,183,District - Gonda (52),0-4,374592,193343,181249,356153,183848,172305,18439,9495,8944
12751,C4114,9,183,District - Gonda (52),5-9,478369,250847,227522,453760,237719,216041,24609,13128,11481
12752,C4114,9,183,District - Gonda (52),10-14,455948,240736,215212,429435,226763,202672,26513,13973,12540
12753,C4114,9,183,District - Gonda (52),15-19,374033,199296,174737,345345,183977,161368,28688,15319,13369
12754,C4114,9,183,District - Gonda (52),20-24,286212,148915,137297,262330,135840,126490,23882,13075,10807
12755,C4114,9,183,District - Gonda (52),25-29,253924,127786,126138,235195,117961,117234,18729,9825,8904
12756,C4114,9,183,District - Gonda (52),30-34,223509,111053,112456,208376,103426,104950,15133,7627,7506
12757,C4114,9,183,District - Gonda (52),35-39,209818,107416,102402,195101,100046,95055,14717,7370,7347
12758,C4114,9,183,District - Gonda (52),40-44,164034,87301,76733,151181,80792,70389,12853,6509,6344
12759,C4114,9,183,District - Gonda (52),45-49,137542,69641,67901,125789,63576,62213,11753,6065,5688
12760,C4114,9,183,District - Gonda (52),50-54,110883,61058,49825,102050,56174,45876,8833,4884,3949
12761,C4114,9,183,District - Gonda (52),55-59,89995,42750,47245,83922,39594,44328,6073,3156,2917
12762,C4114,9,183,District - Gonda (52),60-64,98213,52107,46106,92909,49348,43561,5304,2759,2545
12763,C4114,9,183,District - Gonda (52),65-69,65760,34330,31430,62532,32659,29873,3228,1671,1557
12764,C4114,9,183,District - Gonda (52),70-74,49303,27596,21707,47053,26425,20628,2250,1171,1079
12765,C4114,9,183,District - Gonda (52),75-79,20138,10350,9788,19208,9879,9329,930,471,459
12766,C4114,9,183,District - Gonda (52),80+,30292,15908,14384,28787,15183,13604,1505,725,780
12767,C4114,9,183,District - Gonda (52),Age not stated,11354,6713,4641,9764,5848,3916,1590,865,725
12768,C4114,9,184,District - Siddharthnagar (53),All ages,2559297,1295095,1264202,2398606,1212141,1186465,160691,82954,77737
12769,C4114,9,184,District - Siddharthnagar (53),0-4,320484,164995,155489,303841,156291,147550,16643,8704,7939
12770,C4114,9,184,District - Siddharthnagar (53),5-9,384277,199384,184893,363334,188571,174763,20943,10813,10130
12771,C4114,9,184,District - Siddharthnagar (53),10-14,347043,178250,168793,326227,167599,158628,20816,10651,10165
12772,C4114,9,184,District - Siddharthnagar (53),15-19,267015,131641,135374,247283,121606,125677,19732,10035,9697
12773,C4114,9,184,District - Siddharthnagar (53),20-24,195854,95507,100347,180573,87378,93195,15281,8129,7152
12774,C4114,9,184,District - Siddharthnagar (53),25-29,175723,84427,91296,163294,78067,85227,12429,6360,6069
12775,C4114,9,184,District - Siddharthnagar (53),30-34,151764,71947,79817,141226,66651,74575,10538,5296,5242
12776,C4114,9,184,District - Siddharthnagar (53),35-39,144438,70583,73855,134855,65597,69258,9583,4986,4597
12777,C4114,9,184,District - Siddharthnagar (53),40-44,111945,57329,54616,104286,53362,50924,7659,3967,3692
12778,C4114,9,184,District - Siddharthnagar (53),45-49,95855,47708,48147,89338,44355,44983,6517,3353,3164
12779,C4114,9,184,District - Siddharthnagar (53),50-54,76414,41282,35132,71273,38517,32756,5141,2765,2376
12780,C4114,9,184,District - Siddharthnagar (53),55-59,71019,32585,38434,66623,30446,36177,4396,2139,2257
12781,C4114,9,184,District - Siddharthnagar (53),60-64,83925,44985,38940,79569,42724,36845,4356,2261,2095
12782,C4114,9,184,District - Siddharthnagar (53),65-69,55096,30233,24863,52304,28761,23543,2792,1472,1320
12783,C4114,9,184,District - Siddharthnagar (53),70-74,37752,22294,15458,35911,21307,14604,1841,987,854
12784,C4114,9,184,District - Siddharthnagar (53),75-79,15108,8198,6910,14297,7763,6534,811,435,376
12785,C4114,9,184,District - Siddharthnagar (53),80+,20663,11229,9434,19547,10671,8876,1116,558,558
12786,C4114,9,184,District - Siddharthnagar (53),Age not stated,4922,2518,2404,4825,2475,2350,97,43,54
12787,C4114,9,185,District - Basti (54),All ages,2464464,1255272,1209192,2326367,1182846,1143521,138097,72426,65671
12788,C4114,9,185,District - Basti (54),0-4,254097,130914,123183,243449,125349,118100,10648,5565,5083
12789,C4114,9,185,District - Basti (54),5-9,330056,171577,158479,316131,164211,151920,13925,7366,6559
12790,C4114,9,185,District - Basti (54),10-14,332828,172020,160808,317527,163907,153620,15301,8113,7188
12791,C4114,9,185,District - Basti (54),15-19,282348,142241,140107,265195,133047,132148,17153,9194,7959
12792,C4114,9,185,District - Basti (54),20-24,202836,100983,101853,188130,93272,94858,14706,7711,6995
12793,C4114,9,185,District - Basti (54),25-29,171872,83929,87943,160029,77760,82269,11843,6169,5674
12794,C4114,9,185,District - Basti (54),30-34,154207,72961,81246,143951,67770,76181,10256,5191,5065
12795,C4114,9,185,District - Basti (54),35-39,149121,73981,75140,139442,69024,70418,9679,4957,4722
12796,C4114,9,185,District - Basti (54),40-44,117130,60543,56587,109188,56281,52907,7942,4262,3680
12797,C4114,9,185,District - Basti (54),45-49,98807,49901,48906,91900,46309,45591,6907,3592,3315
12798,C4114,9,185,District - Basti (54),50-54,80664,43194,37470,75290,40343,34947,5374,2851,2523
12799,C4114,9,185,District - Basti (54),55-59,71742,34049,37693,67263,31776,35487,4479,2273,2206
12800,C4114,9,185,District - Basti (54),60-64,81023,43199,37824,77074,41133,35941,3949,2066,1883
12801,C4114,9,185,District - Basti (54),65-69,53706,28966,24740,51215,27644,23571,2491,1322,1169
12802,C4114,9,185,District - Basti (54),70-74,38989,22436,16553,37301,21536,15765,1688,900,788
12803,C4114,9,185,District - Basti (54),75-79,16265,8824,7441,15476,8427,7049,789,397,392
12804,C4114,9,185,District - Basti (54),80+,21502,11816,9686,20601,11360,9241,901,456,445
12805,C4114,9,185,District - Basti (54),Age not stated,7271,3738,3533,7205,3697,3508,66,41,25
12806,C4114,9,186,District - Sant Kabir Nagar (55),All ages,1715183,869656,845527,1586652,802609,784043,128531,67047,61484
12807,C4114,9,186,District - Sant Kabir Nagar (55),0-4,184911,94587,90324,172450,88170,84280,12461,6417,6044
12808,C4114,9,186,District - Sant Kabir Nagar (55),5-9,236595,123155,113440,220906,114879,106027,15689,8276,7413
12809,C4114,9,186,District - Sant Kabir Nagar (55),10-14,234206,120818,113388,217700,112076,105624,16506,8742,7764
12810,C4114,9,186,District - Sant Kabir Nagar (55),15-19,195757,98046,97711,179773,89699,90074,15984,8347,7637
12811,C4114,9,186,District - Sant Kabir Nagar (55),20-24,138422,69436,68986,126064,62913,63151,12358,6523,5835
12812,C4114,9,186,District - Sant Kabir Nagar (55),25-29,118477,57448,61029,108470,52260,56210,10007,5188,4819
12813,C4114,9,186,District - Sant Kabir Nagar (55),30-34,106463,50045,56418,97905,45805,52100,8558,4240,4318
12814,C4114,9,186,District - Sant Kabir Nagar (55),35-39,101251,49764,51487,93081,45602,47479,8170,4162,4008
12815,C4114,9,186,District - Sant Kabir Nagar (55),40-44,78857,40208,38649,72341,36773,35568,6516,3435,3081
12816,C4114,9,186,District - Sant Kabir Nagar (55),45-49,65824,32958,32866,60464,30196,30268,5360,2762,2598
12817,C4114,9,186,District - Sant Kabir Nagar (55),50-54,52557,28010,24547,48330,25727,22603,4227,2283,1944
12818,C4114,9,186,District - Sant Kabir Nagar (55),55-59,49376,22386,26990,45739,20552,25187,3637,1834,1803
12819,C4114,9,186,District - Sant Kabir Nagar (55),60-64,58324,31042,27282,54918,29226,25692,3406,1816,1590
12820,C4114,9,186,District - Sant Kabir Nagar (55),65-69,38373,20555,17818,36068,19383,16685,2305,1172,1133
12821,C4114,9,186,District - Sant Kabir Nagar (55),70-74,26615,15526,11089,25141,14675,10466,1474,851,623
12822,C4114,9,186,District - Sant Kabir Nagar (55),75-79,10845,5834,5011,10197,5486,4711,648,348,300
12823,C4114,9,186,District - Sant Kabir Nagar (55),80+,14412,7800,6612,13625,7389,6236,787,411,376
12824,C4114,9,186,District - Sant Kabir Nagar (55),Age not stated,3918,2038,1880,3480,1798,1682,438,240,198
12825,C4114,9,187,District - Mahrajganj (56),All ages,2684703,1381754,1302949,2549973,1312126,1237847,134730,69628,65102
12826,C4114,9,187,District - Mahrajganj (56),0-4,272841,140688,132153,261762,134955,126807,11079,5733,5346
12827,C4114,9,187,District - Mahrajganj (56),5-9,366726,190586,176140,351304,182605,168699,15422,7981,7441
12828,C4114,9,187,District - Mahrajganj (56),10-14,359522,184890,174632,342689,176195,166494,16833,8695,8138
12829,C4114,9,187,District - Mahrajganj (56),15-19,288136,152063,136073,271778,143567,128211,16358,8496,7862
12830,C4114,9,187,District - Mahrajganj (56),20-24,209779,108066,101713,196931,101257,95674,12848,6809,6039
12831,C4114,9,187,District - Mahrajganj (56),25-29,197489,97409,100080,186527,91851,94676,10962,5558,5404
12832,C4114,9,187,District - Mahrajganj (56),30-34,179837,87796,92041,170076,82947,87129,9761,4849,4912
12833,C4114,9,187,District - Mahrajganj (56),35-39,171047,86599,84448,161871,81918,79953,9176,4681,4495
12834,C4114,9,187,District - Mahrajganj (56),40-44,131504,69127,62377,123988,65178,58810,7516,3949,3567
12835,C4114,9,187,District - Mahrajganj (56),45-49,112726,57086,55640,106430,53815,52615,6296,3271,3025
12836,C4114,9,187,District - Mahrajganj (56),50-54,88542,47860,40682,83727,45278,38449,4815,2582,2233
12837,C4114,9,187,District - Mahrajganj (56),55-59,75567,36423,39144,71685,34482,37203,3882,1941,1941
12838,C4114,9,187,District - Mahrajganj (56),60-64,73754,39735,34019,70309,37889,32420,3445,1846,1599
12839,C4114,9,187,District - Mahrajganj (56),65-69,52378,26746,25632,50040,25567,24473,2338,1179,1159
12840,C4114,9,187,District - Mahrajganj (56),70-74,38840,21908,16932,37209,21068,16141,1631,840,791
12841,C4114,9,187,District - Mahrajganj (56),75-79,16853,8608,8245,16157,8237,7920,696,371,325
12842,C4114,9,187,District - Mahrajganj (56),80+,24639,13300,11339,23517,12730,10787,1122,570,552
12843,C4114,9,187,District - Mahrajganj (56),Age not stated,24523,12864,11659,23973,12587,11386,550,277,273
12844,C4114,9,188,District - Gorakhpur (57),All ages,4440895,2277777,2163118,3604766,1838726,1766040,836129,439051,397078
12845,C4114,9,188,District - Gorakhpur (57),0-4,407162,212353,194809,347594,180954,166640,59568,31399,28169
12846,C4114,9,188,District - Gorakhpur (57),5-9,538880,283178,255702,460243,241406,218837,78637,41772,36865
12847,C4114,9,188,District - Gorakhpur (57),10-14,562933,291537,271396,472075,243709,228366,90858,47828,43030
12848,C4114,9,188,District - Gorakhpur (57),15-19,519152,270711,248441,419097,217690,201407,100055,53021,47034
12849,C4114,9,188,District - Gorakhpur (57),20-24,390991,201681,189310,303743,155203,148540,87248,46478,40770
12850,C4114,9,188,District - Gorakhpur (57),25-29,336512,165183,171329,263065,127489,135576,73447,37694,35753
12851,C4114,9,188,District - Gorakhpur (57),30-34,294608,141488,153120,232612,110208,122404,61996,31280,30716
12852,C4114,9,188,District - Gorakhpur (57),35-39,280595,138491,142104,221317,108443,112874,59278,30048,29230
12853,C4114,9,188,District - Gorakhpur (57),40-44,224153,114521,109632,174611,88742,85869,49542,25779,23763
12854,C4114,9,188,District - Gorakhpur (57),45-49,192758,96153,96605,148949,73301,75648,43809,22852,20957
12855,C4114,9,188,District - Gorakhpur (57),50-54,155433,82899,72534,120905,64149,56756,34528,18750,15778
12856,C4114,9,188,District - Gorakhpur (57),55-59,131158,63280,67878,103926,48985,54941,27232,14295,12937
12857,C4114,9,188,District - Gorakhpur (57),60-64,130889,69118,61771,107384,56499,50885,23505,12619,10886
12858,C4114,9,188,District - Gorakhpur (57),65-69,92929,47742,45187,77312,39329,37983,15617,8413,7204
12859,C4114,9,188,District - Gorakhpur (57),70-74,71085,40065,31020,59859,33744,26115,11226,6321,4905
12860,C4114,9,188,District - Gorakhpur (57),75-79,32462,17424,15038,26962,14356,12606,5500,3068,2432
12861,C4114,9,188,District - Gorakhpur (57),80+,45721,24712,21009,37796,20560,17236,7925,4152,3773
12862,C4114,9,188,District - Gorakhpur (57),Age not stated,33474,17241,16233,27316,13959,13357,6158,3282,2876
12863,C4114,9,189,District - Kushinagar (58),All ages,3564544,1818055,1746489,3396437,1730377,1666060,168107,87678,80429
12864,C4114,9,189,District - Kushinagar (58),0-4,369119,190361,178758,354419,182679,171740,14700,7682,7018
12865,C4114,9,189,District - Kushinagar (58),5-9,484380,251913,232467,465127,241873,223254,19253,10040,9213
12866,C4114,9,189,District - Kushinagar (58),10-14,464583,238590,225993,444632,228109,216523,19951,10481,9470
12867,C4114,9,189,District - Kushinagar (58),15-19,387712,201269,186443,368282,191108,177174,19430,10161,9269
12868,C4114,9,189,District - Kushinagar (58),20-24,274817,141103,133714,258992,132598,126394,15825,8505,7320
12869,C4114,9,189,District - Kushinagar (58),25-29,256231,124218,132013,243448,117602,125846,12783,6616,6167
12870,C4114,9,189,District - Kushinagar (58),30-34,234653,112086,122567,223145,106326,116819,11508,5760,5748
12871,C4114,9,189,District - Kushinagar (58),35-39,219380,108853,110527,208558,103309,105249,10822,5544,5278
12872,C4114,9,189,District - Kushinagar (58),40-44,171680,88814,82866,162715,84121,78594,8965,4693,4272
12873,C4114,9,189,District - Kushinagar (58),45-49,147064,72995,74069,139164,68915,70249,7900,4080,3820
12874,C4114,9,189,District - Kushinagar (58),50-54,115263,62187,53076,109341,58993,50348,5922,3194,2728
12875,C4114,9,189,District - Kushinagar (58),55-59,99196,46256,52940,94375,43866,50509,4821,2390,2431
12876,C4114,9,189,District - Kushinagar (58),60-64,103606,54805,48801,99270,52533,46737,4336,2272,2064
12877,C4114,9,189,District - Kushinagar (58),65-69,72485,37022,35463,69589,35520,34069,2896,1502,1394
12878,C4114,9,189,District - Kushinagar (58),70-74,52039,29218,22821,50017,28165,21852,2022,1053,969
12879,C4114,9,189,District - Kushinagar (58),75-79,22337,11412,10925,21537,10999,10538,800,413,387
12880,C4114,9,189,District - Kushinagar (58),80+,35447,18756,16691,34029,18008,16021,1418,748,670
12881,C4114,9,189,District - Kushinagar (58),Age not stated,54552,28197,26355,49797,25653,24144,4755,2544,2211
12882,C4114,9,190,District - Deoria (59),All ages,3100946,1537436,1563510,2784143,1373111,1411032,316803,164325,152478
12883,C4114,9,190,District - Deoria (59),0-4,300315,155219,145096,273793,141416,132377,26522,13803,12719
12884,C4114,9,190,District - Deoria (59),5-9,402044,209689,192355,366548,190915,175633,35496,18774,16722
12885,C4114,9,190,District - Deoria (59),10-14,408594,209615,198979,370808,189808,181000,37786,19807,17979
12886,C4114,9,190,District - Deoria (59),15-19,363661,181260,182401,325946,161567,164379,37715,19693,18022
12887,C4114,9,190,District - Deoria (59),20-24,253930,124295,129635,222845,107582,115263,31085,16713,14372
12888,C4114,9,190,District - Deoria (59),25-29,217792,99832,117960,192117,86892,105225,25675,12940,12735
12889,C4114,9,190,District - Deoria (59),30-34,194742,87256,107486,172578,76308,96270,22164,10948,11216
12890,C4114,9,190,District - Deoria (59),35-39,187573,86782,100791,166455,76184,90271,21118,10598,10520
12891,C4114,9,190,District - Deoria (59),40-44,152078,73380,78698,134522,64297,70225,17556,9083,8473
12892,C4114,9,190,District - Deoria (59),45-49,130315,61822,68493,115385,54267,61118,14930,7555,7375
12893,C4114,9,190,District - Deoria (59),50-54,106963,54858,52105,95262,48596,46666,11701,6262,5439
12894,C4114,9,190,District - Deoria (59),55-59,91447,42568,48879,81853,37709,44144,9594,4859,4735
12895,C4114,9,190,District - Deoria (59),60-64,97082,49159,47923,88019,44468,43551,9063,4691,4372
12896,C4114,9,190,District - Deoria (59),65-69,71787,35999,35788,65534,32779,32755,6253,3220,3033
12897,C4114,9,190,District - Deoria (59),70-74,55783,30895,24888,51246,28397,22849,4537,2498,2039
12898,C4114,9,190,District - Deoria (59),75-79,24868,12906,11962,22727,11787,10940,2141,1119,1022
12899,C4114,9,190,District - Deoria (59),80+,33289,17509,15780,30497,16102,14395,2792,1407,1385
12900,C4114,9,190,District - Deoria (59),Age not stated,8683,4392,4291,8008,4037,3971,675,355,320
12901,C4114,9,191,District - Azamgarh (60),All ages,4613913,2285004,2328909,4220512,2082707,2137805,393401,202297,191104
12902,C4114,9,191,District - Azamgarh (60),0-4,453250,235152,218098,417291,216511,200780,35959,18641,17318
12903,C4114,9,191,District - Azamgarh (60),5-9,610897,317639,293258,562031,292275,269756,48866,25364,23502
12904,C4114,9,191,District - Azamgarh (60),10-14,626528,319795,306733,573710,292885,280825,52818,26910,25908
12905,C4114,9,191,District - Azamgarh (60),15-19,558680,275558,283122,507798,249427,258371,50882,26131,24751
12906,C4114,9,191,District - Azamgarh (60),20-24,376175,183985,192190,336344,162731,173613,39831,21254,18577
12907,C4114,9,191,District - Azamgarh (60),25-29,304713,140716,163997,275671,125899,149772,29042,14817,14225
12908,C4114,9,191,District - Azamgarh (60),30-34,274935,121342,153593,250034,109160,140874,24901,12182,12719
12909,C4114,9,191,District - Azamgarh (60),35-39,270743,125340,145403,247332,113508,133824,23411,11832,11579
12910,C4114,9,191,District - Azamgarh (60),40-44,224540,106644,117896,204653,96584,108069,19887,10060,9827
12911,C4114,9,191,District - Azamgarh (60),45-49,195658,94284,101374,178494,85542,92952,17164,8742,8422
12912,C4114,9,191,District - Azamgarh (60),50-54,156924,79965,76959,143896,73020,70876,13028,6945,6083
12913,C4114,9,191,District - Azamgarh (60),55-59,135144,63546,71598,124558,58207,66351,10586,5339,5247
12914,C4114,9,191,District - Azamgarh (60),60-64,140854,71747,69107,131350,66755,64595,9504,4992,4512
12915,C4114,9,191,District - Azamgarh (60),65-69,104246,52696,51550,97813,49414,48399,6433,3282,3151
12916,C4114,9,191,District - Azamgarh (60),70-74,79536,43854,35682,74766,41313,33453,4770,2541,2229
12917,C4114,9,191,District - Azamgarh (60),75-79,36029,18818,17211,33865,17682,16183,2164,1136,1028
12918,C4114,9,191,District - Azamgarh (60),80+,47221,24720,22501,44463,23351,21112,2758,1369,1389
12919,C4114,9,191,District - Azamgarh (60),Age not stated,17840,9203,8637,16443,8443,8000,1397,760,637
12920,C4114,9,192,District - Mau (61),All ages,2205968,1114709,1091259,1706760,858843,847917,499208,255866,243342
12921,C4114,9,192,District - Mau (61),0-4,217450,112051,105399,168582,87224,81358,48868,24827,24041
12922,C4114,9,192,District - Mau (61),5-9,298867,155881,142986,231455,121100,110355,67412,34781,32631
12923,C4114,9,192,District - Mau (61),10-14,293821,150624,143197,226251,116094,110157,67570,34530,33040
12924,C4114,9,192,District - Mau (61),15-19,262360,132784,129576,198667,100318,98349,63693,32466,31227
12925,C4114,9,192,District - Mau (61),20-24,182717,93229,89488,132994,66943,66051,49723,26286,23437
12926,C4114,9,192,District - Mau (61),25-29,147523,71085,76438,111479,52758,58721,36044,18327,17717
12927,C4114,9,192,District - Mau (61),30-34,133595,61695,71900,103004,46872,56132,30591,14823,15768
12928,C4114,9,192,District - Mau (61),35-39,131547,63442,68105,102157,48756,53401,29390,14686,14704
12929,C4114,9,192,District - Mau (61),40-44,109034,54379,54655,84225,41634,42591,24809,12745,12064
12930,C4114,9,192,District - Mau (61),45-49,93167,46445,46722,72055,35477,36578,21112,10968,10144
12931,C4114,9,192,District - Mau (61),50-54,74321,39208,35113,58337,30575,27762,15984,8633,7351
12932,C4114,9,192,District - Mau (61),55-59,62932,29716,33216,50456,23523,26933,12476,6193,6283
12933,C4114,9,192,District - Mau (61),60-64,64987,33419,31568,53514,27377,26137,11473,6042,5431
12934,C4114,9,192,District - Mau (61),65-69,47373,24173,23200,39760,20230,19530,7613,3943,3670
12935,C4114,9,192,District - Mau (61),70-74,35759,20058,15701,30299,17110,13189,5460,2948,2512
12936,C4114,9,192,District - Mau (61),75-79,16557,8706,7851,13993,7346,6647,2564,1360,1204
12937,C4114,9,192,District - Mau (61),80+,21331,11328,10003,18201,9714,8487,3130,1614,1516
12938,C4114,9,192,District - Mau (61),Age not stated,12627,6486,6141,11331,5792,5539,1296,694,602
12939,C4114,9,193,District - Ballia (62),All ages,3239774,1672902,1566872,2935665,1514018,1421647,304109,158884,145225
12940,C4114,9,193,District - Ballia (62),0-4,299913,156346,143567,274325,142937,131388,25588,13409,12179
12941,C4114,9,193,District - Ballia (62),5-9,415154,219696,195458,380650,201478,179172,34504,18218,16286
12942,C4114,9,193,District - Ballia (62),10-14,408496,214040,194456,372778,195178,177600,35718,18862,16856
12943,C4114,9,193,District - Ballia (62),15-19,366063,195130,170933,329665,175753,153912,36398,19377,17021
12944,C4114,9,193,District - Ballia (62),20-24,257479,135719,121760,229031,120287,108744,28448,15432,13016
12945,C4114,9,193,District - Ballia (62),25-29,228829,113109,115720,204826,100702,104124,24003,12407,11596
12946,C4114,9,193,District - Ballia (62),30-34,210745,100887,109858,189665,90396,99269,21080,10491,10589
12947,C4114,9,193,District - Ballia (62),35-39,204228,100582,103646,184150,90365,93785,20078,10217,9861
12948,C4114,9,193,District - Ballia (62),40-44,167532,86321,81211,150744,77568,73176,16788,8753,8035
12949,C4114,9,193,District - Ballia (62),45-49,141857,70660,71197,127445,63248,64197,14412,7412,7000
12950,C4114,9,193,District - Ballia (62),50-54,114257,61376,52881,103072,55388,47684,11185,5988,5197
12951,C4114,9,193,District - Ballia (62),55-59,97946,45609,52337,88720,41232,47488,9226,4377,4849
12952,C4114,9,193,District - Ballia (62),60-64,102962,54221,48741,93754,49507,44247,9208,4714,4494
12953,C4114,9,193,District - Ballia (62),65-69,71961,36642,35319,65828,33481,32347,6133,3161,2972
12954,C4114,9,193,District - Ballia (62),70-74,55294,31165,24129,50702,28670,22032,4592,2495,2097
12955,C4114,9,193,District - Ballia (62),75-79,24880,13150,11730,22798,12053,10745,2082,1097,985
12956,C4114,9,193,District - Ballia (62),80+,35328,18886,16442,32660,17528,15132,2668,1358,1310
12957,C4114,9,193,District - Ballia (62),Age not stated,36850,19363,17487,34852,18247,16605,1998,1116,882
12958,C4114,9,194,District - Jaunpur (63),All ages,4494204,2220465,2273739,4147624,2041217,2106407,346580,179248,167332
12959,C4114,9,194,District - Jaunpur (63),0-4,439913,228262,211651,409655,212505,197150,30258,15757,14501
12960,C4114,9,194,District - Jaunpur (63),5-9,581317,303945,277372,541365,282979,258386,39952,20966,18986
12961,C4114,9,194,District - Jaunpur (63),10-14,598761,309313,289448,557407,287778,269629,41354,21535,19819
12962,C4114,9,194,District - Jaunpur (63),15-19,527840,264143,263697,484491,241614,242877,43349,22529,20820
12963,C4114,9,194,District - Jaunpur (63),20-24,372524,179487,193037,335956,160151,175805,36568,19336,17232
12964,C4114,9,194,District - Jaunpur (63),25-29,306098,139897,166201,277117,125037,152080,28981,14860,14121
12965,C4114,9,194,District - Jaunpur (63),30-34,271404,120650,150754,247747,108856,138891,23657,11794,11863
12966,C4114,9,194,District - Jaunpur (63),35-39,260235,119668,140567,238149,108447,129702,22086,11221,10865
12967,C4114,9,194,District - Jaunpur (63),40-44,211534,100282,111252,193325,90916,102409,18209,9366,8843
12968,C4114,9,194,District - Jaunpur (63),45-49,183853,87028,96825,168428,79053,89375,15425,7975,7450
12969,C4114,9,194,District - Jaunpur (63),50-54,150584,75970,74614,138574,69642,68932,12010,6328,5682
12970,C4114,9,194,District - Jaunpur (63),55-59,133442,61267,72175,123604,56241,67363,9838,5026,4812
12971,C4114,9,194,District - Jaunpur (63),60-64,142298,70881,71417,133710,66547,67163,8588,4334,4254
12972,C4114,9,194,District - Jaunpur (63),65-69,102215,50787,51428,96192,47754,48438,6023,3033,2990
12973,C4114,9,194,District - Jaunpur (63),70-74,75520,40162,35358,71375,38036,33339,4145,2126,2019
12974,C4114,9,194,District - Jaunpur (63),75-79,35840,17858,17982,33891,16905,16986,1949,953,996
12975,C4114,9,194,District - Jaunpur (63),80+,50080,25073,25007,47303,23791,23512,2777,1282,1495
12976,C4114,9,194,District - Jaunpur (63),Age not stated,50746,25792,24954,49335,24965,24370,1411,827,584
12977,C4114,9,195,District - Ghazipur (64),All ages,3620268,1855075,1765193,3345908,1711651,1634257,274360,143424,130936
12978,C4114,9,195,District - Ghazipur (64),0-4,358729,186700,172029,333960,173695,160265,24769,13005,11764
12979,C4114,9,195,District - Ghazipur (64),5-9,476698,251041,225657,444714,234198,210516,31984,16843,15141
12980,C4114,9,195,District - Ghazipur (64),10-14,461695,240337,221358,429291,223260,206031,32404,17077,15327
12981,C4114,9,195,District - Ghazipur (64),15-19,404767,213785,190982,371242,196046,175196,33525,17739,15786
12982,C4114,9,195,District - Ghazipur (64),20-24,289036,150812,138224,262029,136131,125898,27007,14681,12326
12983,C4114,9,195,District - Ghazipur (64),25-29,243668,118695,124973,222046,107614,114432,21622,11081,10541
12984,C4114,9,195,District - Ghazipur (64),30-34,223921,106239,117682,205282,96805,108477,18639,9434,9205
12985,C4114,9,195,District - Ghazipur (64),35-39,215910,105210,110700,198280,96264,102016,17630,8946,8684
12986,C4114,9,195,District - Ghazipur (64),40-44,179083,90606,88477,164686,83064,81622,14397,7542,6855
12987,C4114,9,195,District - Ghazipur (64),45-49,155216,76856,78360,142619,70477,72142,12597,6379,6218
12988,C4114,9,195,District - Ghazipur (64),50-54,127005,66818,60187,116876,61411,55465,10129,5407,4722
12989,C4114,9,195,District - Ghazipur (64),55-59,110155,51882,58273,101843,47714,54129,8312,4168,4144
12990,C4114,9,195,District - Ghazipur (64),60-64,114712,59518,55194,106987,55464,51523,7725,4054,3671
12991,C4114,9,195,District - Ghazipur (64),65-69,80381,40976,39405,75249,38306,36943,5132,2670,2462
12992,C4114,9,195,District - Ghazipur (64),70-74,59655,32749,26906,56072,30879,25193,3583,1870,1713
12993,C4114,9,195,District - Ghazipur (64),75-79,27032,14083,12949,25355,13178,12177,1677,905,772
12994,C4114,9,195,District - Ghazipur (64),80+,37333,19387,17946,35228,18345,16883,2105,1042,1063
12995,C4114,9,195,District - Ghazipur (64),Age not stated,55272,29381,25891,54149,28800,25349,1123,581,542
12996,C4114,9,196,District - Chandauli (65),All ages,1952756,1017905,934851,1710203,890630,819573,242553,127275,115278
12997,C4114,9,196,District - Chandauli (65),0-4,200376,103874,96502,178775,92561,86214,21601,11313,10288
12998,C4114,9,196,District - Chandauli (65),5-9,255600,134814,120786,227525,119866,107659,28075,14948,13127
12999,C4114,9,196,District - Chandauli (65),10-14,247411,130193,117218,217623,114617,103006,29788,15576,14212
13000,C4114,9,196,District - Chandauli (65),15-19,212657,114913,97744,183009,99241,83768,29648,15672,13976
13001,C4114,9,196,District - Chandauli (65),20-24,164182,87445,76737,140090,74218,65872,24092,13227,10865
13002,C4114,9,196,District - Chandauli (65),25-29,142469,71964,70505,123528,62188,61340,18941,9776,9165
13003,C4114,9,196,District - Chandauli (65),30-34,129836,64041,65795,113455,55784,57671,16381,8257,8124
13004,C4114,9,196,District - Chandauli (65),35-39,122337,62276,60061,106794,54515,52279,15543,7761,7782
13005,C4114,9,196,District - Chandauli (65),40-44,100490,52965,47525,87017,45932,41085,13473,7033,6440
13006,C4114,9,196,District - Chandauli (65),45-49,84337,43212,41125,72637,37171,35466,11700,6041,5659
13007,C4114,9,196,District - Chandauli (65),50-54,66695,36319,30376,57536,31291,26245,9159,5028,4131
13008,C4114,9,196,District - Chandauli (65),55-59,57291,27179,30112,50272,23409,26863,7019,3770,3249
13009,C4114,9,196,District - Chandauli (65),60-64,60222,31226,28996,54121,28105,26016,6101,3121,2980
13010,C4114,9,196,District - Chandauli (65),65-69,42092,21589,20503,37878,19428,18450,4214,2161,2053
13011,C4114,9,196,District - Chandauli (65),70-74,30426,16682,13744,27405,15115,12290,3021,1567,1454
13012,C4114,9,196,District - Chandauli (65),75-79,13952,7276,6676,12532,6521,6011,1420,755,665
13013,C4114,9,196,District - Chandauli (65),80+,17089,9013,8076,15491,8190,7301,1598,823,775
13014,C4114,9,196,District - Chandauli (65),Age not stated,5294,2924,2370,4515,2478,2037,779,446,333
13015,C4114,9,197,District - Varanasi (66),All ages,3676841,1921857,1754984,2079790,1076526,1003264,1597051,845331,751720
13016,C4114,9,197,District - Varanasi (66),0-4,324497,171072,153425,199746,104891,94855,124751,66181,58570
13017,C4114,9,197,District - Varanasi (66),5-9,421140,223620,197520,259892,138027,121865,161248,85593,75655
13018,C4114,9,197,District - Varanasi (66),10-14,453183,237732,215451,273401,142844,130557,179782,94888,84894
13019,C4114,9,197,District - Varanasi (66),15-19,428313,229883,198430,239709,128948,110761,188604,100935,87669
13020,C4114,9,197,District - Varanasi (66),20-24,346716,186901,159815,180298,95254,85044,166418,91647,74771
13021,C4114,9,197,District - Varanasi (66),25-29,286608,145860,140748,150247,74623,75624,136361,71237,65124
13022,C4114,9,197,District - Varanasi (66),30-34,252459,125106,127353,138429,66644,71785,114030,58462,55568
13023,C4114,9,197,District - Varanasi (66),35-39,239271,120862,118409,131040,65711,65329,108231,55151,53080
13024,C4114,9,197,District - Varanasi (66),40-44,196584,102243,94341,105830,54640,51190,90754,47603,43151
13025,C4114,9,197,District - Varanasi (66),45-49,167756,86568,81188,87870,44888,42982,79886,41680,38206
13026,C4114,9,197,District - Varanasi (66),50-54,131369,70542,60827,68888,36470,32418,62481,34072,28409
13027,C4114,9,197,District - Varanasi (66),55-59,108139,53683,54456,58600,27963,30637,49539,25720,23819
13028,C4114,9,197,District - Varanasi (66),60-64,104006,53584,50422,60228,30331,29897,43778,23253,20525
13029,C4114,9,197,District - Varanasi (66),65-69,74761,39016,35745,44664,22867,21797,30097,16149,13948
13030,C4114,9,197,District - Varanasi (66),70-74,53242,28651,24591,32012,17175,14837,21230,11476,9754
13031,C4114,9,197,District - Varanasi (66),75-79,25623,13394,12229,15028,7661,7367,10595,5733,4862
13032,C4114,9,197,District - Varanasi (66),80+,34409,17601,16808,20228,10320,9908,14181,7281,6900
13033,C4114,9,197,District - Varanasi (66),Age not stated,28765,15539,13226,13680,7269,6411,15085,8270,6815
13034,C4114,9,198,District - Sant Ravidas Nagar (Bhadohi) (67),All ages,1578213,807099,771114,1348911,686589,662322,229302,120510,108792
13035,C4114,9,198,District - Sant Ravidas Nagar (Bhadohi) (67),0-4,169949,88690,81259,147343,76942,70401,22606,11748,10858
13036,C4114,9,198,District - Sant Ravidas Nagar (Bhadohi) (67),5-9,208787,110401,98386,179950,95404,84546,28837,14997,13840
13037,C4114,9,198,District - Sant Ravidas Nagar (Bhadohi) (67),10-14,213157,112249,100908,183422,96714,86708,29735,15535,14200
13038,C4114,9,198,District - Sant Ravidas Nagar (Bhadohi) (67),15-19,183671,97372,86299,155031,82011,73020,28640,15361,13279
13039,C4114,9,198,District - Sant Ravidas Nagar (Bhadohi) (67),20-24,139249,70831,68418,116528,58258,58270,22721,12573,10148
13040,C4114,9,198,District - Sant Ravidas Nagar (Bhadohi) (67),25-29,117481,56730,60751,99250,47064,52186,18231,9666,8565
13041,C4114,9,198,District - Sant Ravidas Nagar (Bhadohi) (67),30-34,103167,48354,54813,87655,40484,47171,15512,7870,7642
13042,C4114,9,198,District - Sant Ravidas Nagar (Bhadohi) (67),35-39,92583,45519,47064,78436,38223,40213,14147,7296,6851
13043,C4114,9,198,District - Sant Ravidas Nagar (Bhadohi) (67),40-44,73835,36688,37147,62378,30678,31700,11457,6010,5447
13044,C4114,9,198,District - Sant Ravidas Nagar (Bhadohi) (67),45-49,62158,31181,30977,52554,26138,26416,9604,5043,4561
13045,C4114,9,198,District - Sant Ravidas Nagar (Bhadohi) (67),50-54,47913,25186,22727,40806,21327,19479,7107,3859,3248
13046,C4114,9,198,District - Sant Ravidas Nagar (Bhadohi) (67),55-59,41227,19028,22199,35587,16279,19308,5640,2749,2891
13047,C4114,9,198,District - Sant Ravidas Nagar (Bhadohi) (67),60-64,44039,22595,21444,38670,19784,18886,5369,2811,2558
13048,C4114,9,198,District - Sant Ravidas Nagar (Bhadohi) (67),65-69,30341,15427,14914,26810,13612,13198,3531,1815,1716
13049,C4114,9,198,District - Sant Ravidas Nagar (Bhadohi) (67),70-74,22130,11941,10189,19585,10627,8958,2545,1314,1231
13050,C4114,9,198,District - Sant Ravidas Nagar (Bhadohi) (67),75-79,10331,5317,5014,9182,4744,4438,1149,573,576
13051,C4114,9,198,District - Sant Ravidas Nagar (Bhadohi) (67),80+,13939,7281,6658,12326,6460,5866,1613,821,792
13052,C4114,9,198,District - Sant Ravidas Nagar (Bhadohi) (67),Age not stated,4256,2309,1947,3398,1840,1558,858,469,389
13053,C4114,9,199,District - Mirzapur (68),All ages,2496970,1312302,1184668,2149403,1127138,1022265,347567,185164,162403
13054,C4114,9,199,District - Mirzapur (68),0-4,271250,141777,129473,240543,125635,114908,30707,16142,14565
13055,C4114,9,199,District - Mirzapur (68),5-9,323582,170819,152763,285466,150594,134872,38116,20225,17891
13056,C4114,9,199,District - Mirzapur (68),10-14,324099,171021,153078,283901,149629,134272,40198,21392,18806
13057,C4114,9,199,District - Mirzapur (68),15-19,268119,148076,120043,227722,125795,101927,40397,22281,18116
13058,C4114,9,199,District - Mirzapur (68),20-24,217387,118268,99119,182012,97954,84058,35375,20314,15061
13059,C4114,9,199,District - Mirzapur (68),25-29,186091,95703,90388,157091,80384,76707,29000,15319,13681
13060,C4114,9,199,District - Mirzapur (68),30-34,167921,83678,84243,143360,71099,72261,24561,12579,11982
13061,C4114,9,199,District - Mirzapur (68),35-39,155729,80427,75302,132764,68670,64094,22965,11757,11208
13062,C4114,9,199,District - Mirzapur (68),40-44,124960,66054,58906,105779,55873,49906,19181,10181,9000
13063,C4114,9,199,District - Mirzapur (68),45-49,103567,53770,49797,87150,45302,41848,16417,8468,7949
13064,C4114,9,199,District - Mirzapur (68),50-54,80605,43799,36806,67762,36825,30937,12843,6974,5869
13065,C4114,9,199,District - Mirzapur (68),55-59,66739,31842,34897,56643,26755,29888,10096,5087,5009
13066,C4114,9,199,District - Mirzapur (68),60-64,70371,36302,34069,60708,31280,29428,9663,5022,4641
13067,C4114,9,199,District - Mirzapur (68),65-69,50090,25221,24869,43838,21973,21865,6252,3248,3004
13068,C4114,9,199,District - Mirzapur (68),70-74,37776,20259,17517,33311,17904,15407,4465,2355,2110
13069,C4114,9,199,District - Mirzapur (68),75-79,17699,8952,8747,15682,7930,7752,2017,1022,995
13070,C4114,9,199,District - Mirzapur (68),80+,23493,12119,11374,20647,10700,9947,2846,1419,1427
13071,C4114,9,199,District - Mirzapur (68),Age not stated,7492,4215,3277,5024,2836,2188,2468,1379,1089
13072,C4114,9,200,District - Sonbhadra (69),All ages,1862559,971344,891215,1548217,803345,744872,314342,167999,146343
13073,C4114,9,200,District - Sonbhadra (69),0-4,214024,110832,103192,188940,97440,91500,25084,13392,11692
13074,C4114,9,200,District - Sonbhadra (69),5-9,255077,132250,122827,222725,114948,107777,32352,17302,15050
13075,C4114,9,200,District - Sonbhadra (69),10-14,247413,128302,119111,210991,108969,102022,36422,19333,17089
13076,C4114,9,200,District - Sonbhadra (69),15-19,188531,102164,86367,150936,81987,68949,37595,20177,17418
13077,C4114,9,200,District - Sonbhadra (69),20-24,156577,81176,75401,123840,63621,60219,32737,17555,15182
13078,C4114,9,200,District - Sonbhadra (69),25-29,142316,72521,69795,116426,58922,57504,25890,13599,12291
13079,C4114,9,200,District - Sonbhadra (69),30-34,125082,62469,62613,102542,51162,51380,22540,11307,11233
13080,C4114,9,200,District - Sonbhadra (69),35-39,118578,61553,57025,95922,49854,46068,22656,11699,10957
13081,C4114,9,200,District - Sonbhadra (69),40-44,94827,49966,44861,74304,39450,34854,20523,10516,10007
13082,C4114,9,200,District - Sonbhadra (69),45-49,80427,41850,38577,61492,31818,29674,18935,10032,8903
13083,C4114,9,200,District - Sonbhadra (69),50-54,61723,34328,27395,46245,25289,20956,15478,9039,6439
13084,C4114,9,200,District - Sonbhadra (69),55-59,48475,24873,23602,38462,18510,19952,10013,6363,3650
13085,C4114,9,200,District - Sonbhadra (69),60-64,45873,23897,21976,40177,20737,19440,5696,3160,2536
13086,C4114,9,200,District - Sonbhadra (69),65-69,32937,17157,15780,29599,15277,14322,3338,1880,1458
13087,C4114,9,200,District - Sonbhadra (69),70-74,23628,13471,10157,21511,12358,9153,2117,1113,1004
13088,C4114,9,200,District - Sonbhadra (69),75-79,10952,5608,5344,9996,5134,4862,956,474,482
13089,C4114,9,200,District - Sonbhadra (69),80+,14278,7904,6374,12755,7128,5627,1523,776,747
13090,C4114,9,200,District - Sonbhadra (69),Age not stated,1841,1023,818,1354,741,613,487,282,205
13091,C4114,9,201,District - Etah (70),All ages,1774480,947339,827141,1506338,805589,700749,268142,141750,126392
13092,C4114,9,201,District - Etah (70),0-4,187408,99353,88055,162731,86196,76535,24677,13157,11520
13093,C4114,9,201,District - Etah (70),5-9,231356,124322,107034,200984,107958,93026,30372,16364,14008
13094,C4114,9,201,District - Etah (70),10-14,240411,131179,109232,207637,113260,94377,32774,17919,14855
13095,C4114,9,201,District - Etah (70),15-19,210531,117601,92930,177980,100175,77805,32551,17426,15125
13096,C4114,9,201,District - Etah (70),20-24,156459,86313,70146,128821,71426,57395,27638,14887,12751
13097,C4114,9,201,District - Etah (70),25-29,123207,64812,58395,102044,53654,48390,21163,11158,10005
13098,C4114,9,201,District - Etah (70),30-34,111075,56365,54710,93295,47288,46007,17780,9077,8703
13099,C4114,9,201,District - Etah (70),35-39,108848,56028,52820,91637,47321,44316,17211,8707,8504
13100,C4114,9,201,District - Etah (70),40-44,91334,49380,41954,76444,41593,34851,14890,7787,7103
13101,C4114,9,201,District - Etah (70),45-49,72450,37880,34570,59812,31324,28488,12638,6556,6082
13102,C4114,9,201,District - Etah (70),50-54,57899,31779,26120,47963,26499,21464,9936,5280,4656
13103,C4114,9,201,District - Etah (70),55-59,47424,22576,24848,39731,18727,21004,7693,3849,3844
13104,C4114,9,201,District - Etah (70),60-64,48138,25412,22726,41206,21767,19439,6932,3645,3287
13105,C4114,9,201,District - Etah (70),65-69,30789,14906,15883,26567,12829,13738,4222,2077,2145
13106,C4114,9,201,District - Etah (70),70-74,25188,13351,11837,22056,11745,10311,3132,1606,1526
13107,C4114,9,201,District - Etah (70),75-79,10766,5150,5616,9334,4418,4916,1432,732,700
13108,C4114,9,201,District - Etah (70),80+,17223,8895,8328,15024,7818,7206,2199,1077,1122
13109,C4114,9,201,District - Etah (70),Age not stated,3974,2037,1937,3072,1591,1481,902,446,456
13110,C4114,9,202,District - Kanshiram Nagar (71),All ages,1436719,764165,672554,1148512,612556,535956,288207,151609,136598
13111,C4114,9,202,District - Kanshiram Nagar (71),0-4,167260,87724,79536,138609,72504,66105,28651,15220,13431
13112,C4114,9,202,District - Kanshiram Nagar (71),5-9,190596,101860,88736,156067,83350,72717,34529,18510,16019
13113,C4114,9,202,District - Kanshiram Nagar (71),10-14,199792,107678,92114,162672,87764,74908,37120,19914,17206
13114,C4114,9,202,District - Kanshiram Nagar (71),15-19,168442,92803,75639,132978,74024,58954,35464,18779,16685
13115,C4114,9,202,District - Kanshiram Nagar (71),20-24,122499,67386,55113,93981,51949,42032,28518,15437,13081
13116,C4114,9,202,District - Kanshiram Nagar (71),25-29,97731,52001,45730,75848,40559,35289,21883,11442,10441
13117,C4114,9,202,District - Kanshiram Nagar (71),30-34,87032,44534,42498,68404,35019,33385,18628,9515,9113
13118,C4114,9,202,District - Kanshiram Nagar (71),35-39,84839,43926,40913,67038,34830,32208,17801,9096,8705
13119,C4114,9,202,District - Kanshiram Nagar (71),40-44,72447,39755,32692,57453,31725,25728,14994,8030,6964
13120,C4114,9,202,District - Kanshiram Nagar (71),45-49,56934,30026,26908,44874,23895,20979,12060,6131,5929
13121,C4114,9,202,District - Kanshiram Nagar (71),50-54,45712,25369,20343,35748,19960,15788,9964,5409,4555
13122,C4114,9,202,District - Kanshiram Nagar (71),55-59,36788,17447,19341,28960,13651,15309,7828,3796,4032
13123,C4114,9,202,District - Kanshiram Nagar (71),60-64,39684,20664,19020,31802,16662,15140,7882,4002,3880
13124,C4114,9,202,District - Kanshiram Nagar (71),65-69,24184,11664,12520,19550,9416,10134,4634,2248,2386
13125,C4114,9,202,District - Kanshiram Nagar (71),70-74,18776,9653,9123,15370,7925,7445,3406,1728,1678
13126,C4114,9,202,District - Kanshiram Nagar (71),75-79,7287,3362,3925,5966,2744,3222,1321,618,703
13127,C4114,9,202,District - Kanshiram Nagar (71),80+,11003,5295,5708,8920,4330,4590,2083,965,1118
13128,C4114,9,202,District - Kanshiram Nagar (71),Age not stated,5713,3018,2695,4272,2249,2023,1441,769,672
13129,C4114,19,0,State - WEST BENGAL (19),All ages,91276115,46809027,44467088,62183113,31844945,30338168,29093002,14964082,14128920
13130,C4114,19,0,State - WEST BENGAL (19),0-4,7333143,3743862,3589281,5432943,2770164,2662779,1900200,973698,926502
13131,C4114,19,0,State - WEST BENGAL (19),5-9,8247809,4216763,4031046,6048643,3085358,2963285,2199166,1131405,1067761
13132,C4114,19,0,State - WEST BENGAL (19),10-14,9156523,4677506,4479017,6677094,3401028,3276066,2479429,1276478,1202951
13133,C4114,19,0,State - WEST BENGAL (19),15-19,9058031,4702325,4355706,6442695,3359604,3083091,2615336,1342721,1272615
13134,C4114,19,0,State - WEST BENGAL (19),20-24,8758322,4422630,4335692,6042721,3062672,2980049,2715601,1359958,1355643
13135,C4114,19,0,State - WEST BENGAL (19),25-29,7997909,4044904,3953005,5354996,2723495,2631501,2642913,1321409,1321504
13136,C4114,19,0,State - WEST BENGAL (19),30-34,6841590,3464659,3376931,4452270,2255183,2197087,2389320,1209476,1179844
13137,C4114,19,0,State - WEST BENGAL (19),35-39,7012646,3523361,3489285,4596701,2306077,2290624,2415945,1217284,1198661
13138,C4114,19,0,State - WEST BENGAL (19),40-44,6153060,3219604,2933456,4024731,2100597,1924134,2128329,1119007,1009322
13139,C4114,19,0,State - WEST BENGAL (19),45-49,5335719,2814212,2521507,3422477,1807534,1614943,1913242,1006678,906564
13140,C4114,19,0,State - WEST BENGAL (19),50-54,4257880,2317232,1940648,2693913,1469321,1224592,1563967,847911,716056
13141,C4114,19,0,State - WEST BENGAL (19),55-59,3268650,1746903,1521747,2048869,1086200,962669,1219781,660703,559078
13142,C4114,19,0,State - WEST BENGAL (19),60-64,2745454,1406401,1339053,1746446,881516,864930,999008,524885,474123
13143,C4114,19,0,State - WEST BENGAL (19),65-69,1982993,991280,991713,1280414,625865,654549,702579,365415,337164
13144,C4114,19,0,State - WEST BENGAL (19),70-74,1390607,686881,703726,876931,421658,455273,513676,265223,248453
13145,C4114,19,0,State - WEST BENGAL (19),75-79,739767,360216,379551,456033,217061,238972,283734,143155,140579
13146,C4114,19,0,State - WEST BENGAL (19),80+,883561,406536,477025,536855,245245,291610,346706,161291,185415
13147,C4114,19,0,State - WEST BENGAL (19),Age not stated,112451,63752,48699,48381,26367,22014,64070,37385,26685
13148,C4114,19,327,District - Darjiling  (01),All ages,1846823,937259,909564,1118860,566965,551895,727963,370294,357669
13149,C4114,19,327,District - Darjiling  (01),0-4,130413,66675,63738,86038,43682,42356,44375,22993,21382
13150,C4114,19,327,District - Darjiling  (01),5-9,162724,83487,79237,104280,53285,50995,58444,30202,28242
13151,C4114,19,327,District - Darjiling  (01),10-14,188142,95990,92152,118050,59905,58145,70092,36085,34007
13152,C4114,19,327,District - Darjiling  (01),15-19,188383,96495,91888,120321,61456,58865,68062,35039,33023
13153,C4114,19,327,District - Darjiling  (01),20-24,184729,90723,94006,115814,57038,58776,68915,33685,35230
13154,C4114,19,327,District - Darjiling  (01),25-29,176830,86600,90230,105933,52130,53803,70897,34470,36427
13155,C4114,19,327,District - Darjiling  (01),30-34,149366,73972,75394,85760,42547,43213,63606,31425,32181
13156,C4114,19,327,District - Darjiling  (01),35-39,145287,71779,73508,83305,41364,41941,61982,30415,31567
13157,C4114,19,327,District - Darjiling  (01),40-44,123783,63704,60079,71023,36259,34764,52760,27445,25315
13158,C4114,19,327,District - Darjiling  (01),45-49,104852,53900,50952,59511,30292,29219,45341,23608,21733
13159,C4114,19,327,District - Darjiling  (01),50-54,86320,45686,40634,49861,26086,23775,36459,19600,16859
13160,C4114,19,327,District - Darjiling  (01),55-59,62319,32778,29541,35636,18568,17068,26683,14210,12473
13161,C4114,19,327,District - Darjiling  (01),60-64,52160,27078,25082,30610,15997,14613,21550,11081,10469
13162,C4114,19,327,District - Darjiling  (01),65-69,34984,18547,16437,20510,10833,9677,14474,7714,6760
13163,C4114,19,327,District - Darjiling  (01),70-74,24956,13269,11687,14494,7854,6640,10462,5415,5047
13164,C4114,19,327,District - Darjiling  (01),75-79,13851,7444,6407,8062,4469,3593,5789,2975,2814
13165,C4114,19,327,District - Darjiling  (01),80+,15389,7880,7509,8615,4606,4009,6774,3274,3500
13166,C4114,19,327,District - Darjiling  (01),Age not stated,2335,1252,1083,1037,594,443,1298,658,640
13167,C4114,19,328,District - Jalpaiguri  (02),All ages,3872846,1983064,1889782,2812495,1437286,1375209,1060351,545778,514573
13168,C4114,19,328,District - Jalpaiguri  (02),0-4,319440,163103,156337,243421,124296,119125,76019,38807,37212
13169,C4114,19,328,District - Jalpaiguri  (02),5-9,360302,184428,175874,272016,138946,133070,88286,45482,42804
13170,C4114,19,328,District - Jalpaiguri  (02),10-14,406444,206398,200046,308351,156282,152069,98093,50116,47977
13171,C4114,19,328,District - Jalpaiguri  (02),15-19,418483,213181,205302,318503,161810,156693,99980,51371,48609
13172,C4114,19,328,District - Jalpaiguri  (02),20-24,406785,204429,202356,302332,152584,149748,104453,51845,52608
13173,C4114,19,328,District - Jalpaiguri  (02),25-29,348053,178839,169214,246230,126927,119303,101823,51912,49911
13174,C4114,19,328,District - Jalpaiguri  (02),30-34,260607,133551,127056,176719,90347,86372,83888,43204,40684
13175,C4114,19,328,District - Jalpaiguri  (02),35-39,280678,139301,141377,194264,95684,98580,86414,43617,42797
13176,C4114,19,328,District - Jalpaiguri  (02),40-44,263429,132235,131194,187406,92668,94738,76023,39567,36456
13177,C4114,19,328,District - Jalpaiguri  (02),45-49,230735,119466,111269,163662,84352,79310,67073,35114,31959
13178,C4114,19,328,District - Jalpaiguri  (02),50-54,179013,98427,80586,126555,69680,56875,52458,28747,23711
13179,C4114,19,328,District - Jalpaiguri  (02),55-59,129912,70949,58963,90945,49654,41291,38967,21295,17672
13180,C4114,19,328,District - Jalpaiguri  (02),60-64,100521,52786,47735,69287,36303,32984,31234,16483,14751
13181,C4114,19,328,District - Jalpaiguri  (02),65-69,68820,35423,33397,46557,23869,22688,22263,11554,10709
13182,C4114,19,328,District - Jalpaiguri  (02),70-74,44061,22459,21602,29364,14973,14391,14697,7486,7211
13183,C4114,19,328,District - Jalpaiguri  (02),75-79,24475,12553,11922,16404,8479,7925,8071,4074,3997
13184,C4114,19,328,District - Jalpaiguri  (02),80+,28865,14296,14569,19114,9677,9437,9751,4619,5132
13185,C4114,19,328,District - Jalpaiguri  (02),Age not stated,2223,1240,983,1365,755,610,858,485,373
13186,C4114,19,329,District - Koch Bihar  (03),All ages,2819086,1451542,1367544,2529652,1304916,1224736,289434,146626,142808
13187,C4114,19,329,District - Koch Bihar  (03),0-4,239658,122985,116673,222134,113932,108202,17524,9053,8471
13188,C4114,19,329,District - Koch Bihar  (03),5-9,265512,136137,129375,245321,125702,119619,20191,10435,9756
13189,C4114,19,329,District - Koch Bihar  (03),10-14,299043,152091,146952,275827,140265,135562,23216,11826,11390
13190,C4114,19,329,District - Koch Bihar  (03),15-19,295924,155156,140768,271242,142670,128572,24682,12486,12196
13191,C4114,19,329,District - Koch Bihar  (03),20-24,280811,145285,135526,253607,132034,121573,27204,13251,13953
13192,C4114,19,329,District - Koch Bihar  (03),25-29,242372,126075,116297,215634,112790,102844,26738,13285,13453
13193,C4114,19,329,District - Koch Bihar  (03),30-34,186298,94876,91422,163082,83498,79584,23216,11378,11838
13194,C4114,19,329,District - Koch Bihar  (03),35-39,203866,101156,102710,179492,89035,90457,24374,12121,12253
13195,C4114,19,329,District - Koch Bihar  (03),40-44,194647,97663,96984,172172,86417,85755,22475,11246,11229
13196,C4114,19,329,District - Koch Bihar  (03),45-49,159835,82956,76879,139514,72542,66972,20321,10414,9907
13197,C4114,19,329,District - Koch Bihar  (03),50-54,135761,74615,61146,118661,65315,53346,17100,9300,7800
13198,C4114,19,329,District - Koch Bihar  (03),55-59,96738,52746,43992,83619,45490,38129,13119,7256,5863
13199,C4114,19,329,District - Koch Bihar  (03),60-64,80714,41846,38868,70519,36481,34038,10195,5365,4830
13200,C4114,19,329,District - Koch Bihar  (03),65-69,54612,27319,27293,47358,23714,23644,7254,3605,3649
13201,C4114,19,329,District - Koch Bihar  (03),70-74,35869,17535,18334,30934,15111,15823,4935,2424,2511
13202,C4114,19,329,District - Koch Bihar  (03),75-79,20344,9985,10359,17372,8555,8817,2972,1430,1542
13203,C4114,19,329,District - Koch Bihar  (03),80+,24723,11773,12950,21109,10190,10919,3614,1583,2031
13204,C4114,19,329,District - Koch Bihar  (03),Age not stated,2359,1343,1016,2055,1175,880,304,168,136
13205,C4114,19,330,District - Uttar Dinajpur (04),All ages,3007134,1551066,1456068,2644906,1362469,1282437,362228,188597,173631
13206,C4114,19,330,District - Uttar Dinajpur (04),0-4,327621,167748,159873,298936,153104,145832,28685,14644,14041
13207,C4114,19,330,District - Uttar Dinajpur (04),5-9,391308,200951,190357,354438,181761,172677,36870,19190,17680
13208,C4114,19,330,District - Uttar Dinajpur (04),10-14,396320,202042,194278,355686,180295,175391,40634,21747,18887
13209,C4114,19,330,District - Uttar Dinajpur (04),15-19,313924,165132,148792,281105,147386,133719,32819,17746,15073
13210,C4114,19,330,District - Uttar Dinajpur (04),20-24,260807,135557,125250,227650,118761,108889,33157,16796,16361
13211,C4114,19,330,District - Uttar Dinajpur (04),25-29,226053,113360,112693,194678,98082,96596,31375,15278,16097
13212,C4114,19,330,District - Uttar Dinajpur (04),30-34,191617,95013,96604,162240,80413,81827,29377,14600,14777
13213,C4114,19,330,District - Uttar Dinajpur (04),35-39,197364,99623,97741,168362,84734,83628,29002,14889,14113
13214,C4114,19,330,District - Uttar Dinajpur (04),40-44,173989,92681,81308,149079,79055,70024,24910,13626,11284
13215,C4114,19,330,District - Uttar Dinajpur (04),45-49,141889,74903,66986,121998,64276,57722,19891,10627,9264
13216,C4114,19,330,District - Uttar Dinajpur (04),50-54,113510,62295,51215,97206,53309,43897,16304,8986,7318
13217,C4114,19,330,District - Uttar Dinajpur (04),55-59,82754,43890,38864,70772,37339,33433,11982,6551,5431
13218,C4114,19,330,District - Uttar Dinajpur (04),60-64,74055,38634,35421,63985,33274,30711,10070,5360,4710
13219,C4114,19,330,District - Uttar Dinajpur (04),65-69,50582,26163,24419,43600,22549,21051,6982,3614,3368
13220,C4114,19,330,District - Uttar Dinajpur (04),70-74,31819,16324,15495,27098,13964,13134,4721,2360,2361
13221,C4114,19,330,District - Uttar Dinajpur (04),75-79,13873,6991,6882,11468,5811,5657,2405,1180,1225
13222,C4114,19,330,District - Uttar Dinajpur (04),80+,18562,9173,9389,15607,7812,7795,2955,1361,1594
13223,C4114,19,330,District - Uttar Dinajpur (04),Age not stated,1087,586,501,998,544,454,89,42,47
13224,C4114,19,331,District - Dakshin Dinajpur (05),All ages,1676276,857199,819077,1439981,737771,702210,236295,119428,116867
13225,C4114,19,331,District - Dakshin Dinajpur (05),0-4,128732,65459,63273,115878,58963,56915,12854,6496,6358
13226,C4114,19,331,District - Dakshin Dinajpur (05),5-9,156166,80001,76165,139751,71504,68247,16415,8497,7918
13227,C4114,19,331,District - Dakshin Dinajpur (05),10-14,184947,94151,90796,164410,83879,80531,20537,10272,10265
13228,C4114,19,331,District - Dakshin Dinajpur (05),15-19,173247,91640,81607,152425,80909,71516,20822,10731,10091
13229,C4114,19,331,District - Dakshin Dinajpur (05),20-24,154886,78486,76400,134431,68429,66002,20455,10057,10398
13230,C4114,19,331,District - Dakshin Dinajpur (05),25-29,139305,70029,69276,118964,60213,58751,20341,9816,10525
13231,C4114,19,331,District - Dakshin Dinajpur (05),30-34,119348,58537,60811,100325,49298,51027,19023,9239,9784
13232,C4114,19,331,District - Dakshin Dinajpur (05),35-39,130156,63626,66530,110373,53858,56515,19783,9768,10015
13233,C4114,19,331,District - Dakshin Dinajpur (05),40-44,116812,60862,55950,98377,51460,46917,18435,9402,9033
13234,C4114,19,331,District - Dakshin Dinajpur (05),45-49,99666,52664,47002,82755,43858,38897,16911,8806,8105
13235,C4114,19,331,District - Dakshin Dinajpur (05),50-54,78870,42785,36085,65171,35434,29737,13699,7351,6348
13236,C4114,19,331,District - Dakshin Dinajpur (05),55-59,58572,31058,27514,47661,25102,22559,10911,5956,4955
13237,C4114,19,331,District - Dakshin Dinajpur (05),60-64,52288,26926,25362,43300,22185,21115,8988,4741,4247
13238,C4114,19,331,District - Dakshin Dinajpur (05),65-69,34945,17425,17520,28469,14104,14365,6476,3321,3155
13239,C4114,19,331,District - Dakshin Dinajpur (05),70-74,22706,11250,11456,18161,8993,9168,4545,2257,2288
13240,C4114,19,331,District - Dakshin Dinajpur (05),75-79,10612,5191,5421,8119,4017,4102,2493,1174,1319
13241,C4114,19,331,District - Dakshin Dinajpur (05),80+,13430,6258,7172,10164,4880,5284,3266,1378,1888
13242,C4114,19,331,District - Dakshin Dinajpur (05),Age not stated,1588,851,737,1247,685,562,341,166,175
13243,C4114,19,332,District - Maldah  (06),All ages,3988845,2051541,1937304,3447185,1768336,1678849,541660,283205,258455
13244,C4114,19,332,District - Maldah  (06),0-4,416149,212264,203885,364430,185323,179107,51719,26941,24778
13245,C4114,19,332,District - Maldah  (06),5-9,475336,243488,231848,418984,213713,205271,56352,29775,26577
13246,C4114,19,332,District - Maldah  (06),10-14,504830,257234,247596,450334,229325,221009,54496,27909,26587
13247,C4114,19,332,District - Maldah  (06),15-19,423386,222799,200587,369380,195038,174342,54006,27761,26245
13248,C4114,19,332,District - Maldah  (06),20-24,373432,190476,182956,319756,162530,157226,53676,27946,25730
13249,C4114,19,332,District - Maldah  (06),25-29,317871,161639,156232,271870,137847,134023,46001,23792,22209
13250,C4114,19,332,District - Maldah  (06),30-34,258444,130697,127747,219309,110731,108578,39135,19966,19169
13251,C4114,19,332,District - Maldah  (06),35-39,267942,134130,133812,227511,113433,114078,40431,20697,19734
13252,C4114,19,332,District - Maldah  (06),40-44,237806,125743,112063,201545,106226,95319,36261,19517,16744
13253,C4114,19,332,District - Maldah  (06),45-49,191091,101193,89898,160782,84563,76219,30309,16630,13679
13254,C4114,19,332,District - Maldah  (06),50-54,154046,84388,69658,130142,71051,59091,23904,13337,10567
13255,C4114,19,332,District - Maldah  (06),55-59,111462,58905,52557,94246,49411,44835,17216,9494,7722
13256,C4114,19,332,District - Maldah  (06),60-64,98075,50256,47819,83751,42706,41045,14324,7550,6774
13257,C4114,19,332,District - Maldah  (06),65-69,67923,33908,34015,58347,28966,29381,9576,4942,4634
13258,C4114,19,332,District - Maldah  (06),70-74,43904,21786,22118,37479,18504,18975,6425,3282,3143
13259,C4114,19,332,District - Maldah  (06),75-79,19220,9378,9842,16142,7868,8274,3078,1510,1568
13260,C4114,19,332,District - Maldah  (06),80+,25492,11970,13522,21403,10164,11239,4089,1806,2283
13261,C4114,19,332,District - Maldah  (06),Age not stated,2436,1287,1149,1774,937,837,662,350,312
13262,C4114,19,333,District - Murshidabad  (07),All ages,7103807,3627564,3476243,5703115,2917822,2785293,1400692,709742,690950
13263,C4114,19,333,District - Murshidabad  (07),0-4,706535,359130,347405,566535,288018,278517,140000,71112,68888
13264,C4114,19,333,District - Murshidabad  (07),5-9,774855,393757,381098,622634,316547,306087,152221,77210,75011
13265,C4114,19,333,District - Murshidabad  (07),10-14,843488,428602,414886,682727,347296,335431,160761,81306,79455
13266,C4114,19,333,District - Murshidabad  (07),15-19,786792,408705,378087,630936,330478,300458,155856,78227,77629
13267,C4114,19,333,District - Murshidabad  (07),20-24,707320,358789,348531,567285,288562,278723,140035,70227,69808
13268,C4114,19,333,District - Murshidabad  (07),25-29,571574,289877,281697,459998,233379,226619,111576,56498,55078
13269,C4114,19,333,District - Murshidabad  (07),30-34,469431,237803,231628,375181,190153,185028,94250,47650,46600
13270,C4114,19,333,District - Murshidabad  (07),35-39,478875,241537,237338,383611,193792,189819,95264,47745,47519
13271,C4114,19,333,District - Murshidabad  (07),40-44,425001,222644,202357,340363,178841,161522,84638,43803,40835
13272,C4114,19,333,District - Murshidabad  (07),45-49,344287,181408,162879,274614,144924,129690,69673,36484,33189
13273,C4114,19,333,District - Murshidabad  (07),50-54,281335,152274,129061,223773,121687,102086,57562,30587,26975
13274,C4114,19,333,District - Murshidabad  (07),55-59,210112,110554,99558,167077,87788,79289,43035,22766,20269
13275,C4114,19,333,District - Murshidabad  (07),60-64,185829,93551,92278,150119,75772,74347,35710,17779,17931
13276,C4114,19,333,District - Murshidabad  (07),65-69,131202,63544,67658,106286,51241,55045,24916,12303,12613
13277,C4114,19,333,District - Murshidabad  (07),70-74,89694,42127,47567,72852,34158,38694,16842,7969,8873
13278,C4114,19,333,District - Murshidabad  (07),75-79,42383,19239,23144,34108,15489,18619,8275,3750,4525
13279,C4114,19,333,District - Murshidabad  (07),80+,50858,21767,29091,41412,17804,23608,9446,3963,5483
13280,C4114,19,333,District - Murshidabad  (07),Age not stated,4236,2256,1980,3604,1893,1711,632,363,269
13281,C4114,19,334,District - Birbhum (08),All ages,3502404,1790920,1711484,3052956,1561976,1490980,449448,228944,220504
13282,C4114,19,334,District - Birbhum (08),0-4,310179,157914,152265,277494,141039,136455,32685,16875,15810
13283,C4114,19,334,District - Birbhum (08),5-9,342095,174869,167226,305273,155910,149363,36822,18959,17863
13284,C4114,19,334,District - Birbhum (08),10-14,372912,191145,181767,332016,170111,161905,40896,21034,19862
13285,C4114,19,334,District - Birbhum (08),15-19,353567,189216,164351,310481,167079,143402,43086,22137,20949
13286,C4114,19,334,District - Birbhum (08),20-24,330649,166434,164215,287747,145010,142737,42902,21424,21478
13287,C4114,19,334,District - Birbhum (08),25-29,299253,151632,147621,258948,131626,127322,40305,20006,20299
13288,C4114,19,334,District - Birbhum (08),30-34,258200,130578,127622,222291,112649,109642,35909,17929,17980
13289,C4114,19,334,District - Birbhum (08),35-39,260187,129523,130664,224095,111628,112467,36092,17895,18197
13290,C4114,19,334,District - Birbhum (08),40-44,230784,120000,110784,198881,103684,95197,31903,16316,15587
13291,C4114,19,334,District - Birbhum (08),45-49,202888,105791,97097,174063,91098,82965,28825,14693,14132
13292,C4114,19,334,District - Birbhum (08),50-54,159749,85734,74015,136489,73306,63183,23260,12428,10832
13293,C4114,19,334,District - Birbhum (08),55-59,122840,64098,58742,104497,54357,50140,18343,9741,8602
13294,C4114,19,334,District - Birbhum (08),60-64,105292,51711,53581,90493,44139,46354,14799,7572,7227
13295,C4114,19,334,District - Birbhum (08),65-69,71160,34064,37096,60713,28591,32122,10447,5473,4974
13296,C4114,19,334,District - Birbhum (08),70-74,43046,20109,22937,36602,16854,19748,6444,3255,3189
13297,C4114,19,334,District - Birbhum (08),75-79,18970,8670,10300,15862,7135,8727,3108,1535,1573
13298,C4114,19,334,District - Birbhum (08),80+,18406,8213,10193,15128,6728,8400,3278,1485,1793
13299,C4114,19,334,District - Birbhum (08),Age not stated,2227,1219,1008,1883,1032,851,344,187,157
13300,C4114,19,335,District - Barddhaman  (09),All ages,7717563,3966889,3750674,4639264,2373787,2265477,3078299,1593102,1485197
13301,C4114,19,335,District - Barddhaman  (09),0-4,577766,295690,282076,358265,182438,175827,219501,113252,106249
13302,C4114,19,335,District - Barddhaman  (09),5-9,644457,329995,314462,392996,200437,192559,251461,129558,121903
13303,C4114,19,335,District - Barddhaman  (09),10-14,724818,371927,352891,450430,230766,219664,274388,141161,133227
13304,C4114,19,335,District - Barddhaman  (09),15-19,760051,396683,363368,460631,241786,218845,299420,154897,144523
13305,C4114,19,335,District - Barddhaman  (09),20-24,747485,378406,369079,441100,223275,217825,306385,155131,151254
13306,C4114,19,335,District - Barddhaman  (09),25-29,694843,353766,341077,408532,207256,201276,286311,146510,139801
13307,C4114,19,335,District - Barddhaman  (09),30-34,615277,312098,303179,364699,183653,181046,250578,128445,122133
13308,C4114,19,335,District - Barddhaman  (09),35-39,620820,312049,308771,373568,187126,186442,247252,124923,122329
13309,C4114,19,335,District - Barddhaman  (09),40-44,547461,287628,259833,329612,172271,157341,217849,115357,102492
13310,C4114,19,335,District - Barddhaman  (09),45-49,481985,256120,225865,288961,153889,135072,193024,102231,90793
13311,C4114,19,335,District - Barddhaman  (09),50-54,376986,204631,172355,222876,121985,100891,154110,82646,71464
13312,C4114,19,335,District - Barddhaman  (09),55-59,290236,155703,134533,168205,89856,78349,122031,65847,56184
13313,C4114,19,335,District - Barddhaman  (09),60-64,233209,117615,115594,136392,67644,68748,96817,49971,46846
13314,C4114,19,335,District - Barddhaman  (09),65-69,160458,79275,81183,96087,45216,50871,64371,34059,30312
13315,C4114,19,335,District - Barddhaman  (09),70-74,112641,55340,57301,68266,31265,37001,44375,24075,20300
13316,C4114,19,335,District - Barddhaman  (09),75-79,56433,26730,29703,34984,15689,19295,21449,11041,10408
13317,C4114,19,335,District - Barddhaman  (09),80+,62950,28048,34902,38694,16569,22125,24256,11479,12777
13318,C4114,19,335,District - Barddhaman  (09),Age not stated,9687,5185,4502,4966,2666,2300,4721,2519,2202
13319,C4114,19,336,District - Nadia  (10),All ages,5167600,2653768,2513832,3728727,1921112,1807615,1438873,732656,706217
13320,C4114,19,336,District - Nadia  (10),0-4,365403,186241,179162,283080,144097,138983,82323,42144,40179
13321,C4114,19,336,District - Nadia  (10),5-9,418583,213093,205490,321903,163788,158115,96680,49305,47375
13322,C4114,19,336,District - Nadia  (10),10-14,492315,251588,240727,379881,193999,185882,112434,57589,54845
13323,C4114,19,336,District - Nadia  (10),15-19,505495,264003,241492,381588,201097,180491,123907,62906,61001
13324,C4114,19,336,District - Nadia  (10),20-24,505782,257352,248430,371206,190440,180766,134576,66912,67664
13325,C4114,19,336,District - Nadia  (10),25-29,458250,233991,224259,326176,167216,158960,132074,66775,65299
13326,C4114,19,336,District - Nadia  (10),30-34,383899,195585,188314,265795,135681,130114,118104,59904,58200
13327,C4114,19,336,District - Nadia  (10),35-39,411793,206710,205083,289685,145766,143919,122108,60944,61164
13328,C4114,19,336,District - Nadia  (10),40-44,375410,195909,179501,264006,138811,125195,111404,57098,54306
13329,C4114,19,336,District - Nadia  (10),45-49,313884,166575,147309,213567,114910,98657,100317,51665,48652
13330,C4114,19,336,District - Nadia  (10),50-54,257395,142486,114909,173752,97508,76244,83643,44978,38665
13331,C4114,19,336,District - Nadia  (10),55-59,191060,103708,87352,126197,68311,57886,64863,35397,29466
13332,C4114,19,336,District - Nadia  (10),60-64,162203,83419,78784,110124,56194,53930,52079,27225,24854
13333,C4114,19,336,District - Nadia  (10),65-69,119829,58361,61468,81452,38968,42484,38377,19393,18984
13334,C4114,19,336,District - Nadia  (10),70-74,91260,43351,47909,62753,29610,33143,28507,13741,14766
13335,C4114,19,336,District - Nadia  (10),75-79,50267,23508,26759,33559,15609,17950,16708,7899,8809
13336,C4114,19,336,District - Nadia  (10),80+,62403,26525,35878,42432,18190,24242,19971,8335,11636
13337,C4114,19,336,District - Nadia  (10),Age not stated,2369,1363,1006,1571,917,654,798,446,352
13338,C4114,19,337,District - North Twenty Four Parganas (11),All ages,10009781,5119389,4890392,4277619,2196554,2081065,5732162,2922835,2809327
13339,C4114,19,337,District - North Twenty Four Parganas (11),0-4,666917,340639,326278,345546,176283,169263,321371,164356,157015
13340,C4114,19,337,District - North Twenty Four Parganas (11),5-9,763631,390754,372877,379693,193070,186623,383938,197684,186254
13341,C4114,19,337,District - North Twenty Four Parganas (11),10-14,876441,448930,427511,433364,220760,212604,443077,228170,214907
13342,C4114,19,337,District - North Twenty Four Parganas (11),15-19,928370,472771,455599,460466,233929,226537,467904,238842,229062
13343,C4114,19,337,District - North Twenty Four Parganas (11),20-24,961606,480072,481534,456237,231189,225048,505369,248883,256486
13344,C4114,19,337,District - North Twenty Four Parganas (11),25-29,907911,455845,452066,385809,201155,184654,522102,254690,267412
13345,C4114,19,337,District - North Twenty Four Parganas (11),30-34,788781,396950,391831,303316,155920,147396,485465,241030,244435
13346,C4114,19,337,District - North Twenty Four Parganas (11),35-39,815657,404930,410727,317805,158465,159340,497852,246465,251387
13347,C4114,19,337,District - North Twenty Four Parganas (11),40-44,725029,376689,348340,281098,146384,134714,443931,230305,213626
13348,C4114,19,337,District - North Twenty Four Parganas (11),45-49,639529,336089,303440,235553,125667,109886,403976,210422,193554
13349,C4114,19,337,District - North Twenty Four Parganas (11),50-54,521948,284300,237648,186119,103002,83117,335829,181298,154531
13350,C4114,19,337,District - North Twenty Four Parganas (11),55-59,405620,218807,186813,139995,75643,64352,265625,143164,122461
13351,C4114,19,337,District - North Twenty Four Parganas (11),60-64,336726,176696,160030,118223,61390,56833,218503,115306,103197
13352,C4114,19,337,District - North Twenty Four Parganas (11),65-69,241918,124044,117874,86606,43053,43553,155312,80991,74321
13353,C4114,19,337,District - North Twenty Four Parganas (11),70-74,178592,90784,87808,62119,30120,31999,116473,60664,55809
13354,C4114,19,337,District - North Twenty Four Parganas (11),75-79,99905,49624,50281,33897,16263,17634,66008,33361,32647
13355,C4114,19,337,District - North Twenty Four Parganas (11),80+,136434,63950,72484,48054,22356,25698,88380,41594,46786
13356,C4114,19,337,District - North Twenty Four Parganas (11),Age not stated,14766,7515,7251,3719,1905,1814,11047,5610,5437
13357,C4114,19,338,District - Hugli  (12),All ages,5519145,2814653,2704492,3390646,1722945,1667701,2128499,1091708,1036791
13358,C4114,19,338,District - Hugli  (12),0-4,372791,190723,182068,245367,125455,119912,127424,65268,62156
13359,C4114,19,338,District - Hugli  (12),5-9,413526,211097,202429,265421,135095,130326,148105,76002,72103
13360,C4114,19,338,District - Hugli  (12),10-14,480627,244663,235964,313493,158418,155075,167134,86245,80889
13361,C4114,19,338,District - Hugli  (12),15-19,507641,259008,248633,329488,167911,161577,178153,91097,87056
13362,C4114,19,338,District - Hugli  (12),20-24,505273,250851,254422,317620,157813,159807,187653,93038,94615
13363,C4114,19,338,District - Hugli  (12),25-29,486631,242070,244561,295403,147125,148278,191228,94945,96283
13364,C4114,19,338,District - Hugli  (12),30-34,447694,223936,223758,270283,134536,135747,177411,89400,88011
13365,C4114,19,338,District - Hugli  (12),35-39,466417,234150,232267,285387,142772,142615,181030,91378,89652
13366,C4114,19,338,District - Hugli  (12),40-44,405739,211297,194442,246346,128623,117723,159393,82674,76719
13367,C4114,19,338,District - Hugli  (12),45-49,368356,194087,174269,219235,117044,102191,149121,77043,72078
13368,C4114,19,338,District - Hugli  (12),50-54,291306,159040,132266,166173,91637,74536,125133,67403,57730
13369,C4114,19,338,District - Hugli  (12),55-59,227351,123047,104304,128354,69449,58905,98997,53598,45399
13370,C4114,19,338,District - Hugli  (12),60-64,184593,95595,88998,102817,52084,50733,81776,43511,38265
13371,C4114,19,338,District - Hugli  (12),65-69,137113,69058,68055,79053,38436,40617,58060,30622,27438
13372,C4114,19,338,District - Hugli  (12),70-74,101175,49680,51495,57464,26716,30748,43711,22964,20747
13373,C4114,19,338,District - Hugli  (12),75-79,56939,27418,29521,32197,14659,17538,24742,12759,11983
13374,C4114,19,338,District - Hugli  (12),80+,62344,26962,35382,34798,14259,20539,27546,12703,14843
13375,C4114,19,338,District - Hugli  (12),Age not stated,3629,1971,1658,1747,913,834,1882,1058,824
13376,C4114,19,339,District - Bankura  (13),All ages,3596674,1838095,1758579,3296901,1685777,1611124,299773,152318,147455
13377,C4114,19,339,District - Bankura  (13),0-4,288842,148142,140700,270260,138724,131536,18582,9418,9164
13378,C4114,19,339,District - Bankura  (13),5-9,322304,164307,157997,300878,153326,147552,21426,10981,10445
13379,C4114,19,339,District - Bankura  (13),10-14,357373,183159,174214,332467,170257,162210,24906,12902,12004
13380,C4114,19,339,District - Bankura  (13),15-19,340595,184570,156025,314160,171008,143152,26435,13562,12873
13381,C4114,19,339,District - Bankura  (13),20-24,325766,166383,159383,298448,152712,145736,27318,13671,13647
13382,C4114,19,339,District - Bankura  (13),25-29,307455,155697,151758,280927,142501,138426,26528,13196,13332
13383,C4114,19,339,District - Bankura  (13),30-34,275893,138457,137436,251193,126076,125117,24700,12381,12319
13384,C4114,19,339,District - Bankura  (13),35-39,282390,142733,139657,257125,130217,126908,25265,12516,12749
13385,C4114,19,339,District - Bankura  (13),40-44,241398,126590,114808,219026,114887,104139,22372,11703,10669
13386,C4114,19,339,District - Bankura  (13),45-49,215083,113050,102033,194672,102473,92199,20411,10577,9834
13387,C4114,19,339,District - Bankura  (13),50-54,167831,89309,78522,151228,80601,70627,16603,8708,7895
13388,C4114,19,339,District - Bankura  (13),55-59,136177,70408,65769,122494,63159,59335,13683,7249,6434
13389,C4114,19,339,District - Bankura  (13),60-64,117980,56509,61471,107034,51007,56027,10946,5502,5444
13390,C4114,19,339,District - Bankura  (13),65-69,90450,41668,48782,82040,37502,44538,8410,4166,4244
13391,C4114,19,339,District - Bankura  (13),70-74,62546,28730,33816,56833,25906,30927,5713,2824,2889
13392,C4114,19,339,District - Bankura  (13),75-79,31841,14299,17542,28797,12847,15950,3044,1452,1592
13393,C4114,19,339,District - Bankura  (13),80+,31009,13132,17877,27885,11774,16111,3124,1358,1766
13394,C4114,19,339,District - Bankura  (13),Age not stated,1741,952,789,1434,800,634,307,152,155
13395,C4114,19,340,District - Puruliya (14),All ages,2930115,1496996,1433119,2556801,1304208,1252593,373314,192788,180526
13396,C4114,19,340,District - Puruliya (14),0-4,281197,143642,137555,250332,127780,122552,30865,15862,15003
13397,C4114,19,340,District - Puruliya (14),5-9,310968,159380,151588,276099,141082,135017,34869,18298,16571
13398,C4114,19,340,District - Puruliya (14),10-14,314565,160266,154299,277625,141383,136242,36940,18883,18057
13399,C4114,19,340,District - Puruliya (14),15-19,278243,150466,127777,241158,131076,110082,37085,19390,17695
13400,C4114,19,340,District - Puruliya (14),20-24,253676,129160,124516,218969,111516,107453,34707,17644,17063
13401,C4114,19,340,District - Puruliya (14),25-29,239408,121056,118352,206885,104534,102351,32523,16522,16001
13402,C4114,19,340,District - Puruliya (14),30-34,208452,104372,104080,179835,89858,89977,28617,14514,14103
13403,C4114,19,340,District - Puruliya (14),35-39,212899,108056,104843,184442,93682,90760,28457,14374,14083
13404,C4114,19,340,District - Puruliya (14),40-44,185066,96531,88535,160298,83391,76907,24768,13140,11628
13405,C4114,19,340,District - Puruliya (14),45-49,158359,82767,75592,136356,71133,65223,22003,11634,10369
13406,C4114,19,340,District - Puruliya (14),50-54,126346,66449,59897,109276,57298,51978,17070,9151,7919
13407,C4114,19,340,District - Puruliya (14),55-59,102878,51084,51794,88995,43529,45466,13883,7555,6328
13408,C4114,19,340,District - Puruliya (14),60-64,98346,46947,51399,86883,41263,45620,11463,5684,5779
13409,C4114,19,340,District - Puruliya (14),65-69,70536,33978,36558,62512,29932,32580,8024,4046,3978
13410,C4114,19,340,District - Puruliya (14),70-74,45096,21788,23308,39695,19048,20647,5401,2740,2661
13411,C4114,19,340,District - Puruliya (14),75-79,20809,9806,11003,18092,8460,9632,2717,1346,1371
13412,C4114,19,340,District - Puruliya (14),80+,20155,9582,10573,17237,8131,9106,2918,1451,1467
13413,C4114,19,340,District - Puruliya (14),Age not stated,3116,1666,1450,2112,1112,1000,1004,554,450
13414,C4114,19,341,District - Haora  (15),All ages,4850029,2500819,2349210,1775885,909519,866366,3074144,1591300,1482844
13415,C4114,19,341,District - Haora  (15),0-4,365232,185740,179492,145732,74101,71631,219500,111639,107861
13416,C4114,19,341,District - Haora  (15),5-9,397598,203788,193810,151774,77323,74451,245824,126465,119359
13417,C4114,19,341,District - Haora  (15),10-14,442820,226893,215927,170131,86370,83761,272689,140523,132166
13418,C4114,19,341,District - Haora  (15),15-19,473223,241434,231789,183231,93055,90176,289992,148379,141613
13419,C4114,19,341,District - Haora  (15),20-24,469745,235349,234396,176035,88234,87801,293710,147115,146595
13420,C4114,19,341,District - Haora  (15),25-29,438546,219710,218836,160207,80600,79607,278339,139110,139229
13421,C4114,19,341,District - Haora  (15),30-34,399263,205505,193758,142275,73586,68689,256988,131919,125069
13422,C4114,19,341,District - Haora  (15),35-39,396845,204183,192662,141564,73095,68469,255281,131088,124193
13423,C4114,19,341,District - Haora  (15),40-44,333497,178863,154634,116479,62328,54151,217018,116535,100483
13424,C4114,19,341,District - Haora  (15),45-49,293699,158182,135517,99398,53457,45941,194301,104725,89576
13425,C4114,19,341,District - Haora  (15),50-54,230490,126904,103586,76250,41844,34406,154240,85060,69180
13426,C4114,19,341,District - Haora  (15),55-59,175479,95245,80234,58378,31195,27183,117101,64050,53051
13427,C4114,19,341,District - Haora  (15),60-64,144972,75810,69162,49124,24686,24438,95848,51124,44724
13428,C4114,19,341,District - Haora  (15),65-69,107733,54909,52824,39825,19442,20383,67908,35467,32441
13429,C4114,19,341,District - Haora  (15),70-74,80000,40164,39836,29253,13748,15505,50747,26416,24331
13430,C4114,19,341,District - Haora  (15),75-79,43527,21549,21978,16211,7706,8505,27316,13843,13473
13431,C4114,19,341,District - Haora  (15),80+,50903,22963,27940,18472,7859,10613,32431,15104,17327
13432,C4114,19,341,District - Haora  (15),Age not stated,6457,3628,2829,1546,890,656,4911,2738,2173
13433,C4114,19,342,District - Kolkata (16),All ages,4496694,2356766,2139928,0,0,0,4496694,2356766,2139928
13434,C4114,19,342,District - Kolkata (16),0-4,231308,119562,111746,0,0,0,231308,119562,111746
13435,C4114,19,342,District - Kolkata (16),5-9,280072,144965,135107,0,0,0,280072,144965,135107
13436,C4114,19,342,District - Kolkata (16),10-14,336850,176065,160785,0,0,0,336850,176065,160785
13437,C4114,19,342,District - Kolkata (16),15-19,370514,193986,176528,0,0,0,370514,193986,176528
13438,C4114,19,342,District - Kolkata (16),20-24,400295,206756,193539,0,0,0,400295,206756,193539
13439,C4114,19,342,District - Kolkata (16),25-29,406350,207402,198948,0,0,0,406350,207402,198948
13440,C4114,19,342,District - Kolkata (16),30-34,380075,196471,183604,0,0,0,380075,196471,183604
13441,C4114,19,342,District - Kolkata (16),35-39,385735,197996,187739,0,0,0,385735,197996,187739
13442,C4114,19,342,District - Kolkata (16),40-44,347243,187074,160169,0,0,0,347243,187074,160169
13443,C4114,19,342,District - Kolkata (16),45-49,320261,171269,148992,0,0,0,320261,171269,148992
13444,C4114,19,342,District - Kolkata (16),50-54,270623,148476,122147,0,0,0,270623,148476,122147
13445,C4114,19,342,District - Kolkata (16),55-59,214992,117306,97686,0,0,0,214992,117306,97686
13446,C4114,19,342,District - Kolkata (16),60-64,182158,97420,84738,0,0,0,182158,97420,84738
13447,C4114,19,342,District - Kolkata (16),65-69,124809,65346,59463,0,0,0,124809,65346,59463
13448,C4114,19,342,District - Kolkata (16),70-74,97003,50819,46184,0,0,0,97003,50819,46184
13449,C4114,19,342,District - Kolkata (16),75-79,56360,29080,27280,0,0,0,56360,29080,27280
13450,C4114,19,342,District - Kolkata (16),80+,68824,33331,35493,0,0,0,68824,33331,35493
13451,C4114,19,342,District - Kolkata (16),Age not stated,23222,13442,9780,0,0,0,23222,13442,9780
13452,C4114,19,343,District - South Twenty Four Parganas (17),All ages,8161961,4173778,3988183,6074188,3109219,2964969,2087773,1064559,1023214
13453,C4114,19,343,District - South Twenty Four Parganas (17),0-4,718069,365099,352970,564164,286329,277835,153905,78770,75135
13454,C4114,19,343,District - South Twenty Four Parganas (17),5-9,787864,401711,386153,619479,315800,303679,168385,85911,82474
13455,C4114,19,343,District - South Twenty Four Parganas (17),10-14,843807,430349,413458,657350,334540,322810,186457,95809,90648
13456,C4114,19,343,District - South Twenty Four Parganas (17),15-19,837800,424440,413360,642234,325804,316430,195566,98636,96930
13457,C4114,19,343,District - South Twenty Four Parganas (17),20-24,822249,409187,413062,618682,310109,308573,203567,99078,104489
13458,C4114,19,343,District - South Twenty Four Parganas (17),25-29,754154,382071,372083,556772,285201,271571,197382,96870,100512
13459,C4114,19,343,District - South Twenty Four Parganas (17),30-34,613297,314686,298611,439683,227191,212492,173614,87495,86119
13460,C4114,19,343,District - South Twenty Four Parganas (17),35-39,604107,307950,296157,430818,220291,210527,173289,87659,85630
13461,C4114,19,343,District - South Twenty Four Parganas (17),40-44,499013,263158,235855,353699,186450,167249,145314,76708,68606
13462,C4114,19,343,District - South Twenty Four Parganas (17),45-49,435057,229862,205195,306448,161892,144556,128609,67970,60639
13463,C4114,19,343,District - South Twenty Four Parganas (17),50-54,332735,179740,152995,232934,125758,107176,99801,53982,45819
13464,C4114,19,343,District - South Twenty Four Parganas (17),55-59,260900,138514,122386,184167,97400,86767,76733,41114,35619
13465,C4114,19,343,District - South Twenty Four Parganas (17),60-64,219190,112654,106536,155775,79445,76330,63415,33209,30206
13466,C4114,19,343,District - South Twenty Four Parganas (17),65-69,165457,84274,81183,120345,60788,59557,45112,23486,21626
13467,C4114,19,343,District - South Twenty Four Parganas (17),70-74,114121,56635,57486,81713,40182,41531,32408,16453,15955
13468,C4114,19,343,District - South Twenty Four Parganas (17),75-79,62014,30600,31414,44462,21629,22833,17552,8971,8581
13469,C4114,19,343,District - South Twenty Four Parganas (17),80+,81141,36783,44358,58338,26472,31866,22803,10311,12492
13470,C4114,19,343,District - South Twenty Four Parganas (17),Age not stated,10986,6065,4921,7125,3938,3187,3861,2127,1734
13471,C4114,19,344,District - Paschim Medinipur (18),All ages,5913457,3007885,2905572,5190771,2641721,2549050,722686,366164,356522
13472,C4114,19,344,District - Paschim Medinipur (18),0-4,474448,241415,233033,427444,217654,209790,47004,23761,23243
13473,C4114,19,344,District - Paschim Medinipur (18),5-9,528461,269469,258992,474950,242187,232763,53511,27282,26229
13474,C4114,19,344,District - Paschim Medinipur (18),10-14,585212,297486,287726,525083,267185,257898,60129,30301,29828
13475,C4114,19,344,District - Paschim Medinipur (18),15-19,579423,301240,278183,514887,268489,246398,64536,32751,31785
13476,C4114,19,344,District - Paschim Medinipur (18),20-24,558646,278273,280373,489640,244400,245240,69006,33873,35133
13477,C4114,19,344,District - Paschim Medinipur (18),25-29,517781,258178,259603,452104,225703,226401,65677,32475,33202
13478,C4114,19,344,District - Paschim Medinipur (18),30-34,446133,222062,224071,387639,193457,194182,58494,28605,29889
13479,C4114,19,344,District - Paschim Medinipur (18),35-39,464706,228199,236507,405178,199164,206014,59528,29035,30493
13480,C4114,19,344,District - Paschim Medinipur (18),40-44,402453,208586,193867,349878,181681,168197,52575,26905,25670
13481,C4114,19,344,District - Paschim Medinipur (18),45-49,350958,185030,165928,302973,160553,142420,47985,24477,23508
13482,C4114,19,344,District - Paschim Medinipur (18),50-54,272769,149157,123612,233684,128146,105538,39085,21011,18074
13483,C4114,19,344,District - Paschim Medinipur (18),55-59,210090,111730,98360,179911,95428,84483,30179,16302,13877
13484,C4114,19,344,District - Paschim Medinipur (18),60-64,174579,87211,87368,151327,75639,75688,23252,11572,11680
13485,C4114,19,344,District - Paschim Medinipur (18),65-69,133636,65456,68180,115957,56439,59518,17679,9017,8662
13486,C4114,19,344,District - Paschim Medinipur (18),70-74,92011,43774,48237,79836,37859,41977,12175,5915,6260
13487,C4114,19,344,District - Paschim Medinipur (18),75-79,50464,23869,26595,43575,20451,23124,6889,3418,3471
13488,C4114,19,344,District - Paschim Medinipur (18),80+,56630,26575,30055,48913,23033,25880,7717,3542,4175
13489,C4114,19,344,District - Paschim Medinipur (18),Age not stated,15057,10175,4882,7792,4253,3539,7265,5922,1343
13490,C4114,19,345,District - Purba Medinipur (19),All ages,5095875,2629834,2466041,4503161,2322562,2180599,592714,307272,285442
13491,C4114,19,345,District - Purba Medinipur (19),0-4,412443,211691,200752,367887,188946,178941,44556,22745,21811
13492,C4114,19,345,District - Purba Medinipur (19),5-9,452047,231086,220961,402753,205882,196871,49294,25204,24090
13493,C4114,19,345,District - Purba Medinipur (19),10-14,505569,258527,247042,449869,229992,219877,55700,28535,27165
13494,C4114,19,345,District - Purba Medinipur (19),15-19,522970,271400,251570,460459,238623,221836,62511,32777,29734
13495,C4114,19,345,District - Purba Medinipur (19),20-24,508380,260662,247718,446162,228036,218126,62218,32626,29592
13496,C4114,19,345,District - Purba Medinipur (19),25-29,465269,237067,228202,409926,209210,200716,55343,27857,27486
13497,C4114,19,345,District - Purba Medinipur (19),30-34,389515,199510,190005,342645,175589,167056,46870,23921,22949
13498,C4114,19,345,District - Purba Medinipur (19),35-39,386922,195730,191192,340116,171971,168145,46806,23759,23047
13499,C4114,19,345,District - Purba Medinipur (19),40-44,324500,171747,152753,285443,151161,134282,39057,20586,18471
13500,C4114,19,345,District - Purba Medinipur (19),45-49,283305,148900,134405,248415,130611,117804,34890,18289,16601
13501,C4114,19,345,District - Purba Medinipur (19),50-54,220847,120536,100311,193763,105674,88089,27084,14862,12222
13502,C4114,19,345,District - Purba Medinipur (19),55-59,179158,96373,82785,157720,84521,73199,21438,11852,9586
13503,C4114,19,345,District - Purba Medinipur (19),60-64,142564,73737,68827,126683,65307,61376,15881,8430,7451
13504,C4114,19,345,District - Purba Medinipur (19),65-69,116826,58518,58308,104697,52222,52475,12129,6296,5833
13505,C4114,19,345,District - Purba Medinipur (19),70-74,80107,40957,39150,72015,36793,35222,8092,4164,3928
13506,C4114,19,345,District - Purba Medinipur (19),75-79,47480,24282,23198,42722,21925,20797,4758,2357,2401
13507,C4114,19,345,District - Purba Medinipur (19),80+,55043,27355,27688,49480,24741,24739,5563,2614,2949
13508,C4114,19,345,District - Purba Medinipur (19),Age not stated,2930,1756,1174,2406,1358,1048,524,398,126
